#x Curve1
0.1 0.098622
0.198627 0.0976378
0.300906 0.0968504
0.394529 0.0954724
0.49 0.094685
0.597683 0.0937008
0.703168 0.0927165
0.797923 0.0917323
0.905446 0.090748
1.12455 0.0885827
1.58489 0.0850394
1.96842 0.0824803
2.98201 0.0771654
3.98107 0.0724409
5.03455 0.0687008
6.03104 0.0655512
7.49048 0.061811
9.64526 0.0572835
13.3503 0.0521654
19.8627 0.0456693
27.4926 0.0403543
38.0533 0.0356299
55.603 0.030315
81.2464 0.0257874
112.455 0.0222441
173.467 0.0181102
235.803 0.0155512
332.329 0.013189
476.904 0.0108268
614.095 0.00964567
790.75 0.00905512
982.103 0.00885827


