#x tau0
0.0253214 -0.0157791
0.0431274 -0.0281065
0.0609257 -0.035503
0.0767516 -0.0453649
0.0945498 -0.0527613
0.112352 -0.0626233
0.128174 -0.0700197
0.144 -0.0798817
0.161794 -0.0848126
0.179592 -0.0922091
0.19541 -0.09714
0.211232 -0.104536
0.227054 -0.111933
0.2409 -0.119329
0.258698 -0.126726
0.27056 -0.129191
0.286378 -0.134122
0.304176 -0.141519
0.318018 -0.14645
0.33582 -0.156312
0.351638 -0.161243
0.371413 -0.168639
0.389211 -0.176036
0.408986 -0.183432
0.42678 -0.188363
0.446551 -0.193294
0.464345 -0.198225
0.484116 -0.203156
0.61848 -0.188363
0.636251 -0.178501
0.652041 -0.166174
0.695449 -0.121795
0.709252 -0.102071
0.721083 -0.0848126
0.732909 -0.0650888
0.774271 0.0236686
0.784117 0.045858
0.795924 0.0779093
0.803794 0.100099
0.809684 0.124753
0.817554 0.146943
0.825424 0.169132
0.835247 0.206114
0.841137 0.230769
0.849007 0.252959
0.854897 0.277613
0.860791 0.299803
0.866681 0.324458
0.872571 0.349112
0.876488 0.371302
0.882378 0.395957
0.888272 0.418146
0.894162 0.442801
0.898075 0.467456
0.903969 0.489645
0.907883 0.5143
0.911796 0.538955
0.91769 0.561144
0.921603 0.585799
0.927493 0.610454
0.931407 0.635108
0.937301 0.657298
0.941214 0.681953
0.954939 0.750986
0.960829 0.775641
0.964743 0.800296
0.968656 0.824951
0.972574 0.84714
0.976487 0.871795
0.980401 0.89645

#x tau1
0.04112 -0.00838264
0.0589143 -0.0133136
0.0786811 -0.0157791
0.0964793 -0.0231755
0.11625 -0.0281065
0.136021 -0.0330375
0.153819 -0.0404339
0.171617 -0.0478304
0.189419 -0.0576923
0.225012 -0.0700197
0.24479 -0.0798817
0.262589 -0.0872781
0.280391 -0.09714
0.300169 -0.107002
0.317971 -0.116864
0.33577 -0.12426
0.353572 -0.134122
0.371374 -0.143984
0.38918 -0.156312
0.410931 -0.163708
0.428733 -0.17357
0.446535 -0.183432
0.466306 -0.188363
0.484104 -0.195759
0.620468 -0.195759
0.638239 -0.185897
0.654029 -0.17357
0.679686 -0.151381
0.695473 -0.136588
0.729015 -0.102071
0.742822 -0.0848126
0.754648 -0.0650888
0.770412 -0.035503
0.780258 -0.0133136
0.81175 0.0680473
0.817644 0.0902367
0.825514 0.112426
0.831404 0.137081
0.839274 0.15927
0.845168 0.18146
0.851058 0.206114
0.856947 0.230769
0.862841 0.252959
0.868731 0.277613
0.872649 0.299803
0.878538 0.324458
0.884428 0.349112
0.888346 0.371302
0.894236 0.395957
0.898149 0.420611
0.904043 0.442801
0.907957 0.467456
0.91187 0.49211
0.915784 0.516765
0.921678 0.538955
0.925591 0.563609
0.929505 0.588264
0.933418 0.612919
0.939312 0.635108
0.943226 0.659763

#x tau10
0.331638 -0.0108481
0.351412 -0.0182446
0.367242 -0.030572
0.390981 -0.0453649
0.408787 -0.0576923
0.426593 -0.0700197
0.442427 -0.0848126
0.458256 -0.09714
0.47409 -0.111933
0.489924 -0.126726
0.50773 -0.139053
0.525536 -0.151381
0.543342 -0.163708
0.56114 -0.171105
0.580907 -0.17357
0.600666 -0.171105
0.618437 -0.161243
0.636216 -0.156312
0.655963 -0.14645
0.673738 -0.139053
0.727058 -0.114398
0.744829 -0.104536
0.756679 -0.0996055
0.77643 -0.0922091
0.794205 -0.0848126
0.811976 -0.0749507
0.829747 -0.0650888
0.841574 -0.0453649
0.847487 -0.035503
0.855357 -0.0133136
0.882857 0.0927022
0.888747 0.117357
0.892661 0.142012
0.896574 0.166667
0.902468 0.188856
0.906382 0.213511
0.910295 0.238166
0.912233 0.262821
0.916146 0.287475
0.920064 0.309665
0.923977 0.33432
0.927891 0.358974
0.929828 0.383629
0.933742 0.408284
0.935679 0.432939
0.939593 0.457594
0.941534 0.479783
0.945448 0.504438
0.947385 0.529093
0.951298 0.553748
0.953236 0.578402
0.957149 0.603057
0.959087 0.627712
0.963 0.652367
0.964938 0.677022
0.966875 0.701677
0.970792 0.723866
0.97273 0.748521
0.974667 0.773176
0.976604 0.79783
0.980518 0.822485
0.982455 0.84714

#x tau100
0.452183 -0.00591716
0.493685 -0.00591716
0.539206 -0.0478304
0.580755 -0.0774162
0.638055 -0.0700197
0.713135 -0.0576923
0.819831 -0.0428994
0.904788 -0.0281065
0.936385 -0.0133136
0.953941 0.13215
0.96751 0.299803
0.975115 0.489645
0.982829 0.610454

#x tau1000
0.333598 -0.000986193
0.353365 -0.00345168
0.373128 -0.00345168
0.392891 -0.00345168
0.412654 -0.00345168
0.432417 -0.00345168
0.452175 -0.000986193
0.473919 -0.00345168
0.493681 -0.00345168
0.513444 -0.00345168
0.533207 -0.00345168
0.55297 -0.00345168
0.572733 -0.00345168
0.592496 -0.00345168
0.618187 -0.00345168
0.63795 -0.00345168
0.657713 -0.00345168
0.677476 -0.00345168
0.697239 -0.00345168
0.717002 -0.00345168
0.736764 -0.00345168
0.756527 -0.00345168
0.815816 -0.00345168
0.835579 -0.00345168
0.855341 -0.00345168
0.877081 -0.00345168
0.896843 -0.00345168
0.916606 -0.00345168
0.936369 -0.00345168
0.944274 -0.00345168
0.964037 -0.00345168
0.973895 0.0113412
0.975793 0.0606509
0.975832 0.0359961
0.977731 0.0853057
0.979668 0.109961
0.981566 0.15927
0.981605 0.134615
0.983504 0.183925
