 1.201478243E+00 0.000000000E+00 0.000000000E+00
 1.201478243E+00 4.999999987E-07 1.757559599E-03
 1.201478243E+00 1.000203383E-06 3.515646094E-03
 1.201478243E+00 1.500813596E-06 5.274973810E-03
 1.201478243E+00 2.002034307E-06 7.036258467E-03
 1.201478243E+00 2.504069471E-06 8.800215088E-03
 1.201478243E+00 3.007123041E-06 1.056755986E-02
 1.201478243E+00 3.511400109E-06 1.233900990E-02
 1.201478243E+00 4.017105312E-06 1.411528513E-02
 1.201478243E+00 4.524444648E-06 1.589710452E-02
 1.201478243E+00 5.033624348E-06 1.768518984E-02
 1.201478243E+00 5.544851319E-06 1.948026568E-02
 1.201478243E+00 6.058334293E-06 2.128306031E-02
 1.201478243E+00 6.574281088E-06 2.309430204E-02
 1.201478243E+00 7.092902251E-06 2.491471916E-02
 1.201478243E+00 7.614408787E-06 2.674504742E-02
 1.201478243E+00 8.139012607E-06 2.858603001E-02
 1.201478243E+00 8.666926988E-06 3.043840080E-02
 1.201478243E+00 9.198367479E-06 3.230291232E-02
 1.201478243E+00 9.733548723E-06 3.418031335E-02
 1.201478243E+00 1.027268991E-05 3.607134894E-02
 1.201478243E+00 1.081600931E-05 3.797678649E-02
 1.201478243E+00 1.136372885E-05 3.989738226E-02
 1.201478243E+00 1.191607043E-05 4.183391482E-02
 1.201478243E+00 1.247325872E-05 4.378714412E-02
 1.201478243E+00 1.303552108E-05 4.575785622E-02
 1.201478243E+00 1.360308670E-05 4.774682596E-02
 1.201478243E+00 1.417618478E-05 4.975484684E-02
 1.201478243E+00 1.475504905E-05 5.178271234E-02
 1.201478243E+00 1.533991599E-05 5.383122340E-02
 1.201478243E+00 1.593102206E-05 5.590117723E-02
 1.201478243E+00 1.652860919E-05 5.799338967E-02
 1.201478243E+00 1.713291931E-05 6.010868400E-02
 1.201478243E+00 1.774419979E-05 6.224787980E-02
 1.201478243E+00 1.836269621E-05 6.441178918E-02
 1.201478243E+00 1.898866321E-05 6.660127640E-02
 1.201478243E+00 1.962235365E-05 6.881715357E-02
 1.201478243E+00 2.026402581E-05 7.106027752E-02
 1.201478243E+00 2.091394163E-05 7.333149016E-02
 1.201478243E+00 2.157236304E-05 7.563165575E-02
 1.201478243E+00 2.223956108E-05 7.796163112E-02
 1.201478243E+00 2.291580495E-05 8.032228798E-02
 1.201478243E+00 2.360136932E-05 8.271447569E-02
 1.201478243E+00 2.429653614E-05 8.513906598E-02
 1.201478243E+00 2.500158553E-05 8.759696037E-02
 1.201478243E+00 2.571680307E-05 9.008899331E-02
 1.201478243E+00 2.644248343E-05 9.261606634E-02
 1.201478243E+00 2.717891948E-05 9.517904371E-02
 1.201478243E+00 2.792640953E-05 9.777881205E-02
 1.201478243E+00 2.868526099E-05 1.004162282E-01
 1.201478243E+00 2.945577944E-05 1.030921638E-01
 1.201478243E+00 3.023828140E-05 1.058074906E-01
 1.201478243E+00 3.103308336E-05 1.085630655E-01
 1.201478243E+00 3.184050729E-05 1.113597155E-01
 1.201478243E+00 3.266088243E-05 1.141982898E-01
 1.201478243E+00 3.349454346E-05 1.170796081E-01
 1.201478243E+00 3.434183236E-05 1.200044751E-01
 1.201478243E+00 3.520308746E-05 1.229736805E-01
 1.201478243E+00 3.607866165E-05 1.259879619E-01
 1.201478243E+00 3.696891145E-05 1.290480942E-01
 1.201478243E+00 3.787420064E-05 1.321547627E-01
 1.201478243E+00 3.879489668E-05 1.353086382E-01
 1.201478243E+00 3.973137063E-05 1.385103762E-01
 1.201478243E+00 4.068400813E-05 1.417605430E-01
 1.201478243E+00 4.165319478E-05 1.450596750E-01
 1.201478243E+00 4.263932351E-05 1.484082937E-01
 1.201478243E+00 4.364279812E-05 1.518068016E-01
 1.201478243E+00 4.466402606E-05 1.552555412E-01
 1.201478243E+00 4.570341844E-05 1.587548256E-01
 1.201478243E+00 4.676140452E-05 1.623048186E-01
 1.201478243E+00 4.783841359E-05 1.659056544E-01
 1.201478243E+00 4.893487858E-05 1.695573628E-01
 1.201478243E+00 5.005125058E-05 1.732598245E-01
 1.201478243E+00 5.118798072E-05 1.770128161E-01
 1.201478243E+00 5.234553100E-05 1.808160245E-01
 1.201478243E+00 5.352437802E-05 1.846689582E-01
 1.201478243E+00 5.472499470E-05 1.885709912E-01
 1.201478243E+00 5.594787217E-05 1.925213784E-01
 1.201478243E+00 5.719350884E-05 1.965191364E-01
 1.201478243E+00 5.846241038E-05 2.005632073E-01
 1.201478243E+00 5.975508975E-05 2.046522498E-01
 1.201478243E+00 6.107207446E-05 2.087848037E-01
 1.201478243E+00 6.241390656E-05 2.129591703E-01
 1.201478243E+00 6.378112448E-05 2.171734273E-01
 1.201478243E+00 6.517428847E-05 2.214255631E-01
 1.201478243E+00 6.659396604E-05 2.257131636E-01
 1.201478243E+00 6.804072473E-05 2.300337106E-01
 1.201478243E+00 6.951516116E-05 2.343844771E-01
 1.201478243E+00 7.101787924E-05 2.387624830E-01
 1.201478243E+00 7.254948287E-05 2.431645095E-01
 1.201478243E+00 7.411059778E-05 2.475872040E-01
 1.201478243E+00 7.570186426E-05 2.520269752E-01
 1.201478243E+00 7.732391532E-05 2.564800084E-01
 1.201478243E+00 7.897742034E-05 2.609424293E-01
 1.201478243E+00 8.066305600E-05 2.654101253E-01
 1.201478243E+00 8.238149894E-05 2.698788047E-01
 1.201478243E+00 8.413345495E-05 2.743442655E-01
 1.201478243E+00 8.591963706E-05 2.788020074E-01
 1.201478243E+00 8.774075832E-05 2.832476497E-01
 1.201478243E+00 8.959758270E-05 2.876766920E-01
 1.201478243E+00 9.149084508E-05 2.920847535E-01
 1.201478243E+00 9.342132398E-05 2.964673042E-01
 1.201478243E+00 9.538980521E-05 3.008201122E-01
 1.201478243E+00 9.739708912E-05 3.051389158E-01
 1.201478243E+00 9.944399062E-05 3.094197214E-01
 1.201478243E+00 1.015313392E-04 3.136585951E-01
 1.201478243E+00 1.036599933E-04 3.178518713E-01
 1.201478243E+00 1.058308117E-04 3.219960928E-01
 1.201478243E+00 1.080446746E-04 3.260881007E-01
 1.201478243E+00 1.103024915E-04 3.301249146E-01
 1.201478243E+00 1.126051793E-04 3.341039717E-01
 1.201478243E+00 1.149536620E-04 3.380228579E-01
 1.201478243E+00 1.173489145E-04 3.418796062E-01
 1.201478243E+00 1.197918973E-04 3.456725478E-01
 1.201478243E+00 1.222835999E-04 3.494001925E-01
 1.201478243E+00 1.248250628E-04 3.530615270E-01
 1.201478243E+00 1.274172828E-04 3.566556871E-01
 1.201478243E+00 1.300613367E-04 3.601822257E-01
 1.201478243E+00 1.327583013E-04 3.636409640E-01
 1.201478243E+00 1.355092681E-04 3.670318425E-01
 1.201478243E+00 1.383153576E-04 3.703552783E-01
 1.201478243E+00 1.411777048E-04 3.736116886E-01
 1.201478362E+00 1.440974738E-04 3.768018484E-01
 1.201478362E+00 1.470758725E-04 3.799267113E-01
 1.201478362E+00 1.501140796E-04 3.829873204E-01
 1.201478362E+00 1.532133610E-04 3.859850168E-01
 1.201478362E+00 1.563749538E-04 3.889210224E-01
 1.201478362E+00 1.596001675E-04 3.917969465E-01
 1.201478362E+00 1.628902974E-04 3.946143389E-01
 1.201478362E+00 1.662466966E-04 3.973748982E-01
 1.201478362E+00 1.696707041E-04 4.000803232E-01
 1.201478362E+00 1.731637312E-04 4.027323127E-01
 1.201478362E+00 1.767272042E-04 4.053328037E-01
 1.201478362E+00 1.803625637E-04 4.078835249E-01
 1.201478362E+00 1.840712794E-04 4.103863835E-01
 1.201478362E+00 1.878548792E-04 4.128431976E-01
 1.201478362E+00 1.917148911E-04 4.152557254E-01
 1.201478362E+00 1.956528868E-04 4.176259041E-01
 1.201478362E+00 1.996704668E-04 4.199553728E-01
 1.201478362E+00 2.037692757E-04 4.222459793E-01
 1.201478362E+00 2.079509577E-04 4.244994521E-01
 1.201478362E+00 2.122172300E-04 4.267173707E-01
 1.201478362E+00 2.165698388E-04 4.289014339E-01
 1.201478362E+00 2.210105304E-04 4.310531914E-01
 1.201478362E+00 2.255411237E-04 4.331742525E-01
 1.201478362E+00 2.301634668E-04 4.352660477E-01
 1.201478362E+00 2.348794369E-04 4.373300374E-01
 1.201478362E+00 2.396909404E-04 4.393675923E-01
 1.201478362E+00 2.445999417E-04 4.413800240E-01
 1.201478362E+00 2.496084489E-04 4.433687031E-01
 1.201478362E+00 2.547184704E-04 4.453347623E-01
 1.201478362E+00 2.599321306E-04 4.472793937E-01
 1.201478362E+00 2.652514959E-04 4.492037892E-01
 1.201478362E+00 2.706787782E-04 4.511089623E-01
 1.201478362E+00 2.762161603E-04 4.529959261E-01
 1.201478362E+00 2.818659123E-04 4.548657537E-01
 1.201478362E+00 2.876303042E-04 4.567192793E-01
 1.201478362E+00 2.935116936E-04 4.585575461E-01
 1.201478362E+00 2.995124669E-04 4.603811800E-01
 1.201478362E+00 3.056350979E-04 4.621911347E-01
 1.201478362E+00 3.118820314E-04 4.639881849E-01
 1.201478362E+00 3.182558285E-04 4.657730162E-01
 1.201478362E+00 3.247591085E-04 4.675463140E-01
 1.201478362E+00 3.313944617E-04 4.693087637E-01
 1.201478362E+00 3.381646238E-04 4.710609317E-01
 1.201478362E+00 3.450723598E-04 4.728034735E-01
 1.201478362E+00 3.521204344E-04 4.745369852E-01
 1.201478362E+00 3.593117581E-04 4.762618542E-01
 1.201478362E+00 3.666492412E-04 4.779787064E-01
 1.201478362E+00 3.741358523E-04 4.796879292E-01
 1.201478362E+00 3.817746765E-04 4.813900292E-01
 1.201478362E+00 3.895687696E-04 4.830853641E-01
 1.201478362E+00 3.975213331E-04 4.847743809E-01
 1.201478362E+00 4.056355974E-04 4.864574969E-01
 1.201478362E+00 4.139148805E-04 4.881349504E-01
 1.201478362E+00 4.223625001E-04 4.898071587E-01
 1.201478362E+00 4.309819487E-04 4.914744496E-01
 1.201478362E+00 4.397767188E-04 4.931370914E-01
 1.201478362E+00 4.487503611E-04 4.947953224E-01
 1.201478362E+00 4.579065426E-04 4.964495003E-01
 1.201478362E+00 4.672489886E-04 4.980998039E-01
 1.201478362E+00 4.767814826E-04 4.997465312E-01
 1.201478362E+00 4.865079245E-04 5.013898611E-01
 1.201478362E+00 4.964323016E-04 5.030298829E-01
 1.201478362E+00 5.065585719E-04 5.046670437E-01
 1.201478362E+00 5.168908974E-04 5.063012838E-01
 1.201478362E+00 5.274334690E-04 5.079330206E-01
 1.201478362E+00 5.381905939E-04 5.095621943E-01
 1.201478362E+00 5.491666379E-04 5.111890435E-01
 1.201478362E+00 5.603660829E-04 5.128137469E-01
 1.201478362E+00 5.717934691E-04 5.144364238E-01
 1.201478362E+00 5.834534531E-04 5.160571337E-01
 1.201478362E+00 5.953507498E-04 5.176761150E-01
 1.201478362E+00 6.074902485E-04 5.192934275E-01
 1.201478362E+00 6.198768388E-04 5.209091902E-01
 1.201478362E+00 6.325155264E-04 5.225234628E-01
 1.201478362E+00 6.454115501E-04 5.241363645E-01
 1.201478362E+00 6.585700903E-04 5.257480145E-01
 1.201478362E+00 6.719965604E-04 5.273584127E-01
 1.201478362E+00 6.856963155E-04 5.289677382E-01
 1.201478362E+00 6.996750599E-04 5.305760503E-01
 1.201478362E+00 7.139383815E-04 5.321834087E-01
 1.201478481E+00 7.284921012E-04 5.337899327E-01
 1.201478481E+00 7.433421561E-04 5.353955626E-01
 1.201478481E+00 7.584945997E-04 5.370004773E-01
 1.201478481E+00 7.739555440E-04 5.386047363E-01
 1.201478481E+00 7.897313335E-04 5.402083397E-01
 1.201478481E+00 8.058283711E-04 5.418113470E-01
 1.201478481E+00 8.222531760E-04 5.434138775E-01
 1.201478481E+00 8.390124422E-04 5.450159907E-01
 1.201478481E+00 8.561130380E-04 5.466176867E-01
 1.201478481E+00 8.735618321E-04 5.482190251E-01
 1.201478481E+00 8.913659840E-04 5.498201251E-01
 1.201478481E+00 9.095327114E-04 5.514209270E-01
 1.201478481E+00 9.280694067E-04 5.530215502E-01
 1.201478481E+00 9.469836368E-04 5.546220541E-01
 1.201478481E+00 9.662830271E-04 5.562225580E-01
 1.201478481E+00 9.859754937E-04 5.578229427E-01
 1.201478481E+00 1.006069011E-03 5.594234467E-01
 1.201478481E+00 1.026571845E-03 5.610240102E-01
 1.201478481E+00 1.047492144E-03 5.626246929E-01
 1.201478481E+00 1.068838639E-03 5.642256141E-01
 1.201478481E+00 1.090619829E-03 5.658267736E-01
 1.201478481E+00 1.112844679E-03 5.674283504E-01
 1.201478481E+00 1.135522267E-03 5.690301657E-01
 1.201478481E+00 1.158661675E-03 5.706325769E-01
 1.201478481E+00 1.182272448E-03 5.722355247E-01
 1.201478481E+00 1.206364017E-03 5.738390684E-01
 1.201478481E+00 1.230946393E-03 5.754432678E-01
 1.201478481E+00 1.256029471E-03 5.770481825E-01
 1.201478481E+00 1.281623496E-03 5.786539912E-01
 1.201478601E+00 1.307738828E-03 5.802608132E-01
 1.201478601E+00 1.334386063E-03 5.818685889E-01
 1.201478601E+00 1.361576142E-03 5.834774971E-01
 1.201478601E+00 1.389320125E-03 5.850875974E-01
 1.201478601E+00 1.417629072E-03 5.866989493E-01
 1.201478601E+00 1.446514856E-03 5.883117914E-01
 1.201478601E+00 1.475988887E-03 5.899261832E-01
 1.201478601E+00 1.506063389E-03 5.915421844E-01
 1.201478601E+00 1.536750467E-03 5.931600332E-01
 1.201478601E+00 1.568062697E-03 5.947797298E-01
 1.201478601E+00 1.600012765E-03 5.964015126E-01
 1.201478601E+00 1.632613712E-03 5.980254412E-01
 1.201478601E+00 1.665878692E-03 5.996518135E-01
 1.201478601E+00 1.699821325E-03 6.012805700E-01
 1.201478601E+00 1.734455349E-03 6.029120684E-01
 1.201478601E+00 1.769794966E-03 6.045463085E-01
 1.201478601E+00 1.805854496E-03 6.061836481E-01
 1.201478601E+00 1.842648489E-03 6.078240871E-01
 1.201478720E+00 1.880192081E-03 6.094679832E-01
 1.201478720E+00 1.918500522E-03 6.111153960E-01
 1.201478720E+00 1.957589295E-03 6.127666831E-01
 1.201478720E+00 1.997474348E-03 6.144220233E-01
 1.201478720E+00 2.038171981E-03 6.160815954E-01
 1.201478720E+00 2.079698723E-03 6.177456379E-01
 1.201478720E+00 2.122071339E-03 6.194145083E-01
 1.201478720E+00 2.165307058E-03 6.210883856E-01
 1.201478720E+00 2.209423808E-03 6.227675676E-01
 1.201478720E+00 2.254439052E-03 6.244522929E-01
 1.201478720E+00 2.300371416E-03 6.261429191E-01
 1.201478720E+00 2.347239526E-03 6.278398037E-01
 1.201478720E+00 2.395062475E-03 6.295430660E-01
 1.201478839E+00 2.443859586E-03 6.312531829E-01
 1.201478839E+00 2.493650885E-03 6.329706311E-01
 1.201478839E+00 2.544456394E-03 6.346955895E-01
 1.201478839E+00 2.596297069E-03 6.364283562E-01
 1.201478839E+00 2.649193862E-03 6.381696463E-01
 1.201478839E+00 2.703167964E-03 6.399194002E-01
 1.201478839E+00 2.758241957E-03 6.416784525E-01
 1.201478839E+00 2.814437728E-03 6.434470415E-01
 1.201478839E+00 2.871778561E-03 6.452256441E-01
 1.201478839E+00 2.930287272E-03 6.470147371E-01
 1.201478839E+00 2.989988076E-03 6.488146782E-01
 1.201478958E+00 3.050905187E-03 6.506261230E-01
 1.201478958E+00 3.113063052E-03 6.524494886E-01
 1.201478958E+00 3.176487517E-03 6.542853117E-01
 1.201478958E+00 3.241203958E-03 6.561341882E-01
 1.201478958E+00 3.307238920E-03 6.579966545E-01
 1.201478958E+00 3.374618944E-03 6.598731875E-01
 1.201478958E+00 3.443371970E-03 6.617645025E-01
 1.201478958E+00 3.513525473E-03 6.636710167E-01
 1.201479077E+00 3.585108090E-03 6.655936837E-01
 1.201479077E+00 3.658149159E-03 6.675328016E-01
 1.201479077E+00 3.732678248E-03 6.694892049E-01
 1.201479077E+00 3.808725858E-03 6.714635491E-01
 1.201479077E+00 3.886322491E-03 6.734564304E-01
 1.201479077E+00 3.965499811E-03 6.754686832E-01
 1.201479077E+00 4.046290647E-03 6.775010228E-01
 1.201479077E+00 4.128727131E-03 6.795541048E-01
 1.201479197E+00 4.212843254E-03 6.816288233E-01
 1.201479197E+00 4.298672546E-03 6.837258339E-01
 1.201479197E+00 4.386250861E-03 6.858458519E-01
 1.201479197E+00 4.475613125E-03 6.879898906E-01
 1.201479197E+00 4.566796124E-03 6.901587248E-01
 1.201479197E+00 4.659837112E-03 6.923531294E-01
 1.201479316E+00 4.754772875E-03 6.945739985E-01
 1.201479316E+00 4.851642996E-03 6.968222857E-01
 1.201479316E+00 4.950487055E-03 6.990986466E-01
 1.201479316E+00 5.051344167E-03 7.014042735E-01
 1.201479316E+00 5.154256243E-03 7.037398815E-01
 1.201479316E+00 5.259265192E-03 7.061065435E-01
 1.201479435E+00 5.366413388E-03 7.085052133E-01
 1.201479435E+00 5.475744139E-03 7.109367847E-01
 1.201479435E+00 5.587302614E-03 7.134023309E-01
 1.201479435E+00 5.701133516E-03 7.159026861E-01
 1.201479435E+00 5.817283876E-03 7.184389830E-01
 1.201479554E+00 5.935800262E-03 7.210121155E-01
 1.201479554E+00 6.056731101E-03 7.236232758E-01
 1.201479554E+00 6.180125754E-03 7.262733579E-01
 1.201479554E+00 6.306034513E-03 7.289634943E-01
 1.201479554E+00 6.434508134E-03 7.316946387E-01
 1.201479673E+00 6.565599237E-03 7.344678640E-01
 1.201479673E+00 6.699360907E-03 7.372841835E-01
 1.201479673E+00 6.835847627E-03 7.401448488E-01
 1.201479673E+00 6.975115277E-03 7.430505753E-01
 1.201479793E+00 7.117220201E-03 7.460026741E-01
 1.201479793E+00 7.262219675E-03 7.490020394E-01
 1.201479793E+00 7.410173770E-03 7.520496249E-01
 1.201479793E+00 7.561142091E-03 7.551466823E-01
 1.201479912E+00 7.715185639E-03 7.582939267E-01
 1.201479912E+00 7.872368209E-03 7.614923716E-01
 1.201479912E+00 8.032752201E-03 7.647430897E-01
 1.201480031E+00 8.196404204E-03 7.680468559E-01
 1.201480031E+00 8.363390341E-03 7.714045048E-01
 1.201480031E+00 8.533777669E-03 7.748168707E-01
 1.201480031E+00 8.707636967E-03 7.782847881E-01
 1.201480150E+00 8.885038085E-03 7.818088531E-01
 1.201480150E+00 9.066053666E-03 7.853896618E-01
 1.201480150E+00 9.250756353E-03 7.890279293E-01
 1.201480269E+00 9.439222515E-03 7.927238941E-01
 1.201480269E+00 9.631528519E-03 7.964780331E-01
 1.201480269E+00 9.827752598E-03 8.002905846E-01
 1.201480389E+00 1.002797298E-02 8.041614890E-01
 1.201480389E+00 1.023227349E-02 8.080909252E-01
 1.201480389E+00 1.044073608E-02 8.120785952E-01
 1.201480508E+00 1.065344550E-02 8.161241412E-01
 1.201480508E+00 1.087048836E-02 8.202270269E-01
 1.201480627E+00 1.109195314E-02 8.243865371E-01
 1.201480627E+00 1.131793018E-02 8.286014199E-01
 1.201480627E+00 1.154851075E-02 8.328706026E-01
 1.201480746E+00 1.178378891E-02 8.371922970E-01
 1.201480746E+00 1.202385966E-02 8.415646553E-01
 1.201480865E+00 1.226882264E-02 8.459854722E-01
 1.201480865E+00 1.251877565E-02 8.504520655E-01
 1.201480985E+00 1.277382020E-02 8.549612164E-01
 1.201480985E+00 1.303406153E-02 8.595091701E-01
 1.201480985E+00 1.329960488E-02 8.640921116E-01
 1.201481104E+00 1.357055828E-02 8.687049747E-01
 1.201481104E+00 1.384703070E-02 8.733425140E-01
 1.201481223E+00 1.412913669E-02 8.779985309E-01
 1.201481223E+00 1.441698987E-02 8.826661706E-01
 1.201481342E+00 1.471070759E-02 8.873376846E-01
 1.201481342E+00 1.501040813E-02 8.920043707E-01
 1.201481462E+00 1.531621534E-02 8.966562748E-01
 1.201481581E+00 1.562825218E-02 9.012827277E-01
 1.201481581E+00 1.594664715E-02 9.058715105E-01
 1.201481700E+00 1.627152786E-02 9.104092121E-01
 1.201481700E+00 1.660302840E-02 9.148808718E-01
 1.201481819E+00 1.694128104E-02 9.192699790E-01
 1.201481819E+00 1.728642732E-02 9.235584140E-01
 1.201481938E+00 1.763860323E-02 9.277262688E-01
 1.201482058E+00 1.799795404E-02 9.317516088E-01
 1.201482058E+00 1.836462691E-02 9.356110692E-01
 1.201482177E+00 1.873876899E-02 9.392791986E-01
 1.201482296E+00 1.912053302E-02 9.427287579E-01
 1.201482296E+00 1.951007545E-02 9.459315538E-01
 1.201482415E+00 1.990755461E-02 9.488580227E-01
 1.201482534E+00 2.031313069E-02 9.514799118E-01
 1.201482534E+00 2.072697133E-02 9.537699223E-01
 1.201482654E+00 2.114924043E-02 9.557062984E-01
 1.201482773E+00 2.158011496E-02 9.572757483E-01
 1.201482892E+00 2.201976627E-02 9.584801793E-01
 1.201482892E+00 2.246837504E-02 9.593439102E-01
 1.201483011E+00 2.292612195E-02 9.599196315E-01
 1.201483130E+00 2.339319512E-02 9.602805972E-01
 1.201483250E+00 2.386978455E-02 9.604930282E-01
 1.201483369E+00 2.435608394E-02 9.606096148E-01
 1.201483488E+00 2.485229075E-02 9.606809616E-01
 1.201483607E+00 2.535860613E-02 9.607414007E-01
 1.201483607E+00 2.587523684E-02 9.608007669E-01
 1.201483727E+00 2.640239149E-02 9.608605504E-01
 1.201483846E+00 2.694028802E-02 9.609214067E-01
 1.201483965E+00 2.748914063E-02 9.609836340E-01
 1.201484084E+00 2.804917656E-02 9.610474706E-01
 1.201484203E+00 2.862062305E-02 9.611130357E-01
 1.201484323E+00 2.920371108E-02 9.611803889E-01
 1.201484442E+00 2.979867719E-02 9.612497687E-01
 1.201484561E+00 3.040576540E-02 9.613211155E-01
 1.201484680E+00 3.102522157E-02 9.613945484E-01
 1.201484919E+00 3.165729716E-02 9.614698887E-01
 1.201485038E+00 3.230225295E-02 9.615476131E-01
 1.201485157E+00 3.296034411E-02 9.616274834E-01
 1.201485276E+00 3.363184631E-02 9.617096782E-01
 1.201485395E+00 3.431702778E-02 9.617943168E-01
 1.201485515E+00 3.501616791E-02 9.618813396E-01
 1.201485753E+00 3.572954983E-02 9.619707465E-01
 1.201485872E+00 3.645746782E-02 9.620628357E-01
 1.201485991E+00 3.720021620E-02 9.621574879E-01
 1.201486230E+00 3.795809299E-02 9.622549415E-01
 1.201486349E+00 3.873141482E-02 9.623551369E-01
 1.201486468E+00 3.952048719E-02 9.624581337E-01
 1.201486707E+00 4.032563791E-02 9.625640512E-01
 1.201486826E+00 4.114719108E-02 9.626729488E-01
 1.201487064E+00 4.198548198E-02 9.627849460E-01
 1.201487184E+00 4.284085333E-02 9.628999829E-01
 1.201487422E+00 4.371364787E-02 9.630182981E-01
 1.201487541E+00 4.460422322E-02 9.631400108E-01
 1.201487780E+00 4.551294446E-02 9.632650018E-01
 1.201487899E+00 4.644018039E-02 9.633934498E-01
 1.201488137E+00 4.738630354E-02 9.635254145E-01
 1.201488376E+00 4.835170507E-02 9.636610746E-01
 1.201488495E+00 4.933677241E-02 9.638004303E-01
 1.201488733E+00 5.034191161E-02 9.639435410E-01
 1.201488972E+00 5.136752501E-02 9.640904665E-01
 1.201489210E+00 5.241403356E-02 9.642415047E-01
 1.201489449E+00 5.348186567E-02 9.643964767E-01
 1.201489687E+00 5.457144976E-02 9.645556211E-01
 1.201489806E+00 5.568323284E-02 9.647189975E-01
 1.201490045E+00 5.681766570E-02 9.648866653E-01
 1.201490283E+00 5.797521025E-02 9.650587440E-01
 1.201490641E+00 5.915633962E-02 9.652353525E-01
 1.201490879E+00 6.036153063E-02 9.654165506E-01
 1.201491117E+00 6.159127504E-02 9.656023979E-01
 1.201491356E+00 6.284607202E-02 9.657930136E-01
 1.201491594E+00 6.412643194E-02 9.659883976E-01
 1.201491833E+00 6.543288380E-02 9.661887884E-01
 1.201492190E+00 6.676594168E-02 9.663941860E-01
 1.201492429E+00 6.812616438E-02 9.666046500E-01
 1.201492786E+00 6.951409578E-02 9.668203592E-01
 1.201493025E+00 7.093030959E-02 9.670413136E-01
 1.201493382E+00 7.237536460E-02 9.672677517E-01
 1.201493621E+00 7.384987175E-02 9.674995542E-01
 1.201493979E+00 7.535441220E-02 9.677368402E-01
 1.201494217E+00 7.688960433E-02 9.679797292E-01
 1.201494575E+00 7.845607400E-02 9.682282805E-01
 1.201494932E+00 8.005446196E-02 9.684826136E-01
 1.201495290E+00 8.168540895E-02 9.687429070E-01
 1.201495647E+00 8.334958553E-02 9.690089226E-01
 1.201496005E+00 8.504766226E-02 9.692808986E-01
 1.201496363E+00 8.678033948E-02 9.695589542E-01
 1.201496720E+00 8.854831010E-02 9.698432088E-01
 1.201497078E+00 9.035230428E-02 9.701334834E-01
 1.201497436E+00 9.219304472E-02 9.704297781E-01
 1.201497793E+00 9.407129139E-02 9.707325101E-01
 1.201498270E+00 9.598780423E-02 9.710413218E-01
 1.201498628E+00 9.794336557E-02 9.713565707E-01
 1.201499104E+00 9.993876517E-02 9.716780186E-01
 1.201499462E+00 1.019748151E-01 9.720060825E-01
 1.201499939E+00 1.040523425E-01 9.723402262E-01
 1.201500416E+00 1.061721966E-01 9.726808071E-01
 1.201500773E+00 1.083352417E-01 9.730279446E-01
 1.201501250E+00 1.105423570E-01 9.733812809E-01
 1.201501727E+00 1.127944291E-01 9.737410545E-01
 1.201502204E+00 1.150923893E-01 9.741071463E-01
 1.201502681E+00 1.174371690E-01 9.744796157E-01
 1.201503158E+00 1.198297068E-01 9.748583436E-01
 1.201503754E+00 1.222710013E-01 9.752433300E-01
 1.201504230E+00 1.247620210E-01 9.756343961E-01
 1.201504707E+00 1.273037940E-01 9.760317206E-01
 1.201505303E+00 1.298973560E-01 9.764349461E-01
 1.201505899E+00 1.325437427E-01 9.768441916E-01
 1.201506376E+00 1.352440566E-01 9.772592783E-01
 1.201506972E+00 1.379993856E-01 9.776800871E-01
 1.201507568E+00 1.408108473E-01 9.781066179E-01
 1.201508164E+00 1.436795741E-01 9.785386324E-01
 1.201508760E+00 1.466067582E-01 9.789758921E-01
 1.201509356E+00 1.495935768E-01 9.794185162E-01
 1.201510072E+00 1.526412368E-01 9.798660278E-01
 1.201510668E+00 1.557510048E-01 9.803184867E-01
 1.201511383E+00 1.589241177E-01 9.807755947E-01
 1.201511979E+00 1.621618718E-01 9.812372327E-01
 1.201512694E+00 1.654655933E-01 9.817029238E-01
 1.201513410E+00 1.688366085E-01 9.821727276E-01
 1.201514125E+00 1.722763181E-01 9.826462269E-01
 1.201514840E+00 1.757861078E-01 9.831232429E-01
 1.201515555E+00 1.793673933E-01 9.836035967E-01
 1.201516390E+00 1.830216348E-01 9.840868711E-01
 1.201517105E+00 1.867503375E-01 9.845726490E-01
 1.201517940E+00 1.905549914E-01 9.850608706E-01
 1.201518774E+00 1.944371611E-01 9.855509996E-01
 1.201519608E+00 1.983984262E-01 9.860427380E-01
 1.201520443E+00 2.024403960E-01 9.865360260E-01
 1.201521277E+00 2.065647095E-01 9.870301485E-01
 1.201522112E+00 2.107730508E-01 9.875247478E-01
 1.201523066E+00 2.150671184E-01 9.880197644E-01
 1.201523900E+00 2.194486856E-01 9.885144830E-01
 1.201524854E+00 2.239194959E-01 9.890087843E-01
 1.201525807E+00 2.284814119E-01 9.895019531E-01
 1.201526761E+00 2.331362516E-01 9.899936914E-01
 1.201527715E+00 2.378859371E-01 9.904836416E-01
 1.201528788E+00 2.427323759E-01 9.909714460E-01
 1.201529860E+00 2.476775646E-01 9.914564490E-01
 1.201530814E+00 2.527234852E-01 9.919382334E-01
 1.201531887E+00 2.578722239E-01 9.924167395E-01
 1.201533079E+00 2.631258368E-01 9.928909540E-01
 1.201534152E+00 2.684864998E-01 9.933608770E-01
 1.201535225E+00 2.739563584E-01 9.938257933E-01
 1.201536417E+00 2.795376778E-01 9.942854047E-01
 1.201537609E+00 2.852326930E-01 9.947392941E-01
 1.201538801E+00 2.910437286E-01 9.951869249E-01
 1.201540112E+00 2.969731688E-01 9.956279993E-01
 1.201541305E+00 3.030233979E-01 9.960619211E-01
 1.201542616E+00 3.091968894E-01 9.964883924E-01
 1.201543927E+00 3.154961467E-01 9.969072342E-01
 1.201545238E+00 3.219237328E-01 9.973174930E-01
 1.201546669E+00 3.284822702E-01 9.977192879E-01
 1.201547980E+00 3.351744413E-01 9.981120825E-01
 1.201549411E+00 3.420029283E-01 9.984955192E-01
 1.201550841E+00 3.489705622E-01 9.988692999E-01
 1.201552391E+00 3.560801148E-01 9.992331266E-01
 1.201553822E+00 3.633345366E-01 9.995865226E-01
 1.201555371E+00 3.707367480E-01 9.999294281E-01
 1.201557040E+00 3.782897592E-01 1.000261545E+00
 1.201558590E+00 3.859966397E-01 1.000582695E+00
 1.201560259E+00 3.938605487E-01 1.000892401E+00
 1.201561928E+00 4.018846452E-01 1.001190901E+00
 1.201563597E+00 4.100722373E-01 1.001477599E+00
 1.201565385E+00 4.184266329E-01 1.001752615E+00
 1.201567054E+00 4.269512296E-01 1.002015829E+00
 1.201568961E+00 4.356495142E-01 1.002267003E+00
 1.201570749E+00 4.445249736E-01 1.002506256E+00
 1.201572657E+00 4.535812736E-01 1.002733469E+00
 1.201574564E+00 4.628220797E-01 1.002948642E+00
 1.201576591E+00 4.722511470E-01 1.003151894E+00
 1.201578498E+00 4.818722904E-01 1.003342867E+00
 1.201580524E+00 4.916894734E-01 1.003522158E+00
 1.201582670E+00 5.017066598E-01 1.003689528E+00
 1.201584816E+00 5.119279027E-01 1.003845096E+00
 1.201586962E+00 5.223574042E-01 1.003989220E+00
 1.201589227E+00 5.329993963E-01 1.004121780E+00
 1.201591492E+00 5.438581705E-01 1.004243255E+00
 1.201593757E+00 5.549381971E-01 1.004353642E+00
 1.201596141E+00 5.662439466E-01 1.004453182E+00
 1.201598525E+00 5.777800083E-01 1.004542112E+00
 1.201600909E+00 5.895510912E-01 1.004620671E+00
 1.201603413E+00 6.015620232E-01 1.004689217E+00
 1.201606035E+00 6.138176322E-01 1.004748106E+00
 1.201608539E+00 6.263229251E-01 1.004797339E+00
 1.201611280E+00 6.390829682E-01 1.004837513E+00
 1.201613903E+00 6.521030068E-01 1.004868984E+00
 1.201616764E+00 6.653882861E-01 1.004891634E+00
 1.201619506E+00 6.789442301E-01 1.004906297E+00
 1.201622367E+00 6.927763224E-01 1.004913092E+00
 1.201625347E+00 7.068902254E-01 1.004912376E+00
 1.201628327E+00 7.212917209E-01 1.004904509E+00
 1.201631427E+00 7.359865904E-01 1.004889965E+00
 1.201634526E+00 7.509807944E-01 1.004868865E+00
 1.201637745E+00 7.662805319E-01 1.004841805E+00
 1.201640964E+00 7.818919420E-01 1.004809022E+00
 1.201644301E+00 7.978214025E-01 1.004770756E+00
 1.201647639E+00 8.140754104E-01 1.004727602E+00
 1.201651096E+00 8.306605220E-01 1.004679561E+00
 1.201654673E+00 8.475835919E-01 1.004627347E+00
 1.201658249E+00 8.648513556E-01 1.004571080E+00
 1.201661944E+00 8.824709654E-01 1.004511237E+00
 1.201665640E+00 9.004495144E-01 1.004447818E+00
 1.201669455E+00 9.187943339E-01 1.004381418E+00
 1.201673388E+00 9.375129342E-01 1.004312158E+00
 1.201677322E+00 9.566128850E-01 1.004240632E+00
 1.201681376E+00 9.761019349E-01 1.004166722E+00
 1.201685548E+00 9.959880114E-01 1.004090786E+00
 1.201689720E+00 1.016279221E+00 1.004013419E+00
 1.201694012E+00 1.036983848E+00 1.003934383E+00
 1.201698422E+00 1.058110356E+00 1.003854275E+00
 1.201702952E+00 1.079667211E+00 1.003773093E+00
 1.201707482E+00 1.101663232E+00 1.003691196E+00
 1.201712132E+00 1.124107361E+00 1.003608823E+00
 1.201716900E+00 1.147008777E+00 1.003525972E+00
 1.201721787E+00 1.170376778E+00 1.003442883E+00
 1.201726794E+00 1.194220901E+00 1.003359795E+00
 1.201731801E+00 1.218550682E+00 1.003276825E+00
 1.201736927E+00 1.243376255E+00 1.003194094E+00
 1.201742291E+00 1.268707514E+00 1.003111839E+00
 1.201747656E+00 1.294554830E+00 1.003030300E+00
 1.201753139E+00 1.320928812E+00 1.002949238E+00
 1.201758742E+00 1.347840071E+00 1.002868772E+00
 1.201764464E+00 1.375299573E+00 1.002789378E+00
 1.201770306E+00 1.403318524E+00 1.002710938E+00
 1.201776266E+00 1.431908250E+00 1.002633452E+00
 1.201782227E+00 1.461080432E+00 1.002557158E+00
 1.201788425E+00 1.490846992E+00 1.002482057E+00
 1.201794744E+00 1.521220088E+00 1.002408147E+00
 1.201801300E+00 1.552211761E+00 1.002335429E+00
 1.201807857E+00 1.583835006E+00 1.002264261E+00
 1.201814532E+00 1.616102457E+00 1.002194405E+00
 1.201821446E+00 1.649027228E+00 1.002125859E+00
 1.201828361E+00 1.682622790E+00 1.002058744E+00
 1.201835513E+00 1.716902852E+00 1.001993299E+00
 1.201842785E+00 1.751881242E+00 1.001929164E+00
 1.201850176E+00 1.787572384E+00 1.001866579E+00
 1.201857805E+00 1.823990464E+00 1.001805544E+00
 1.201865554E+00 1.861150622E+00 1.001745820E+00
 1.201873422E+00 1.899067760E+00 1.001687884E+00
 1.201881409E+00 1.937757492E+00 1.001631260E+00
 1.201889634E+00 1.977235317E+00 1.001576304E+00
 1.201898098E+00 2.017517567E+00 1.001522779E+00
 1.201906562E+00 2.058620453E+00 1.001470804E+00
 1.201915383E+00 2.100560665E+00 1.001420259E+00
 1.201924205E+00 2.143355370E+00 1.001371145E+00
 1.201933384E+00 2.187021732E+00 1.001323581E+00
 1.201942563E+00 2.231577873E+00 1.001277447E+00
 1.201952100E+00 2.277041912E+00 1.001232624E+00
 1.201961756E+00 2.323431969E+00 1.001189232E+00
 1.201971531E+00 2.370767117E+00 1.001147389E+00
 1.201981664E+00 2.419066668E+00 1.001106739E+00
 1.201991916E+00 2.468350410E+00 1.001067638E+00
 1.202002287E+00 2.518637896E+00 1.001029730E+00
 1.202013016E+00 2.569950104E+00 1.000993133E+00
 1.202023864E+00 2.622307777E+00 1.000957727E+00
 1.202035069E+00 2.675731897E+00 1.000923753E+00
 1.202046394E+00 2.730244637E+00 1.000890851E+00
 1.202057958E+00 2.785867691E+00 1.000859261E+00
 1.202069759E+00 2.842624187E+00 1.000828862E+00
 1.202081800E+00 2.900536776E+00 1.000799656E+00
 1.202094078E+00 2.959629536E+00 1.000771642E+00
 1.202106595E+00 3.019925833E+00 1.000744581E+00
 1.202119470E+00 3.081450701E+00 1.000718832E+00
 1.202132463E+00 3.144229174E+00 1.000693917E+00
 1.202145815E+00 3.208286524E+00 1.000670314E+00
 1.202159405E+00 3.273648739E+00 1.000647783E+00
 1.202173352E+00 3.340342760E+00 1.000626206E+00
 1.202187419E+00 3.408395529E+00 1.000605583E+00
 1.202201962E+00 3.477834702E+00 1.000586033E+00
 1.202216625E+00 3.548688412E+00 1.000567436E+00
 1.202231646E+00 3.620985746E+00 1.000549912E+00
 1.202247024E+00 3.694756031E+00 1.000533342E+00
 1.202262759E+00 3.770029306E+00 1.000517845E+00
 1.202278733E+00 3.846836090E+00 1.000503182E+00
 1.202294946E+00 3.925207615E+00 1.000489593E+00
 1.202311635E+00 4.005175591E+00 1.000476956E+00
 1.202328563E+00 4.086772919E+00 1.000465274E+00
 1.202345967E+00 4.170032978E+00 1.000454545E+00
 1.202363610E+00 4.254988670E+00 1.000444889E+00
 1.202381611E+00 4.341675758E+00 1.000436306E+00
 1.202400088E+00 4.430128574E+00 1.000428557E+00
 1.202418804E+00 4.520383358E+00 1.000422001E+00
 1.202437997E+00 4.612476826E+00 1.000416517E+00
 1.202457547E+00 4.706446648E+00 1.000412226E+00
 1.202477455E+00 4.802330971E+00 1.000409007E+00
 1.202497840E+00 4.900168896E+00 1.000407100E+00
 1.202518582E+00 5.000000000E+00 1.000406384E+00