0	5	0
10	4.93853114127903	0.0941781823179943
20	4.91306990633321	0.189980149431877
30	4.89353281361201	0.247999513062495
40	4.87706228255806	0.287086316426168
50	4.86255145340058	0.315578883465508
60	4.84943266106240	0.337500181172244
70	4.83736868644935	0.355029048329370
80	4.82613981266642	0.369455194580760
90	4.81559342383709	0.381595326870434
100	4.80561840127063	0.391994469393717
110	4.79613085933118	0.401031855470349
120	4.78706562722402	0.408980486654903
130	4.77837087803729	0.416042511311870
140	4.77000459071012	0.422371211536059
150	4.76193213386331	0.428085196851462
160	4.75412456511612	0.433277868614235
170	4.74655740280728	0.438023909611900
180	4.73920971899963	0.442383843426745
190	4.73206345666052	0.446407306871978
200	4.72510290680117	0.450135443623729
210	4.71831430202861	0.453602684851019
220	4.71168549631681	0.456838094047242
230	4.70520570964392	0.459866396699983
240	4.69886532212480	0.462708778491062
250	4.69265570639516	0.465383511089402
260	4.68656908990350	0.467906447871869
270	4.68059844083603	0.470291420352110
280	4.67473737289870	0.472550557990261
290	4.66898006528112	0.474694548286726
300	4.66332119494427	0.476732849902507
310	4.65775587898956	0.478673868511521
320	4.65227962533284	0.480525102848227
330	4.64688829026620	0.482293266741132
340	4.64157804176699	0.483984391662530
350	4.63634532763067	0.485603913366641
360	4.63118684767419	0.487156745453427
370	4.62609952939190	0.488647342127299
380	4.62108050655394	0.490079751977328
390	4.61612710032372	0.491457664258351
400	4.61123680254127	0.492784448878104
410	4.60640726087643	0.494063191077436
420	4.60163626560233	0.495296721616287
430	4.59692173777824	0.496487643137841
440	4.59226171866236	0.497638353269780
450	4.58765436020175	0.498751064929364
460	4.58309791646828	0.499827824223664
470	4.57859073592819	0.500870526274450
480	4.57413125444803	0.501880929246188
490	4.56971798895322	0.502860666813401
500	4.56534953166605	0.503811259268496
510	4.56102454485999	0.504734123441850
520	4.55674175607459	0.505630581581380
530	4.55249995374269	0.506501869318154
540	4.54829798318720	0.507349142827188
550	4.54413474295005	0.508173485277761
560	4.54000918142025	0.508975912655108
570	4.53592029373164	0.509757379024611
580	4.53186711890470	0.510518781300503
590	4.52784873720909	0.511260963573273
600	4.52386426772662	0.511984721043240