0.      -0.5094553042527133
0.01       -0.5094683946386721
0.02       -0.5095075884219197
0.03       -0.5095726534719509
0.04       -0.5096632028825729
0.05       -0.5097786949390403
0.06       -0.5099184330723623
0.07       -0.5100815658011045
0.08       -0.5102670866610953
0.09       -0.5104738341235409
0.1       -0.5107004915021408
0.11       -0.5109455868498949
0.12       -0.5112074928463741
0.13       -0.511484426676328
0.14       -0.5117744499005893
0.15       -0.5120754683203278
0.16       -0.5123852318358009
0.17       -0.5127013343008351
0.18       -0.5130212133743692
0.19       -0.5133421503704821
0.2       -0.5136612701084158
0.21       -0.5139755407642015
0.22       -0.5142817737255891
0.23       -0.514576623452068
0.24       -0.5148565873418662
0.25       -0.5151180056079023
0.26       -0.5153570611647612
0.27       -0.5155697795288562
0.28       -0.5157520287340318
0.29       -0.5158995192649559
0.3       -0.5160078040107458
0.31       -0.5160722782413573
0.32       -0.5160881796093701
0.33       -0.516050588179888
0.34       -0.5159544264913682
0.35000000000000003       -0.5157944596502867
0.36       -0.5155652954626406
0.37       -0.5152613846053822
0.38       -0.5148770208409669
0.39       -0.5144063412782979
0.4       -0.5138433266834365
0.41000000000000003       -0.5131818018435437
0.42       -0.5124154359876073
0.43       -0.5115377432676039
0.44       -0.5105420833038344
0.45       -0.5094216617982646
0.46       -0.5081695312197914
0.47000000000000003       -0.5067785915654476
0.48       -0.5052415912016481
0.49       -0.5035511277896677
0.5       -0.5016996492996304
0.51       -0.4996794551173821
0.52       -0.4974826972486995
0.53       -0.49510138162538014
0.54       -0.4925273695178418
0.55       -0.48975237905894553
0.56       -0.48676798688384093
0.5700000000000001       -0.4835656298907136
0.58       -0.48013660712740047
0.59       -0.4764720818089121
0.6       -0.4725630834709925
0.61       -0.46840051026491
0.62       -0.4639751313987637
0.63       -0.4592775897306547
0.64       -0.45429840451914955
0.65       -0.4490279743365361
0.66       -0.44345658015043643
0.67       -0.437574388579415
0.68       -0.4313714553282839
0.6900000000000001       -0.4248377288088664
0.7000000000000001       -0.41796305395205074
0.71       -0.41073717621701544
0.72       -0.40314974580356755
0.73       -0.39519032207359034
0.74       -0.3868483781876424
0.75       -0.378113305962807
0.76       -0.36897442095792277
0.77       -0.3594209677923773
0.78       -0.34944212570468164
0.79       -0.3390270143570744
0.8       -0.3281646998924378
0.81       -0.31684420124983315
0.8200000000000001       -0.3050544967449851
0.8300000000000001       -0.2927845309220673
0.84       -0.28002322168314836
0.85       -0.2667594677016695
0.86       -0.25298215612633285
0.87       -0.23868017058177612
0.88       -0.2238423994723997
0.89       -0.2084577445957102
0.9       -0.19251513007151838
0.91       -0.17600351159331573
0.92       -0.15891188600811448
0.93       -0.14122930123101674
0.9400000000000001       -0.12294486650071905
0.9500000000000001       -0.10404776298212795
0.96       -0.08452725472219497
0.97       -0.06437269996502398
0.98       -0.04357356283223544
0.99       -0.022119425374490964
1.       -1.3877787807814457e-17


0.      ""


0.      ""


0.      -1.0341571434952288
0.01       -1.0341003570862357
0.02       -1.0339299300713165
0.03       -1.0336456591154082
0.04       -1.0332472054226285
0.05       -1.0327340948802546
0.06       -1.0321057182605688
0.07       -1.0313613314808574
0.08       -1.030500055921918
0.09       -1.029520878805519
0.1       -1.028422653631326
0.11       -1.0272041006738943
0.12       -1.0258638075404074
0.13       -1.0244002297899106
0.14       -1.02281169161488
0.15       -1.0210963865860336
0.16       -1.019252378461375
0.17       -1.0172776020605367
0.18       -1.0151698642055607
0.19       -1.0129268447293418
0.2       -1.0105460975530174
0.21       -1.00802505183368
0.22       -1.0053610131838482
0.23       -1.0025511649642145
0.24       -0.9995925696512553
0.25       -0.9964821702813611
0.26       -0.9932167919732187
0.27       -0.9897931435302428
0.28       -0.9862078191249248
0.29       -0.9824573000670346
0.3       -0.9785379566576786
0.31       -0.9744460501312809
0.32       -0.970177734687619
0.33       -0.965729059616111
0.34       -0.9610959715146105
0.35000000000000003       -0.9562743166050254
0.36       -0.9512598431481386
0.37       -0.9460482039600657
0.38       -0.9406349590328343
0.39       -0.9350155782616358
0.4       -0.9291854442813408
0.41000000000000003       -0.9231398554149295
0.42       -0.9168740287365327
0.43       -0.9103831032518247
0.44       -0.9036621431985612
0.45       -0.896706141470093
0.46       -0.8895100231647246
0.47000000000000003       -0.8820686492638361
0.48       -0.8743768204417119
0.49       -0.8664292810100596
0.5       -0.8582207230002339
0.51       -0.849745790386209
0.52       -0.8409990834513659
0.53       -0.8319751633021921
0.54       -0.822668556532004
0.55       -0.8130737600378257
0.56       -0.8031852459935721
0.5700000000000001       -0.7929974669826909
0.58       -0.7825048612934368
0.59       -0.7717018583799428
0.6       -0.760582884492272
0.61       -0.7491423684786113
0.62       -0.7373747477627859
0.63       -0.7252744745002412
0.64       -0.7128360219156455
0.65       -0.7000538908252367
0.66       -0.6869226163470199
0.67       -0.673436774801899
0.68       -0.6595909908087918
0.6900000000000001       -0.645379944576744
0.7000000000000001       -0.6307983793970242
0.71       -0.6158411093381327
0.72       -0.6005030271466056
0.73       -0.5847791123564559
0.74       -0.5686644396100127
0.75       -0.5521541871928815
0.76       -0.535243645785656
0.77       -0.5179282274349498
0.78       -0.5002034747462335
0.79       -0.48206507030087486
0.8       -0.463508846299688
0.81       -0.4445307944351978
0.8200000000000001       -0.4251270759947188
0.8300000000000001       -0.40529403219624793
0.84       -0.3850281947590357
0.85       -0.3643262967105858
0.86       -0.34318528343170096
0.87       -0.3216023239410556
0.88       -0.2995748224206204
0.89       -0.27710042998312523
0.9       -0.25417705668257357
0.91       -0.23080288376866273
0.92       -0.20697637618577786
0.93       -0.18269629531705853
0.9400000000000001       -0.15796171197382386
0.9500000000000001       -0.1327720196304643
0.96       -0.10712694790467998
0.97       -0.08102657628273895
0.98       -0.05447134808919903
0.99       -0.027462084700301877
1.       -7.648463824387237e-17


0.      ""


0.      ""


0.      -1.1638461036310692
0.01       -1.1637411309052603
0.02       -1.1634261804192725
0.03       -1.162901155300567
0.04       -1.1621658942720845
0.05       -1.1612201719180704
0.06       -1.160063699056361
0.07       -1.1586961232172697
0.08       -1.157117029229235
0.09       -1.1553259399114502
0.1       -1.153322316873705
0.11       -1.1511055614237349
0.12       -1.1486750155823857
0.13       -1.14602996320695
0.14       -1.1431696312230624
0.15       -1.1400931909655765
0.16       -1.1367997596288753
0.17       -1.1332884018271032
0.18       -1.1295581312648433
0.19       -1.1256079125187801
0.2       -1.1214366629309334
0.21       -1.1170432546140672
0.22       -1.1124265165699083
0.23       -1.1075852369208337
0.24       -1.1025181652557114
0.25       -1.0972240150906
0.26       -1.0917014664450404
0.27       -1.0859491685346796
0.28       -1.0799657425810052
0.29       -1.0737497847389603
0.3       -1.0672998691432496
0.31       -1.0606145510741392
0.32       -1.0536923702435752
0.33       -1.046531854202453
0.34       -1.039131521869872
0.35000000000000003       -1.0314898871852223
0.36       -1.0236054628839415
0.37       -1.015476764397797
0.38       -1.007102313880524
0.39       -0.9984806443596661
0.4       -0.9896103040154444
0.41000000000000003       -0.9804898605874761
0.42       -0.9711179059101503
0.43       -0.9614930605774532
0.44       -0.9516139787380122
0.45       -0.9414793530211174
0.46       -0.9310879195944393
0.47000000000000003       -0.9204384633541492
0.48       -0.9095298232481055
0.49       -0.8983608977327423
0.5       -0.8869306503642566
0.51       -0.8752381155246476
0.52       -0.8632824042831198
0.53       -0.8510627103933109
0.54       -0.8385783164267548
0.55       -0.8258286000429325
0.56       -0.812813040396204
0.5700000000000001       -0.7995312246798526
0.58       -0.7859828548074022
0.59       -0.7721677542312931
0.6       -0.7580858748989387
0.61       -0.7437373043460809
0.62       -0.7291222729273044
0.63       -0.7142411611834545
0.64       -0.6990945073456298
0.65       -0.6836830149753049
0.66       -0.668007560740046
0.67       -0.6520692023241663
0.68       -0.6358691864735608
0.6900000000000001       -0.6194089571738286
0.7000000000000001       -0.602690163960686
0.71       -0.5857146703615235
0.72       -0.5684845624668412
0.73       -0.5510021576301489
0.74       -0.53327001329477
0.75       -0.515290935945847
0.76       -0.49706799018567793
0.77       -0.4786045079303572
0.78       -0.4599040977255237
0.79       -0.4409706541788486
0.8       -0.42180836750670836
0.81       -0.40242173319230945
0.8200000000000001       -0.38281556175232934
0.8300000000000001       -0.36299498860895607
0.84       -0.3429654840639855
0.85       -0.32273286337143736
0.86       -0.3023032969049255
0.87       -0.2816833204158059
0.88       -0.2608798453778782
0.89       -0.2399001694141969
0.9       -0.2187519868012942
0.91       -0.197443399045872
0.92       -0.17598292552875838
0.93       -0.1543795142106722
0.9400000000000001       -0.1326425523940492
0.9500000000000001       -0.11078187753493157
0.96       -0.08880778809861657
0.97       -0.06673105445248373
0.98       -0.04456292978911523
0.99       -0.022315161072525944
1.       -1.098769564880111e-16


0.      ""


0.      ""


0.      -0.8489854098539735
0.01       -0.8488723468247165
0.02       -0.8485331732485337
0.03       -0.8479679357174292
0.04       -0.8471767120755211
0.05       -0.8461596117051796
0.06       -0.844916775927553
0.07       -0.843448378517421
0.08       -0.8417546263322901
0.09       -0.8398357600556261
0.1       -0.8376920550541052
0.11       -0.8353238223487387
0.12       -0.8327314096997078
0.13       -0.8299152028047259
0.14       -0.8268756266107181
0.15       -0.8236131467385941
0.16       -0.8201282710208557
0.17       -0.8164215511517651
0.18       -0.8124935844497712
0.19       -0.8083450157318629
0.2       -0.8039765392994922
0.21       -0.7993889010356836
0.22       -0.7945829006129117
0.23       -0.7895593938112995
0.24       -0.7843192949466593
0.25       -0.7788635794078577
0.26       -0.7731932863029596
0.27       -0.7673095212135569
0.28       -0.7612134590566613
0.29       -0.7549063470534865
0.3       -0.7483895078044146
0.31       -0.7416643424693877
0.32       -0.7347323340529243
0.33       -0.7275950507929076
0.34       -0.7202541496522475
0.35000000000000003       -0.7127113799124589
0.36       -0.7049685868681477
0.37       -0.6970277156213391
0.38       -0.6888908149745187
0.39       -0.6805600414212002
0.4       -0.6720376632327649
0.41000000000000003       -0.6633260646402528
0.42       -0.6544277501097131
0.43       -0.6453453487096564
0.44       -0.6360816185690625
0.45       -0.6266394514243361
0.46       -0.6170218772535075
0.47000000000000003       -0.607232068995902
0.48       -0.5972733473554073
0.49       -0.587149185685386
0.5       -0.5768632149531827
0.51       -0.5664192287820781
0.52       -0.5558211885684499
0.53       -0.5450732286717934
0.54       -0.5341796616751499
0.55       -0.5231449837133819
0.56       -0.5119738798666275
0.5700000000000001       -0.5006712296161396
0.58       -0.4892421123596138
0.59       -0.4776918129829651
0.6       -0.46602582748541177
0.61       -0.4542498686545725
0.62       -0.4423698717881699
0.63       -0.43039200045878023
0.64       -0.41832265231794674
0.65       -0.40616846493581027
0.66       -0.39393632167228443
0.67       -0.3816333575756341
0.68       -0.36926696530417447
0.6900000000000001       -0.3568448010666389
0.7000000000000001       -0.3443747905766126
0.71       -0.3318651350162531
0.72       -0.31932431700435626
0.73       -0.3067611065636523
0.74       -0.2941845670820336
0.75       -0.281604061262244
0.76       -0.2690292570543702
0.77       -0.2564701335652868
0.78       -0.24393698693901725
0.79       -0.23144043620177812
0.8       -0.21899142906527286
0.81       -0.20660124768160065
0.8200000000000001       -0.19428151434293447
0.8300000000000001       -0.18204419711892394
0.84       -0.16990161542455332
0.85       -0.15786644551097584
0.86       -0.1459517258716194
0.87       -0.1341708625556455
0.88       -0.12253763438060364
0.89       -0.11106619803590333
0.9       -0.09977109306848891
0.91       -0.08866724674186673
0.92       -0.07776997875939483
0.93       -0.06709500584250652
0.9400000000000001       -0.0566584461542865
0.9500000000000001       -0.04647682355858339
0.96       -0.036567071704580054
0.97       -0.026946537926499748
0.98       -0.0176329869478646
0.99       -0.008644604379473661
1.       -1.0130001193412288e-16


0.      ""


0.      ""


0.      -0.20984114546542
0.01       -0.20976317836701958
0.02       -0.2095293344786583
0.03       -0.20913978606031963
0.04       -0.2085948203434922
0.05       -0.20789483972832357
0.06       -0.2070403620593984
0.07       -0.20603202097990442
0.08       -0.20487056636387768
0.09       -0.2035568648261542
0.1       -0.20209190030958546
0.11       -0.20047677474900333
0.12       -0.1987127088113554
0.13       -0.19680104271135868
0.14       -0.19474323710194646
0.15       -0.19254087403872333
0.16       -0.19019565801755478
0.17       -0.1877094170843634
0.18       -0.18508410401611936
0.19       -0.1823217975719424
0.2       -0.1794247038131605
0.21       -0.1763951574910949
0.22       -0.17323562350126243
0.23       -0.16994869840261234
0.24       -0.16653711200033694
0.25       -0.16300372899071625
0.26       -0.15935155066637668
0.27       -0.15558371668026388
0.28       -0.1517035068665492
0.29       -0.14771434311660486
0.3       -0.14361979130809782
0.31       -0.1394235632851722
0.32       -0.13512951888759794
0.33       -0.13074166802667753
0.34       -0.12626417280561758
0.35000000000000003       -0.12170134968197543
0.36       -0.11705767166970432
0.37       -0.11233777057822569
0.38       -0.1075464392858621
0.39       -0.102688634044872
0.4       -0.09776947681522485
0.41000000000000003       -0.0927942576241626
0.42       -0.08776843694848813
0.43       -0.08269764811642388
0.44       -0.07758769972577706
0.45       -0.072444578075047
0.46       -0.06727444960400147
0.47000000000000003       -0.06208366334014137
0.48       -0.05687875334736542
0.49       -0.05166644117303548
0.5       -0.04645363828952964
0.51       -0.04124744852625728
0.52       -0.0360551704879965
0.53       -0.03088429995529457
0.54       -0.025742532262557127
0.55       -0.020637764649329704
0.56       -0.015578098580154576
0.5700000000000001       -0.010571842028264167
0.58       -0.005627511718247824
0.59       -0.0007538353227026229
0.6       0.004040246392247537
0.61       0.00874557747780702
0.62       0.013352784775112148
0.63       0.01785227595508765
0.64       0.022234237631187148
0.65       0.02648863355079417
0.66       0.030605202871178072
0.67       0.034573458526048206
0.68       0.038382685688878315
0.6900000000000001       0.04202194033931217
0.7000000000000001       0.04548004793909982
0.71       0.04874560222415314
0.72       0.0518069641194468
0.73       0.054652260783631
0.74       0.05726938479036614
0.75       0.05964599345352853
0.76       0.061769508303574555
0.77       0.06362711472249785
0.78       0.06520576174495468
0.79       0.06649216203327002
0.8       0.06747279203418521
0.81       0.06813389232534414
0.8200000000000001       0.06846146815966123
0.8300000000000001       0.06844129021585146
0.84       0.06805889556354483
0.85       0.06729958885154513
0.86       0.06614844372793796
0.87       0.06459030450088088
0.88       0.0626097880490538
0.89       0.060191285990878515
0.9       0.05731896712175012
0.91       0.05397678012865827
0.92       0.05014845659170021
0.93       0.04581751428212388
0.9400000000000001       0.04096726076665788
0.9500000000000001       0.0355807973280118
0.96       0.029641023211551508
0.97       0.023130640208269024
0.98       0.016032157584287037
0.99       0.008327897367241368
1.       -5.4029905882169695e-17


0.      ""


0.      ""


0.      0.5094553042527132
0.01       0.509468394638672
0.02       0.5095075884219196
0.03       0.5095726534719508
0.04       0.5096632028825728
0.05       0.5097786949390402
0.06       0.5099184330723622
0.07       0.5100815658011044
0.08       0.5102670866610952
0.09       0.5104738341235407
0.1       0.5107004915021407
0.11       0.5109455868498948
0.12       0.511207492846374
0.13       0.5114844266763279
0.14       0.5117744499005892
0.15       0.5120754683203277
0.16       0.5123852318358008
0.17       0.512701334300835
0.18       0.5130212133743691
0.19       0.513342150370482
0.2       0.5136612701084157
0.21       0.5139755407642014
0.22       0.514281773725589
0.23       0.5145766234520679
0.24       0.5148565873418661
0.25       0.5151180056079022
0.26       0.5153570611647611
0.27       0.5155697795288561
0.28       0.5157520287340317
0.29       0.5158995192649558
0.3       0.5160078040107456
0.31       0.5160722782413572
0.32       0.51608817960937
0.33       0.5160505881798879
0.34       0.5159544264913681
0.35000000000000003       0.5157944596502866
0.36       0.5155652954626405
0.37       0.5152613846053821
0.38       0.5148770208409668
0.39       0.5144063412782978
0.4       0.5138433266834364
0.41000000000000003       0.5131818018435436
0.42       0.5124154359876072
0.43       0.5115377432676038
0.44       0.5105420833038343
0.45       0.5094216617982645
0.46       0.5081695312197912
0.47000000000000003       0.5067785915654475
0.48       0.505241591201648
0.49       0.5035511277896676
0.5       0.5016996492996303
0.51       0.499679455117382
0.52       0.49748269724869937
0.53       0.49510138162538003
0.54       0.4925273695178417
0.55       0.4897523790589454
0.56       0.4867679868838408
0.5700000000000001       0.4835656298907135
0.58       0.4801366071274004
0.59       0.47647208180891204
0.6       0.47256308347099246
0.61       0.4684005102649099
0.62       0.4639751313987636
0.63       0.45927758973065463
0.64       0.4542984045191495
0.65       0.449027974336536
0.66       0.4434565801504364
0.67       0.43757438857941494
0.68       0.43137145532828386
0.6900000000000001       0.42483772880886633
0.7000000000000001       0.4179630539520507
0.71       0.4107371762170154
0.72       0.4031497458035675
0.73       0.3951903220735903
0.74       0.38684837818764234
0.75       0.37811330596280696
0.76       0.3689744209579227
0.77       0.35942096779237726
0.78       0.3494421257046816
0.79       0.33902701435707433
0.8       0.32816469989243774
0.81       0.3168442012498331
0.8200000000000001       0.305054496744985
0.8300000000000001       0.29278453092206724
0.84       0.2800232216831483
0.85       0.2667594677016694
0.86       0.2529821561263328
0.87       0.2386801705817761
0.88       0.22384239947239967
0.89       0.20845774459571018
0.9       0.19251513007151835
0.91       0.1760035115933157
0.92       0.15891188600811446
0.93       0.1412293012310167
0.9400000000000001       0.12294486650071904
0.9500000000000001       0.10404776298212794
0.96       0.08452725472219495
0.97       0.06437269996502398
0.98       0.043573562832235437
0.99       0.02211942537449096
1.       1.3877787807814443e-17


0.      ""


0.      ""


0.      1.0341571434952288
0.01       1.0341003570862355
0.02       1.0339299300713165
0.03       1.033645659115408
0.04       1.0332472054226283
0.05       1.0327340948802544
0.06       1.0321057182605688
0.07       1.0313613314808574
0.08       1.0305000559219177
0.09       1.029520878805519
0.1       1.028422653631326
0.11       1.0272041006738943
0.12       1.0258638075404072
0.13       1.0244002297899104
0.14       1.02281169161488
0.15       1.0210963865860334
0.16       1.019252378461375
0.17       1.0172776020605365
0.18       1.0151698642055607
0.19       1.0129268447293418
0.2       1.0105460975530174
0.21       1.0080250518336797
0.22       1.005361013183848
0.23       1.0025511649642143
0.24       0.9995925696512551
0.25       0.9964821702813609
0.26       0.9932167919732185
0.27       0.9897931435302427
0.28       0.9862078191249248
0.29       0.9824573000670345
0.3       0.9785379566576785
0.31       0.9744460501312808
0.32       0.970177734687619
0.33       0.965729059616111
0.34       0.9610959715146103
0.35000000000000003       0.9562743166050252
0.36       0.9512598431481385
0.37       0.9460482039600657
0.38       0.9406349590328342
0.39       0.9350155782616357
0.4       0.9291854442813405
0.41000000000000003       0.9231398554149295
0.42       0.9168740287365327
0.43       0.9103831032518246
0.44       0.9036621431985612
0.45       0.8967061414700929
0.46       0.8895100231647246
0.47000000000000003       0.8820686492638361
0.48       0.8743768204417117
0.49       0.8664292810100593
0.5       0.8582207230002338
0.51       0.8497457903862089
0.52       0.8409990834513659
0.53       0.8319751633021921
0.54       0.822668556532004
0.55       0.8130737600378257
0.56       0.803185245993572
0.5700000000000001       0.7929974669826907
0.58       0.7825048612934367
0.59       0.7717018583799427
0.6       0.7605828844922718
0.61       0.7491423684786112
0.62       0.7373747477627858
0.63       0.7252744745002411
0.64       0.7128360219156455
0.65       0.7000538908252366
0.66       0.6869226163470199
0.67       0.673436774801899
0.68       0.6595909908087918
0.6900000000000001       0.6453799445767439
0.7000000000000001       0.6307983793970242
0.71       0.6158411093381326
0.72       0.6005030271466056
0.73       0.5847791123564559
0.74       0.5686644396100126
0.75       0.5521541871928813
0.76       0.5352436457856559
0.77       0.5179282274349497
0.78       0.5002034747462334
0.79       0.48206507030087486
0.8       0.463508846299688
0.81       0.4445307944351977
0.8200000000000001       0.4251270759947187
0.8300000000000001       0.40529403219624793
0.84       0.3850281947590357
0.85       0.36432629671058575
0.86       0.34318528343170096
0.87       0.3216023239410556
0.88       0.2995748224206204
0.89       0.27710042998312523
0.9       0.2541770566825735
0.91       0.2308028837686627
0.92       0.20697637618577786
0.93       0.1826962953170585
0.9400000000000001       0.15796171197382386
0.9500000000000001       0.1327720196304643
0.96       0.10712694790467997
0.97       0.08102657628273893
0.98       0.054471348089199026
0.99       0.027462084700301877
1.       7.648463824387236e-17


0.      ""


0.      ""


0.      1.1638461036310692
0.01       1.1637411309052603
0.02       1.1634261804192725
0.03       1.162901155300567
0.04       1.1621658942720847
0.05       1.1612201719180704
0.06       1.160063699056361
0.07       1.1586961232172697
0.08       1.1571170292292352
0.09       1.1553259399114502
0.1       1.153322316873705
0.11       1.151105561423735
0.12       1.1486750155823857
0.13       1.14602996320695
0.14       1.1431696312230626
0.15       1.1400931909655767
0.16       1.1367997596288753
0.17       1.1332884018271034
0.18       1.1295581312648435
0.19       1.1256079125187801
0.2       1.1214366629309334
0.21       1.1170432546140672
0.22       1.1124265165699083
0.23       1.1075852369208337
0.24       1.1025181652557114
0.25       1.0972240150906
0.26       1.0917014664450404
0.27       1.0859491685346796
0.28       1.0799657425810052
0.29       1.0737497847389603
0.3       1.0672998691432496
0.31       1.0606145510741394
0.32       1.0536923702435754
0.33       1.046531854202453
0.34       1.0391315218698722
0.35000000000000003       1.0314898871852223
0.36       1.0236054628839415
0.37       1.015476764397797
0.38       1.007102313880524
0.39       0.9984806443596662
0.4       0.9896103040154445
0.41000000000000003       0.9804898605874761
0.42       0.9711179059101505
0.43       0.9614930605774533
0.44       0.9516139787380122
0.45       0.9414793530211174
0.46       0.9310879195944394
0.47000000000000003       0.9204384633541492
0.48       0.9095298232481055
0.49       0.8983608977327424
0.5       0.8869306503642567
0.51       0.8752381155246477
0.52       0.8632824042831198
0.53       0.851062710393311
0.54       0.838578316426755
0.55       0.8258286000429326
0.56       0.8128130403962041
0.5700000000000001       0.7995312246798526
0.58       0.7859828548074022
0.59       0.7721677542312931
0.6       0.7580858748989387
0.61       0.7437373043460809
0.62       0.7291222729273045
0.63       0.7142411611834545
0.64       0.69909450734563
0.65       0.6836830149753049
0.66       0.668007560740046
0.67       0.6520692023241663
0.68       0.6358691864735609
0.6900000000000001       0.6194089571738287
0.7000000000000001       0.602690163960686
0.71       0.5857146703615236
0.72       0.5684845624668412
0.73       0.5510021576301489
0.74       0.5332700132947701
0.75       0.5152909359458471
0.76       0.49706799018567793
0.77       0.47860450793035725
0.78       0.45990409772552376
0.79       0.4409706541788486
0.8       0.42180836750670836
0.81       0.40242173319230945
0.8200000000000001       0.3828155617523294
0.8300000000000001       0.36299498860895607
0.84       0.3429654840639855
0.85       0.32273286337143736
0.86       0.3023032969049255
0.87       0.2816833204158059
0.88       0.26087984537787823
0.89       0.23990016941419692
0.9       0.21875198680129423
0.91       0.19744339904587202
0.92       0.1759829255287584
0.93       0.15437951421067223
0.9400000000000001       0.1326425523940492
0.9500000000000001       0.11078187753493159
0.96       0.08880778809861659
0.97       0.06673105445248374
0.98       0.04456292978911523
0.99       0.022315161072525947
1.       1.098769564880111e-16


0.      ""


0.      ""


0.      0.8489854098539736
0.01       0.8488723468247166
0.02       0.8485331732485338
0.03       0.8479679357174293
0.04       0.8471767120755211
0.05       0.8461596117051797
0.06       0.844916775927553
0.07       0.8434483785174212
0.08       0.8417546263322903
0.09       0.8398357600556261
0.1       0.8376920550541053
0.11       0.8353238223487388
0.12       0.8327314096997079
0.13       0.829915202804726
0.14       0.8268756266107182
0.15       0.8236131467385942
0.16       0.8201282710208557
0.17       0.8164215511517651
0.18       0.8124935844497713
0.19       0.808345015731863
0.2       0.8039765392994922
0.21       0.7993889010356837
0.22       0.7945829006129117
0.23       0.7895593938112995
0.24       0.7843192949466593
0.25       0.7788635794078578
0.26       0.7731932863029596
0.27       0.767309521213557
0.28       0.7612134590566613
0.29       0.7549063470534865
0.3       0.7483895078044147
0.31       0.7416643424693878
0.32       0.7347323340529243
0.33       0.7275950507929076
0.34       0.7202541496522475
0.35000000000000003       0.712711379912459
0.36       0.7049685868681478
0.37       0.6970277156213392
0.38       0.6888908149745188
0.39       0.6805600414212003
0.4       0.672037663232765
0.41000000000000003       0.6633260646402528
0.42       0.6544277501097132
0.43       0.6453453487096565
0.44       0.6360816185690625
0.45       0.6266394514243361
0.46       0.6170218772535077
0.47000000000000003       0.607232068995902
0.48       0.5972733473554073
0.49       0.5871491856853861
0.5       0.5768632149531828
0.51       0.5664192287820782
0.52       0.5558211885684499
0.53       0.5450732286717935
0.54       0.53417966167515
0.55       0.523144983713382
0.56       0.5119738798666275
0.5700000000000001       0.5006712296161396
0.58       0.4892421123596138
0.59       0.47769181298296515
0.6       0.46602582748541177
0.61       0.4542498686545725
0.62       0.44236987178817
0.63       0.43039200045878034
0.64       0.4183226523179468
0.65       0.40616846493581027
0.66       0.39393632167228443
0.67       0.38163335757563416
0.68       0.3692669653041746
0.6900000000000001       0.35684480106663896
0.7000000000000001       0.34437479057661263
0.71       0.33186513501625314
0.72       0.31932431700435626
0.73       0.30676110656365235
0.74       0.29418456708203367
0.75       0.2816040612622441
0.76       0.26902925705437025
0.77       0.25647013356528686
0.78       0.24393698693901728
0.79       0.23144043620177818
0.8       0.21899142906527289
0.81       0.20660124768160068
0.8200000000000001       0.1942815143429345
0.8300000000000001       0.18204419711892397
0.84       0.16990161542455334
0.85       0.1578664455109759
0.86       0.14595172587161942
0.87       0.13417086255564553
0.88       0.12253763438060367
0.89       0.11106619803590335
0.9       0.09977109306848893
0.91       0.08866724674186674
0.92       0.07776997875939484
0.93       0.06709500584250654
0.9400000000000001       0.056658446154286515
0.9500000000000001       0.046476823558583395
0.96       0.03656707170458006
0.97       0.026946537926499755
0.98       0.017632986947864603
0.99       0.008644604379473663
1.       1.0130001193412288e-16


0.      ""


0.      ""


0.      0.2098411454654201
0.01       0.2097631783670197
0.02       0.2095293344786584
0.03       0.20913978606031974
0.04       0.2085948203434923
0.05       0.20789483972832368
0.06       0.20704036205939852
0.07       0.20603202097990453
0.08       0.2048705663638778
0.09       0.20355686482615432
0.1       0.20209190030958557
0.11       0.20047677474900344
0.12       0.1987127088113555
0.13       0.1968010427113588
0.14       0.19474323710194658
0.15       0.19254087403872344
0.16       0.1901956580175549
0.17       0.1877094170843635
0.18       0.18508410401611947
0.19       0.1823217975719425
0.2       0.1794247038131606
0.21       0.17639515749109502
0.22       0.17323562350126254
0.23       0.16994869840261245
0.24       0.16653711200033705
0.25       0.16300372899071636
0.26       0.1593515506663768
0.27       0.155583716680264
0.28       0.15170350686654932
0.29       0.14771434311660497
0.3       0.14361979130809793
0.31       0.1394235632851723
0.32       0.13512951888759805
0.33       0.13074166802667764
0.34       0.1262641728056177
0.35000000000000003       0.12170134968197555
0.36       0.11705767166970443
0.37       0.1123377705782258
0.38       0.10754643928586222
0.39       0.1026886340448721
0.4       0.09776947681522496
0.41000000000000003       0.09279425762416271
0.42       0.08776843694848824
0.43       0.082697648116424
0.44       0.07758769972577717
0.45       0.07244457807504712
0.46       0.06727444960400158
0.47000000000000003       0.062083663340141426
0.48       0.05687875334736553
0.49       0.05166644117303559
0.5       0.04645363828952975
0.51       0.04124744852625739
0.52       0.03605517048799656
0.53       0.030884299955294625
0.54       0.025742532262557183
0.55       0.020637764649329815
0.56       0.015578098580154687
0.5700000000000001       0.010571842028264222
0.58       0.005627511718247935
0.59       0.0007538353227026784
0.6       -0.004040246392247482
0.61       -0.008745577477806965
0.62       -0.013352784775112092
0.63       -0.017852275955087538
0.64       -0.022234237631187037
0.65       -0.026488633550794116
0.66       -0.030605202871178017
0.67       -0.03457345852604815
0.68       -0.03838268568887826
0.6900000000000001       -0.042021940339312114
0.7000000000000001       -0.045480047939099766
0.71       -0.048745602224153084
0.72       -0.05180696411944674
0.73       -0.054652260783630946
0.74       -0.057269384790366085
0.75       -0.05964599345352847
0.76       -0.06176950830357453
0.77       -0.06362711472249782
0.78       -0.06520576174495463
0.79       -0.06649216203326999
0.8       -0.06747279203418519
0.81       -0.06813389232534409
0.8200000000000001       -0.0684614681596612
0.8300000000000001       -0.06844129021585144
0.84       -0.0680588955635448
0.85       -0.0672995888515451
0.86       -0.06614844372793793
0.87       -0.06459030450088085
0.88       -0.06260978804905377
0.89       -0.06019128599087849
0.9       -0.05731896712175011
0.91       -0.05397678012865825
0.92       -0.0501484565917002
0.93       -0.04581751428212387
0.9400000000000001       -0.04096726076665787
0.9500000000000001       -0.035580797328011796
0.96       -0.0296410232115515
0.97       -0.023130640208269018
0.98       -0.016032157584287034
0.99       -0.008327897367241367
1.       5.402990588216971e-17


0.      ""


0.      ""


0.      -0.5094553042527131
0.01       -0.5094683946386719
0.02       -0.5095075884219195
0.03       -0.5095726534719507
0.04       -0.5096632028825727
0.05       -0.50977869493904
0.06       -0.5099184330723621
0.07       -0.5100815658011043
0.08       -0.5102670866610951
0.09       -0.5104738341235406
0.1       -0.5107004915021406
0.11       -0.5109455868498947
0.12       -0.5112074928463739
0.13       -0.5114844266763278
0.14       -0.5117744499005891
0.15       -0.5120754683203276
0.16       -0.5123852318358006
0.17       -0.5127013343008349
0.18       -0.513021213374369
0.19       -0.5133421503704819
0.2       -0.5136612701084156
0.21       -0.5139755407642013
0.22       -0.5142817737255889
0.23       -0.5145766234520678
0.24       -0.514856587341866
0.25       -0.5151180056079021
0.26       -0.515357061164761
0.27       -0.515569779528856
0.28       -0.5157520287340316
0.29       -0.5158995192649557
0.3       -0.5160078040107455
0.31       -0.516072278241357
0.32       -0.5160881796093699
0.33       -0.5160505881798878
0.34       -0.515954426491368
0.35000000000000003       -0.5157944596502865
0.36       -0.5155652954626404
0.37       -0.515261384605382
0.38       -0.5148770208409666
0.39       -0.5144063412782977
0.4       -0.5138433266834362
0.41000000000000003       -0.5131818018435435
0.42       -0.5124154359876071
0.43       -0.5115377432676037
0.44       -0.5105420833038342
0.45       -0.5094216617982644
0.46       -0.5081695312197911
0.47000000000000003       -0.5067785915654474
0.48       -0.5052415912016479
0.49       -0.5035511277896675
0.5       -0.5016996492996302
0.51       -0.49967945511738193
0.52       -0.4974826972486993
0.53       -0.49510138162538
0.54       -0.49252736951784165
0.55       -0.48975237905894536
0.56       -0.48676798688384076
0.5700000000000001       -0.48356562989071344
0.58       -0.4801366071274003
0.59       -0.47647208180891193
0.6       -0.47256308347099235
0.61       -0.4684005102649098
0.62       -0.4639751313987635
0.63       -0.4592775897306545
0.64       -0.4542984045191494
0.65       -0.4490279743365359
0.66       -0.4434565801504363
0.67       -0.4375743885794149
0.68       -0.4313714553282838
0.6900000000000001       -0.4248377288088663
0.7000000000000001       -0.41796305395205063
0.71       -0.41073717621701533
0.72       -0.40314974580356744
0.73       -0.39519032207359023
0.74       -0.3868483781876423
0.75       -0.3781133059628069
0.76       -0.36897442095792266
0.77       -0.3594209677923772
0.78       -0.3494421257046815
0.79       -0.3390270143570743
0.8       -0.32816469989243774
0.81       -0.3168442012498331
0.8200000000000001       -0.305054496744985
0.8300000000000001       -0.29278453092206724
0.84       -0.2800232216831483
0.85       -0.2667594677016694
0.86       -0.2529821561263328
0.87       -0.23868017058177607
0.88       -0.22384239947239964
0.89       -0.20845774459571015
0.9       -0.19251513007151835
0.91       -0.1760035115933157
0.92       -0.15891188600811446
0.93       -0.1412293012310167
0.9400000000000001       -0.12294486650071902
0.9500000000000001       -0.10404776298212794
0.96       -0.08452725472219495
0.97       -0.06437269996502397
0.98       -0.043573562832235437
0.99       -0.02211942537449096
1.       -1.3877787807814429e-17


0.      ""


0.      ""
