0.    0.
0.    -7.439126031652008e-6
0.01    -7.408160021240109e-6
0.02    -7.313035414738879e-6
0.03    -7.1471039162547e-6
0.04    -6.899392389560171e-6
0.05    -6.554772920325237e-6
0.06    -6.0942188087494036e-6
0.07    -5.4951640399314694e-6
0.08    -4.731988249367215e-6
0.09    -3.7766532083717126e-6
0.1    -2.5995202362580105e-6
0.11    -1.1703805059546203e-6
0.12    5.40268287822942e-7
0.13    2.559665260561776e-6
0.14    4.910917519097731e-6
0.15    7.610790545052421e-6
0.16    0.00001066713505991651
0.17    0.00001407593643927916
0.18    0.000017817984860684642
0.19    0.000021855180296901578
0.2    0.00002612650668299451
0.21    0.000030543734545620966
0.22    0.000034986941487492283
0.23    0.000039299975482183566
0.24    0.000043286027138139885
0.25    0.000046703523940733406
0.26    0.000049262611746944344
0.27    0.00005062254595807365
0.28    0.000050390375929711836
0.29    0.000048121369943406355
0.3    0.00004332169257713212
0.31    0.00003545390906957683
0.32    0.000023945949069865274
0.33    8.20421100614404e-6
0.34    -0.000012368476661600877
0.35000000000000003    -0.000038349305594226026
0.36    -0.00007026562830269499
0.37    -0.00010855811354441103
0.38    -0.0001535363280908969
0.39    -0.000205326296402266
0.4    -0.0002638097920421573
0.41000000000000003    -0.000328555390193308
0.42    -0.0003987416703559492
0.43    -0.0004730734129923126
0.44    -0.0005496921935501063
0.45    -0.0006260834505865748
0.46    -0.0006989828980413783
0.47000000000000003    -0.0007642860683050396
0.48    -0.0008169658115099044
0.49    -0.0008510037307071582
0.5    -0.0008593427884496434
0.51    -0.0008338696551955253
0.52    -0.0007654367507937516
0.53    -0.0006439353116516201
0.54    -0.00045843213828418504
0.55    -0.0001973838649113465
0.56    0.00015105644922357414
0.5700000000000001    0.0005986249913915139
0.58    0.0011564095748185072
0.59    0.0018341736630251443
0.6    0.0026395282759726505
0.61    0.0035769403194691506
0.62    0.004646569403072036
0.63    0.005842930183531404
0.64    0.007153383928079719
0.65    0.008556471572954943
0.66    0.010020111286610588
0.67    0.011499696641108927
0.68    0.012936147117960647
0.6900000000000001    0.014253980937177701
0.7000000000000001    0.015359501130739476
0.71    0.016139209306551296
0.72    0.016458587450564117
0.73    0.01616141600484804
0.74    0.015069825740069848
0.75    0.012985310764255504
0.76    0.00969095923674515
0.77    0.004955185514417893
0.78    -0.0014627292995871982
0.79    -0.00980496436304076
0.8    -0.02030502141392936
0.81    -0.03317479398395595
0.8200000000000001    -0.04858853456837517
0.8300000000000001    -0.06666345003050889
0.84    -0.08743671897268915
0.85    -0.11083881735021228
0.86    -0.13666316534556736
0.87    -0.16453227466487064
0.88    -0.19386078608127424
0.89    -0.22381604699517976
0.9    -0.2532771921003383
0.91    -0.2807940599638007
0.92    -0.3045477059329702
0.93    -0.32231475666866155
0.9400000000000001    -0.33143839043337653
0.9500000000000001    -0.32880931325528057
0.96    -0.31086072321584385
0.97    -0.27358189724983173
0.98    -0.2125556748769077
0.99    -0.12302572215723312
1.    -5.551115123125783e-17


0.    -0.58778946146192
0.01    -0.5877893927291573
0.02    -0.5877891852795747
0.03    -0.5877888354282822
0.04    -0.5877883372652187
0.05    -0.5877876830072548
0.06    -0.5877868635007528
0.07    -0.5877858688834653
0.08    -0.587784689416096
0.09    -0.5877833164944769
0.1    -0.5877817438528654
0.11    -0.587779968967154
0.12    -0.5877779946635285
0.13    -0.5877758309330883
0.14    -0.587773496945869
0.15    -0.5877710232483438
0.16    -0.5877684541165638
0.17    -0.5877658500224194
0.18    -0.5877632901528631
0.19    -0.5877608749012234
0.2    -0.587758728225912
0.21    -0.5877569997449557
0.22    -0.587755866405096
0.23    -0.5877555335320926
0.24    -0.587756235034964
0.25    -0.5877582325020991
0.26    -0.587761812892665
0.27    -0.5877672844940974
0.28    -0.5877749707876272
0.29    -0.587785201841218
0.3    -0.5877983028358083
0.31    -0.5878145793298097
0.32    -0.5878342988823094
0.33    -0.5878576686918071
0.34    -0.5878848089695228
0.35000000000000003    -0.5879157218596827
0.36    -0.5879502558494506
0.37    -0.5879880657841815
0.38    -0.5880285688253405
0.39    -0.5880708969643876
0.4    -0.5881138470412265
0.41000000000000003    -0.588155829614552
0.42    -0.5881948184962273
0.43    -0.5882283032932683
0.44    -0.5882532478970396
0.45    -0.5882660585143169
0.46    -0.5882625655391369
0.47000000000000003    -0.5882380243028347
0.48    -0.5881871404911247
0.49    -0.5881041267531651
0.5    -0.5879827977115797
0.51    -0.5878167111685986
0.52    -0.5875993637358264
0.53    -0.5873244493268465
0.54    -0.5869861888647392
0.55    -0.586579739080925
0.56    -0.5861016873165801
0.5700000000000001    -0.5855506376719267
0.58    -0.5849278915618817
0.59    -0.5842382226025166
0.6    -0.5834907416424616
0.61    -0.5826998425397691
0.62    -0.5818862128490826
0.63    -0.5810778858236013
0.64    -0.5803113009742268
0.65    -0.5796323298245372
0.66    -0.5790972114654727
0.67    -0.5787733291244875
0.68    -0.5787397443805772
0.6900000000000001    -0.5790873901419681
0.7000000000000001    -0.5799188074440036
0.71    -0.5813472950532361
0.72    -0.5834953254806838
0.73    -0.5864920672040298
0.74    -0.5904698417783102
0.75    -0.5955593374105173
0.76    -0.6018833990624303
0.77    -0.6095492210567157
0.78    -0.6186387835728133
0.79    -0.6291974016485993
0.8    -0.6412202968794032
0.81    -0.6546371606220422
0.8200000000000001    -0.6692947559623743
0.8300000000000001    -0.6849377067926928
0.84    -0.7011877487590066
0.85    -0.71752187099882
0.86    -0.7332499614582457
0.87    -0.747492783421592
0.88    -0.759161357007219
0.89    -0.766939095792621
0.9    -0.7692683527887367
0.91    -0.7643433569879886
0.92    -0.7501118644574103
0.93    -0.7242881962526113
0.9400000000000001    -0.6843806756320198
0.9500000000000001    -0.6277367915260906
0.96    -0.5516096818878777
0.97    -0.4532497224654283
0.98    -0.33002509150761683
0.99    -0.17957512129477585
1.    -4.490946472340537e-17



0.    -0.9510558877483514
0.01    -0.9510558075024155
0.02    -0.9510555669665464
0.03    -0.9510551668267626
0.04    -0.9510546084935207
0.05    -0.9510538945013669
0.06    -0.9510530290661043
0.07    -0.9510520187962961
0.08    -0.9510508735537945
0.09    -0.9510496074549919
0.1    -0.9510482400003846
0.11    -0.9510467973147076
0.12    -0.9510453134731311
0.13    -0.9510438318807091
0.14    -0.9510424066623177
0.15    -0.9510411040086699
0.16    -0.9510400034106431
0.17    -0.9510391986991871
0.18    -0.9510387987916596
0.19    -0.9510389280278513
0.2    -0.9510397259606207
0.21    -0.951041346447547
0.22    -0.9510439558720751
0.23    -0.9510477303062365
0.24    -0.9510528514133816
0.25    -0.9510595008799001
0.26    -0.9510678531613351
0.27    -0.9510780663326368
0.28    -0.951090270846787
0.29    -0.9511045560332513
0.3    -0.9511209542104186
0.31    -0.9511394223474231
0.32    -0.9511598212936108
0.33    -0.9511818927016249
0.34    -0.9512052339057653
0.35000000000000003    -0.9512292711838017
0.36    -0.951253232030305
0.37    -0.9512761173045702
0.38    -0.9512966743872668
0.39    -0.9513133727866142
0.4    -0.951324383975119
0.41000000000000003    -0.9513275676075437
0.42    -0.9513204666631152
0.43    -0.9513003144601974
0.44    -0.9512640568963775
0.45    -0.9512083936535124
0.46    -0.9511298424534947
0.47000000000000003    -0.9510248307287681
0.48    -0.9508898192487395
0.49    -0.9507214622799903
0.5    -0.95051680870914
0.51    -0.9502735481707767
0.52    -0.9499903055415859
0.53    -0.9496669861230013
0.54    -0.9493051723716288
0.55    -0.9489085710800702
0.56    -0.9484835073911133
0.5700000000000001    -0.9480394588787435
0.58    -0.9475896190897559
0.59    -0.9471514753607237
0.6    -0.9467473803743593
0.61    -0.9464050907880274
0.62    -0.9461582393778434
0.63    -0.946046699557049
0.64    -0.9461167929600486
0.65    -0.9464212822073453
0.66    -0.9470190822280304
0.67    -0.9479746149464591
0.68    -0.9493567241661603
0.6900000000000001    -0.9512370606433528
0.7000000000000001    -0.9536878422904427
0.71    -0.9567788919705009
0.72    -0.9605738563549929
0.73    -0.9651255148731557
0.74    -0.9704700990691484
0.75    -0.976620561011839
0.76    -0.9835587561840738
0.77    -0.991226543000207
0.78    -0.9995158492801147
0.79    -1.0082578171375118
0.8    -1.0172112132132431
0.81    -1.0260503822012328
0.8200000000000001    -1.034353129070813
0.8300000000000001    -1.0415890397364778
0.84    -1.0471088910144053
0.85    -1.050135957597296
0.86    -1.0497601945434245
0.87    -1.0449364552565292
0.88    -1.034488092501899
0.89    -1.0171174772983924
0.9    -0.9914251491814827
0.91    -0.9559394707179593
0.92    -0.9091587861236738
0.93    -0.8496081625184176
0.9400000000000001    -0.7759128039828482
0.9500000000000001    -0.686890151422741
0.96    -0.5816624906022595
0.97    -0.4597915590906879
0.98    -0.3214361403227106
0.99    -0.16753292763159922
1.    -1.7153889107776457e-17



0.    -0.9510512901156174
0.01    -0.9510512290077284
0.02    -0.9510510472620993
0.03    -0.9510507496736212
0.04    -0.9510503444345223
0.05    -0.9510498434289137
0.06    -0.9510492626317458
0.07    -0.9510486225981457
0.08    -0.9510479490242221
0.09    -0.9510472733549454
0.1    -0.9510466334085242
0.11    -0.9510460739797754
0.12    -0.9510456473772962
0.13    -0.9510454138408401
0.14    -0.9510454417762606
0.15    -0.9510458077359082
0.16    -0.9510465960626728
0.17    -0.9510478981063301
0.18    -0.9510498109119148
0.19    -0.9510524352721051
0.2    -0.9510558730297581
0.21    -0.9510602235136396
0.22    -0.951065578991077
0.23    -0.9510720190268416
0.24    -0.951079603649391
0.25    -0.95108836524509
0.26    -0.9510982991297694
0.27    -0.951109352786636
0.28    -0.9511214138118175
0.29    -0.9511342966754617
0.3    -0.9511477284888815
0.31    -0.9511613340682623
0.32    -0.9511746207040289
0.33    -0.9511869631828777
0.34    -0.9511975897667994
0.35000000000000003    -0.9512055700094996
0.36    -0.9512098054837732
0.37    -0.9512090247006453
0.38    -0.951201783717999
0.39    -0.9511864741566536
0.4    -0.951161340557072
0.41000000000000003    -0.9511245092092174
0.42    -0.9510740307581044
0.43    -0.9510079390117943
0.44    -0.9509243284374133
0.45    -0.9508214528012562
0.46    -0.9506978472649503
0.47000000000000003    -0.9505524759614276
0.48    -0.9503849066095797
0.49    -0.9501955130498605
0.5    -0.9499857056578912
0.51    -0.9497581883816789
0.52    -0.9495172396133572
0.53    -0.9492690122138445
0.54    -0.949021845728634
0.55    -0.9487865811427242
0.56    -0.9485768654109535
0.5700000000000001    -0.9484094294699387
0.58    -0.9483043195119097
0.59    -0.9482850570257434
0.6    -0.9483786985631769
0.61    -0.9486157614811894
0.62    -0.9490299772000274
0.63    -0.9496578290043642
0.64    -0.9505378273621792
0.65    -0.9517094724632038
0.66    -0.9532118515742124
0.67    -0.9550818183309775
0.68    -0.9573517027685292
0.6900000000000001    -0.9600465053375218
0.7000000000000001    -0.9631805360394822
0.71    -0.9667534718734984
0.72    -0.9707458228062542
0.73    -0.9751138192704784
0.74    -0.9797837635810497
0.75    -0.9846459244186289
0.76    -0.9895480983759721
0.77    -0.9942890160686785
0.78    -0.9986118328566296
0.79    -1.0021980159026713
0.8    -1.0046620198371405
0.81    -1.0055472319493723
0.8200000000000001    -1.0043237632440078
0.8300000000000001    -1.0003887618102931
0.84    -0.993070026824511
0.85    -0.9816338012020234
0.86    -0.9652977133497171
0.87    -0.943249917267306
0.88    -0.9146755376178993
0.89    -0.8787915530277276
0.9    -0.8348912358883375
0.91    -0.7823991978212546
0.92    -0.7209379526612903
0.93    -0.6504066878215331
0.9400000000000001    -0.5710726135184637
0.9500000000000001    -0.4836748200134664
0.96    -0.3895399978874945
0.97    -0.2907086478836106
0.98    -0.19006950874710954
0.99    -0.09149884984792815
1.    1.715388910777645e-17



0.    -0.5877774247031544
0.01    -0.5877774060744491
0.02    -0.5877773525397129
0.03    -0.5877772711712246
0.04    -0.5877771738138309
0.05    -0.5877770771618812
0.06    -0.5877770028475856
0.07    -0.5877769775212751
0.08    -0.5877770328982743
0.09    -0.587777205741222
0.1    -0.5877775377407689
0.11    -0.5877780752517157
0.12    -0.5877788688359813
0.13    -0.5877799725584797
0.14    -0.587781442977331
0.15    -0.587783337766127
0.16    -0.5877857139036534
0.17    -0.5877886253660017
0.18    -0.5877921202579789
0.19    -0.5877962373257741
0.2    -0.5878010018017324
0.21    -0.5878064205455938
0.22    -0.5878124764655852
0.23    -0.5878191222281799
0.24    -0.5878262732981117
0.25    -0.5878338003912297
0.26    -0.5878415214728463
0.27    -0.5878491934940548
0.28    -0.5878565041285874
0.29    -0.5878630638533716
0.3    -0.5878683988068484
0.31    -0.5878719449597184
0.32    -0.5878730442417974
0.33    -0.587870943384066
0.34    -0.5878647963538953
0.35000000000000003    -0.5878536713797863
0.36    -0.5878365636746161
0.37    -0.5878124150667121
0.38    -0.5877801418279818
0.39    -0.5877386720380247
0.4    -0.5876869938311373
0.41000000000000003    -0.5876242158260323
0.42    -0.5875496409208606
0.43    -0.5874628544318728
0.44    -0.5873638272445252
0.45    -0.587253034211474
0.46    -0.5871315874525512
0.47000000000000003    -0.5870013834671891
0.48    -0.5868652620404552
0.49    -0.5867271737923281
0.5    -0.5865923518718811
0.51    -0.5864674817243051
0.52    -0.5863608610568041
0.53    -0.5862825401060381
0.54    -0.5862444300834603
0.55    -0.5862603652786678
0.56    -0.5863461017856438
0.5700000000000001    -0.5865192332545135
0.58    -0.586799001558854
0.59    -0.5872059779305612
0.6    -0.587761588107252
0.61    -0.5884874535524002
0.62    -0.5894045200743385
0.63    -0.590531945454448
0.64    -0.5918857193044371
0.65    -0.5934769916533505
0.66    -0.5953100920982651
0.67    -0.5973802291501149
0.68    -0.5996708701009066
0.6900000000000001    -0.6021508157733149
0.7000000000000001    -0.6047710023237826
0.71    -0.6074610842627849
0.72    -0.6101258793825092
0.73    -0.6126417876062005
0.74    -0.6148533320302814
0.75    -0.6165700115815625
0.76    -0.6175637004910737
0.77    -0.6175668796396051
0.78    -0.6162720378497409
0.79    -0.613332636050718
0.8    -0.6083660820893712
0.81    -0.6009592163862262
0.8200000000000001    -0.5906768555671943
0.8300000000000001    -0.5770739788359993
0.84    -0.5597121655964229
0.85    -0.5381808972533352
0.86    -0.512124314918971
0.87    -0.4812739707674982
0.88    -0.4454880160419448
0.89    -0.40479712452677646
0.9    -0.3594572473952532
0.91    -0.3100090241274831
0.92    -0.2573433250620566
0.93    -0.20277196488706517
0.9400000000000001    -0.14810209473425862
0.9500000000000001    -0.0957121468615354
0.96    -0.04862646595726888
0.97    -0.010584914008519186
0.98    0.013897214944891934
0.99    0.01948467864612835
1.    4.4909464723405365e-17



0.    7.439126031529544e-6
0.01    7.408160021117645e-6
0.02    7.313035414616415e-6
0.03    7.147103916132236e-6
0.04    6.899392389437707e-6
0.05    6.554772920202773e-6
0.06    6.0942188086269396e-6
0.07    5.4951640398090054e-6
0.08    4.731988249244751e-6
0.09    3.776653208249249e-6
0.1    2.599520236135547e-6
0.11    1.1703805058321569e-6
0.12    -5.402682879454053e-7
0.13    -2.559665260684239e-6
0.14    -4.910917519220194e-6
0.15    -7.610790545174884e-6
0.16    -0.000010667135060038972
0.17    -0.000014075936439401623
0.18    -0.000017817984860807106
0.19    -0.000021855180297024042
0.2    -0.000026126506683116976
0.21    -0.000030543734545743426
0.22    -0.00003498694148761475
0.23    -0.000039299975482306033
0.24    -0.00004328602713826235
0.25    -0.000046703523940855874
0.26    -0.00004926261174706681
0.27    -0.000050622545958196116
0.28    -0.00005039037592983431
0.29    -0.00004812136994352883
0.3    -0.000043321692577254594
0.31    -0.000035453909069699306
0.32    -0.000023945949069987752
0.33    -8.204211006266521e-6
0.34    0.000012368476661478394
0.35000000000000003    0.00003834930559410354
0.36    0.0000702656283025725
0.37    0.00010855811354428854
0.38    0.0001535363280907744
0.39    0.0002053262964021435
0.4    0.00026380979204203476
0.41000000000000003    0.00032855539019318556
0.42    0.00039874167035582677
0.43    0.00047307341299219016
0.44    0.0005496921935499838
0.45    0.0006260834505864524
0.46    0.0006989828980412558
0.47000000000000003    0.0007642860683049171
0.48    0.000816965811509782
0.49    0.0008510037307070358
0.5    0.000859342788449521
0.51    0.000833869655195403
0.52    0.0007654367507936293
0.53    0.0006439353116514978
0.54    0.0004584321382840628
0.55    0.00019738386491122432
0.56    -0.00015105644922369627
0.5700000000000001    -0.000598624991391636
0.58    -0.0011564095748186293
0.59    -0.0018341736630252663
0.6    -0.0026395282759727723
0.61    -0.0035769403194692725
0.62    -0.004646569403072159
0.63    -0.005842930183531526
0.64    -0.007153383928079841
0.65    -0.008556471572955065
0.66    -0.01002011128661071
0.67    -0.01149969664110905
0.68    -0.01293614711796077
0.6900000000000001    -0.014253980937177824
0.7000000000000001    -0.015359501130739599
0.71    -0.01613920930655142
0.72    -0.016458587450564242
0.73    -0.016161416004848165
0.74    -0.015069825740069973
0.75    -0.012985310764255631
0.76    -0.009690959236745277
0.77    -0.00495518551441802
0.78    0.0014627292995870696
0.79    0.00980496436304063
0.8    0.020305021413929227
0.81    0.03317479398395582
0.8200000000000001    0.04858853456837504
0.8300000000000001    0.06666345003050876
0.84    0.08743671897268902
0.85    0.11083881735021216
0.86    0.13666316534556722
0.87    0.1645322746648705
0.88    0.1938607860812741
0.89    0.22381604699517965
0.9    0.25327719210033817
0.91    0.2807940599638006
0.92    0.3045477059329701
0.93    0.32231475666866144
0.9400000000000001    0.3314383904333764
0.9500000000000001    0.3288093132552805
0.96    0.3108607232158438
0.97    0.2735818972498317
0.98    0.21255567487690769
0.99    0.1230257221572331
1.    5.551115123125783e-17


0.    0.5877894614619199
0.01    0.5877893927291572
0.02    0.5877891852795746
0.03    0.5877888354282821
0.04    0.5877883372652186
0.05    0.5877876830072547
0.06    0.5877868635007527
0.07    0.5877858688834652
0.08    0.5877846894160959
0.09    0.5877833164944768
0.1    0.5877817438528653
0.11    0.5877799689671539
0.12    0.5877779946635284
0.13    0.5877758309330882
0.14    0.5877734969458689
0.15    0.5877710232483437
0.16    0.5877684541165636
0.17    0.5877658500224193
0.18    0.587763290152863
0.19    0.5877608749012233
0.2    0.5877587282259119
0.21    0.5877569997449555
0.22    0.5877558664050959
0.23    0.5877555335320925
0.24    0.5877562350349639
0.25    0.587758232502099
0.26    0.5877618128926649
0.27    0.5877672844940973
0.28    0.5877749707876271
0.29    0.5877852018412179
0.3    0.5877983028358081
0.31    0.5878145793298096
0.32    0.5878342988823093
0.33    0.587857668691807
0.34    0.5878848089695227
0.35000000000000003    0.5879157218596825
0.36    0.5879502558494505
0.37    0.5879880657841814
0.38    0.5880285688253404
0.39    0.5880708969643875
0.4    0.5881138470412264
0.41000000000000003    0.5881558296145519
0.42    0.5881948184962272
0.43    0.5882283032932681
0.44    0.5882532478970395
0.45    0.5882660585143168
0.46    0.5882625655391368
0.47000000000000003    0.5882380243028346
0.48    0.5881871404911246
0.49    0.588104126753165
0.5    0.5879827977115796
0.51    0.5878167111685985
0.52    0.5875993637358263
0.53    0.5873244493268464
0.54    0.5869861888647391
0.55    0.5865797390809249
0.56    0.58610168731658
0.5700000000000001    0.5855506376719266
0.58    0.5849278915618816
0.59    0.5842382226025165
0.6    0.5834907416424615
0.61    0.582699842539769
0.62    0.5818862128490825
0.63    0.5810778858236012
0.64    0.5803113009742267
0.65    0.579632329824537
0.66    0.5790972114654725
0.67    0.5787733291244874
0.68    0.5787397443805771
0.6900000000000001    0.579087390141968
0.7000000000000001    0.5799188074440035
0.71    0.581347295053236
0.72    0.5834953254806837
0.73    0.5864920672040297
0.74    0.5904698417783101
0.75    0.5955593374105171
0.76    0.6018833990624302
0.77    0.6095492210567156
0.78    0.6186387835728132
0.79    0.6291974016485992
0.8    0.6412202968794031
0.81    0.6546371606220421
0.8200000000000001    0.6692947559623742
0.8300000000000001    0.6849377067926927
0.84    0.7011877487590065
0.85    0.7175218709988199
0.86    0.7332499614582456
0.87    0.7474927834215919
0.88    0.7591613570072189
0.89    0.7669390957926209
0.9    0.7692683527887366
0.91    0.7643433569879885
0.92    0.7501118644574103
0.93    0.7242881962526112
0.9400000000000001    0.6843806756320197
0.9500000000000001    0.6277367915260905
0.96    0.5516096818878776
0.97    0.45324972246542816
0.98    0.33002509150761683
0.99    0.17957512129477582
1.    4.490946472340537e-17



0.    0.9510558877483514
0.01    0.9510558075024155
0.02    0.9510555669665464
0.03    0.9510551668267626
0.04    0.9510546084935207
0.05    0.9510538945013669
0.06    0.9510530290661043
0.07    0.9510520187962961
0.08    0.9510508735537945
0.09    0.9510496074549919
0.1    0.9510482400003846
0.11    0.9510467973147076
0.12    0.9510453134731311
0.13    0.9510438318807091
0.14    0.9510424066623177
0.15    0.9510411040086699
0.16    0.9510400034106431
0.17    0.9510391986991871
0.18    0.9510387987916596
0.19    0.9510389280278513
0.2    0.9510397259606207
0.21    0.951041346447547
0.22    0.9510439558720751
0.23    0.9510477303062365
0.24    0.9510528514133816
0.25    0.9510595008799001
0.26    0.9510678531613351
0.27    0.9510780663326368
0.28    0.951090270846787
0.29    0.9511045560332513
0.3    0.9511209542104186
0.31    0.9511394223474231
0.32    0.9511598212936108
0.33    0.9511818927016249
0.34    0.9512052339057653
0.35000000000000003    0.9512292711838017
0.36    0.951253232030305
0.37    0.9512761173045702
0.38    0.9512966743872668
0.39    0.9513133727866142
0.4    0.951324383975119
0.41000000000000003    0.9513275676075437
0.42    0.9513204666631152
0.43    0.9513003144601974
0.44    0.9512640568963775
0.45    0.9512083936535124
0.46    0.9511298424534947
0.47000000000000003    0.9510248307287681
0.48    0.9508898192487395
0.49    0.9507214622799903
0.5    0.95051680870914
0.51    0.9502735481707767
0.52    0.9499903055415859
0.53    0.9496669861230013
0.54    0.9493051723716288
0.55    0.9489085710800702
0.56    0.9484835073911133
0.5700000000000001    0.9480394588787435
0.58    0.9475896190897559
0.59    0.9471514753607237
0.6    0.9467473803743593
0.61    0.9464050907880274
0.62    0.9461582393778434
0.63    0.946046699557049
0.64    0.9461167929600486
0.65    0.9464212822073453
0.66    0.9470190822280304
0.67    0.9479746149464591
0.68    0.9493567241661603
0.6900000000000001    0.9512370606433528
0.7000000000000001    0.9536878422904427
0.71    0.9567788919705009
0.72    0.9605738563549929
0.73    0.9651255148731557
0.74    0.9704700990691484
0.75    0.976620561011839
0.76    0.9835587561840738
0.77    0.991226543000207
0.78    0.9995158492801147
0.79    1.0082578171375118
0.8    1.0172112132132431
0.81    1.0260503822012328
0.8200000000000001    1.034353129070813
0.8300000000000001    1.0415890397364778
0.84    1.0471088910144053
0.85    1.050135957597296
0.86    1.0497601945434245
0.87    1.0449364552565292
0.88    1.034488092501899
0.89    1.0171174772983924
0.9    0.9914251491814828
0.91    0.9559394707179594
0.92    0.9091587861236738
0.93    0.8496081625184178
0.9400000000000001    0.7759128039828483
0.9500000000000001    0.686890151422741
0.96    0.5816624906022595
0.97    0.4597915590906879
0.98    0.3214361403227106
0.99    0.16753292763159922
1.    1.7153889107776463e-17



0.    0.9510512901156174
0.01    0.9510512290077284
0.02    0.9510510472620993
0.03    0.9510507496736212
0.04    0.9510503444345223
0.05    0.9510498434289137
0.06    0.9510492626317458
0.07    0.9510486225981457
0.08    0.9510479490242221
0.09    0.9510472733549454
0.1    0.9510466334085242
0.11    0.9510460739797754
0.12    0.9510456473772962
0.13    0.9510454138408401
0.14    0.9510454417762606
0.15    0.9510458077359082
0.16    0.9510465960626728
0.17    0.9510478981063301
0.18    0.9510498109119148
0.19    0.9510524352721051
0.2    0.9510558730297581
0.21    0.9510602235136396
0.22    0.951065578991077
0.23    0.9510720190268416
0.24    0.951079603649391
0.25    0.95108836524509
0.26    0.9510982991297694
0.27    0.951109352786636
0.28    0.9511214138118175
0.29    0.9511342966754617
0.3    0.9511477284888815
0.31    0.9511613340682623
0.32    0.9511746207040289
0.33    0.9511869631828777
0.34    0.9511975897667994
0.35000000000000003    0.9512055700094996
0.36    0.9512098054837732
0.37    0.9512090247006453
0.38    0.951201783717999
0.39    0.9511864741566536
0.4    0.951161340557072
0.41000000000000003    0.9511245092092174
0.42    0.9510740307581044
0.43    0.9510079390117943
0.44    0.9509243284374133
0.45    0.9508214528012562
0.46    0.9506978472649503
0.47000000000000003    0.9505524759614276
0.48    0.9503849066095797
0.49    0.9501955130498605
0.5    0.9499857056578912
0.51    0.9497581883816789
0.52    0.9495172396133572
0.53    0.9492690122138445
0.54    0.949021845728634
0.55    0.9487865811427242
0.56    0.9485768654109535
0.5700000000000001    0.9484094294699387
0.58    0.9483043195119097
0.59    0.9482850570257434
0.6    0.9483786985631769
0.61    0.9486157614811894
0.62    0.9490299772000274
0.63    0.9496578290043642
0.64    0.9505378273621792
0.65    0.9517094724632038
0.66    0.9532118515742124
0.67    0.9550818183309775
0.68    0.9573517027685292
0.6900000000000001    0.9600465053375218
0.7000000000000001    0.9631805360394822
0.71    0.9667534718734984
0.72    0.9707458228062542
0.73    0.9751138192704784
0.74    0.9797837635810497
0.75    0.9846459244186289
0.76    0.9895480983759721
0.77    0.9942890160686785
0.78    0.9986118328566296
0.79    1.0021980159026713
0.8    1.0046620198371405
0.81    1.0055472319493723
0.8200000000000001    1.0043237632440078
0.8300000000000001    1.0003887618102931
0.84    0.993070026824511
0.85    0.9816338012020234
0.86    0.9652977133497171
0.87    0.9432499172673061
0.88    0.9146755376178993
0.89    0.8787915530277277
0.9    0.8348912358883375
0.91    0.7823991978212546
0.92    0.7209379526612905
0.93    0.6504066878215331
0.9400000000000001    0.5710726135184637
0.9500000000000001    0.4836748200134664
0.96    0.38953999788749455
0.97    0.2907086478836106
0.98    0.19006950874710954
0.99    0.09149884984792817
1.    -1.7153889107776445e-17



0.    0.5877774247031545
0.01    0.5877774060744492
0.02    0.587777352539713
0.03    0.5877772711712247
0.04    0.587777173813831
0.05    0.5877770771618813
0.06    0.5877770028475857
0.07    0.5877769775212752
0.08    0.5877770328982744
0.09    0.5877772057412222
0.1    0.587777537740769
0.11    0.5877780752517158
0.12    0.5877788688359814
0.13    0.5877799725584798
0.14    0.5877814429773311
0.15    0.5877833377661271
0.16    0.5877857139036535
0.17    0.5877886253660018
0.18    0.587792120257979
0.19    0.5877962373257742
0.2    0.5878010018017326
0.21    0.587806420545594
0.22    0.5878124764655853
0.23    0.58781912222818
0.24    0.5878262732981118
0.25    0.5878338003912298
0.26    0.5878415214728464
0.27    0.587849193494055
0.28    0.5878565041285875
0.29    0.5878630638533717
0.3    0.5878683988068485
0.31    0.5878719449597185
0.32    0.5878730442417975
0.33    0.5878709433840661
0.34    0.5878647963538954
0.35000000000000003    0.5878536713797864
0.36    0.5878365636746162
0.37    0.5878124150667122
0.38    0.5877801418279819
0.39    0.5877386720380248
0.4    0.5876869938311374
0.41000000000000003    0.5876242158260324
0.42    0.5875496409208607
0.43    0.587462854431873
0.44    0.5873638272445253
0.45    0.5872530342114741
0.46    0.5871315874525513
0.47000000000000003    0.5870013834671892
0.48    0.5868652620404553
0.49    0.5867271737923282
0.5    0.5865923518718812
0.51    0.5864674817243052
0.52    0.5863608610568042
0.53    0.5862825401060382
0.54    0.5862444300834604
0.55    0.5862603652786679
0.56    0.586346101785644
0.5700000000000001    0.5865192332545136
0.58    0.5867990015588541
0.59    0.5872059779305613
0.6    0.5877615881072521
0.61    0.5884874535524003
0.62    0.5894045200743386
0.63    0.5905319454544481
0.64    0.5918857193044372
0.65    0.5934769916533507
0.66    0.5953100920982652
0.67    0.597380229150115
0.68    0.5996708701009067
0.6900000000000001    0.602150815773315
0.7000000000000001    0.6047710023237827
0.71    0.607461084262785
0.72    0.6101258793825093
0.73    0.6126417876062006
0.74    0.6148533320302815
0.75    0.6165700115815627
0.76    0.6175637004910738
0.77    0.6175668796396052
0.78    0.616272037849741
0.79    0.6133326360507181
0.8    0.6083660820893714
0.81    0.6009592163862263
0.8200000000000001    0.5906768555671945
0.8300000000000001    0.5770739788359994
0.84    0.559712165596423
0.85    0.5381808972533353
0.86    0.5121243149189711
0.87    0.48127397076749834
0.88    0.44548801604194493
0.89    0.4047971245267766
0.9    0.3594572473952533
0.91    0.3100090241274832
0.92    0.2573433250620567
0.93    0.20277196488706523
0.9400000000000001    0.14810209473425867
0.9500000000000001    0.09571214686153545
0.96    0.04862646595726894
0.97    0.010584914008519214
0.98    -0.013897214944891906
0.99    -0.019484678646128337
1.    -4.4909464723405365e-17




0.    -7.4391260314070795e-6
0.01    -7.40816002099518e-6
0.02    -7.31303541449395e-6
0.03    -7.147103916009772e-6
0.04    -6.8993923893152426e-6
0.05    -6.554772920080309e-6
0.06    -6.0942188085044755e-6
0.07    -5.495164039686541e-6
0.08    -4.731988249122288e-6
0.09    -3.7766532081267854e-6
0.1    -2.5995202360130833e-6
0.11    -1.1703805057096935e-6
0.12    5.402682880678686e-7
0.13    2.5596652608067023e-6
0.14    4.910917519342657e-6
0.15    7.6107905452973475e-6
0.16    0.000010667135060161436
0.17    0.000014075936439524087
0.18    0.000017817984860929567
0.19    0.000021855180297146506
0.2    0.00002612650668323944
0.21    0.000030543734545865894
0.22    0.00003498694148773721
0.23    0.000039299975482428494
0.24    0.00004328602713838482
0.25    0.00004670352394097834
0.26    0.00004926261174718928
0.27    0.00005062254595831859
0.28    0.00005039037592995678
0.29    0.000048121369943651304
0.3    0.00004332169257737707
0.31    0.00003545390906982179
0.32    0.000023945949070110233
0.33    8.204211006389002e-6
0.34    -0.00001236847666135591
0.35000000000000003    -0.00003834930559398106
0.36    -0.00007026562830245002
0.37    -0.00010855811354416605
0.38    -0.0001535363280906519
0.39    -0.00020532629640202102
0.4    -0.0002638097920419123
0.41000000000000003    -0.00032855539019306304
0.42    -0.00039874167035570425
0.43    -0.00047307341299206764
0.44    -0.0005496921935498614
0.45    -0.0006260834505863299
0.46    -0.0006989828980411333
0.47000000000000003    -0.0007642860683047947
0.48    -0.0008169658115096596
0.49    -0.0008510037307069134
0.5    -0.0008593427884493987
0.51    -0.0008338696551952806
0.52    -0.000765436750793507
0.53    -0.0006439353116513756
0.54    -0.0004584321382839406
0.55    -0.00019738386491110216
0.56    0.0001510564492238184
0.5700000000000001    0.000598624991391758
0.58    0.0011564095748187514
0.59    0.0018341736630253884
0.6    0.0026395282759728946
0.61    0.0035769403194693948
0.62    0.00464656940307228
0.63    0.005842930183531648
0.64    0.007153383928079964
0.65    0.008556471572955188
0.66    0.010020111286610832
0.67    0.011499696641109171
0.68    0.012936147117960893
0.6900000000000001    0.014253980937177948
0.7000000000000001    0.015359501130739722
0.71    0.016139209306551543
0.72    0.016458587450564367
0.73    0.01616141600484829
0.74    0.0150698257400701
0.75    0.012985310764255758
0.76    0.009690959236745404
0.77    0.004955185514418149
0.78    -0.0014627292995869408
0.79    -0.009804964363040502
0.8    -0.0203050214139291
0.81    -0.03317479398395569
0.8200000000000001    -0.048588534568374905
0.8300000000000001    -0.06666345003050862
0.84    -0.08743671897268888
0.85    -0.11083881735021202
0.86    -0.1366631653455671
0.87    -0.1645322746648704
0.88    -0.193860786081274
0.89    -0.2238160469951795
0.9    -0.25327719210033806
0.91    -0.28079405996380047
0.92    -0.30454770593297
0.93    -0.3223147566686614
0.9400000000000001    -0.33143839043337636
0.9500000000000001    -0.3288093132552804
0.96    -0.31086072321584374
0.97    -0.2735818972498316
0.98    -0.21255567487690766
0.99    -0.12302572215723309
1.    -5.551115123125783e-17
