
 
0.          0.

 
0.          -0.0025104523216183065
0.01        -0.002494990288597022
0.02        -0.0024485572796170106
0.03        -0.002371013531917713
0.04        -0.002262129334264798
0.05        -0.0021215898788479533
0.06        -0.0019490020773589778
0.07        -0.0017439033640295858
0.08        -0.0015057725139973831
0.09        -0.0012340425102634227
0.1        -0.000928115496546666
0.11        -0.000587379856367673
0.12        -0.00021122946054109642
0.13        0.00020091487424401915
0.14        0.0006495816740970731
0.15        0.001135222804907196
0.16        0.0016581851432752605
0.17        0.00221867989367997
0.18        0.0028167495330405283
0.19        0.003452232375141893
0.2        0.004124724761303585
0.21        0.004833540900387836
0.22        0.005577670400943519
0.23        0.006355733561154276
0.24        0.0071659345084823
0.25        0.008006012310648306
0.26        0.008873190213029302
0.27        0.009764123194844607
0.28        0.010674844077778335
0.29        0.011600708466078824
0.3        0.012536338846786227
0.31        0.013475568232648642
0.32        0.014411383788547246
0.33        0.015335870944879067
0.34        0.016240158568323747
0.35000000000000003        0.017114365831683857
0.36        0.017947551499925645
0.37        0.018727666428989646
0.38        0.01944151015716067
0.39        0.020074692555485416
0.4        0.020611601593530808
0.41000000000000003        0.02103537836923135
0.42        0.021327900646132866
0.43        0.021469776237358143
0.44        0.02144034767234777
0.45        0.02121770967900085
0.46        0.02077874110926873
0.47000000000000003        0.020099153029423736
0.48        0.019153554785877352
0.49        0.017915539942158273
0.5        0.016357794060924313
0.51        0.014452226374959872
0.52        0.012170127451121178
0.53        0.009482354999081228
0.54        0.006359550010268026
0.55        0.0027723854291728696
0.56        -0.0013081504433592323
0.5700000000000001        -0.005910433639930757
0.58        -0.011061845184321774
0.59        -0.016788370669953815
0.6        -0.02311415682137829
0.61        -0.030061023245544185
0.62        -0.03764792776267718
0.63        -0.04589038393204149
0.64        -0.05479982965956406
0.65        -0.06438294609624198
0.66        -0.07464092641251821
0.67        -0.08556869446848268
0.68        -0.097154073896982
0.6900000000000001        -0.10937690868057821
0.7000000000000001        -0.12220813693782251
0.71        -0.1356088203433772
0.72        -0.1495291323938862
0.73        -0.16390730960057603
0.74        -0.17866857064357072
0.75        -0.19372400956455527
0.76        -0.20896947020600434
0.77        -0.22428441032842772
0.78        -0.2395307651529898
0.79        -0.2545518214856911
0.8        -0.2691711150804076
0.81        -0.28319136548979423
0.8200000000000001        -0.2963934643325379
0.8300000000000001        -0.30853553466857203
0.84        -0.31935208101504897
0.85        -0.3285532514479578
0.86        -0.3358242352083163
0.87        -0.3408248212570021
0.88        -0.34318914528555966
0.89        -0.3425256547764822
0.9        -0.3384173237978131
0.91        -0.33042215129315244
0.92        -0.3180739786660944
0.93        -0.30088366443168896
0.9400000000000001        -0.2783406555873622
0.9500000000000001        -0.2499149971093122
0.96        -0.21505982257151407
0.97        -0.17321437027349992
0.98        -0.12380757040647025
0.99        -0.06626224963777005
1.        -5.551115123125783e-17

 
0.          -0.5861818305153486
0.01        -0.5861656381301606
0.02        -0.5861170912074248
0.03        -0.5860362814572545
0.04        -0.5859233650997215
0.05        -0.5857785679118356
0.06        -0.5856021922773372
0.07        -0.5853946262226617
0.08        -0.5851563544167202
0.09        -0.5848879711057262
0.1        -0.5845901949470125
0.11        -0.5842638856974817
0.12        -0.5839100627028644
0.13        -0.5835299251231835
0.14        -0.5831248738175874
0.15        -0.5826965347979032
0.16        -0.5822467841447173
0.17        -0.5817777742624287
0.18        -0.5812919613303908
0.19        -0.5807921337858871
0.2        -0.5802814416511717
0.21        -0.5797634264910703
0.22        -0.579242051759627
0.23        -0.5787217332639528
0.24        -0.5782073694407538
0.25        -0.5777043711060061
0.26        -0.5772186903009133
0.27        -0.5767568478176918
0.28        -0.5763259589469704
0.29        -0.5759337569447789
0.3        -0.5755886136713974
0.31        -0.5752995568069568
0.32        -0.5750762829998524
0.33        -0.5749291662540771
0.34        -0.5748692608108362
0.35000000000000003        -0.5749082977286911
0.36        -0.5750586743154706
0.37        -0.5753334355148251
0.38        -0.5757462463011899
0.39        -0.5763113540897724
0.4        -0.5770435401237253
0.41000000000000003        -0.5779580587597993
0.42        -0.5790705635373866
0.43        -0.580397018885022
0.44        -0.5819535962942206
0.45        -0.5837565537741954
0.46        -0.5858220973938536
0.47000000000000003        -0.5881662237209107
0.48        -0.5908045419834985
0.49        -0.5937520748088874
0.5        -0.5970230364385848
0.51        -0.6006305873809289
0.52        -0.6045865645432104
0.53        -0.608901185987341
0.54        -0.6135827295781365
0.55        -0.6186371849435252
0.56        -0.6240678783435862
0.5700000000000001        -0.6298750702524423
0.58        -0.6360555256959226
0.59        -0.6426020576607819
0.6        -0.6495030442003167
0.61        -0.6567419202086421
0.62        -0.6642966452237562
0.63        -0.6721391490498266
0.64        -0.6802347574637609
0.65        -0.688541600791721
0.66        -0.6970100087093195
0.67        -0.7055818952359694
0.68        -0.7141901385601617
0.6900000000000001        -0.72275796104884
0.7000000000000001        -0.7311983155606324
0.71        -0.7394132849990799
0.72        -0.7472935029072811
0.73        -0.7547176038178922
0.74        -0.7615517130300009
0.75        -0.767648986483897
0.76        -0.7728492124423028
0.77        -0.776978487757312
0.78        -0.7798489826001855
0.79        -0.7812588086492007
0.8        -0.7809920068606757
0.81        -0.778818672080421
0.8200000000000001        -0.7744952328762199
0.8300000000000001        -0.7677649060738795
0.84        -0.758358346545789
0.85        -0.745994513815846
0.86        -0.7303817779903924
0.87        -0.7112192883818571
0.88        -0.6881986289386194
0.89        -0.661005785207621
0.9        -0.6293234480098066
0.91        -0.5928336792748843
0.92        -0.5512209655311112
0.93        -0.5041756843458861
0.9400000000000001        -0.45139800852948425
0.9500000000000001        -0.3926022721110609
0.96        -0.3275218209344831
0.97        -0.2559143691613345
0.98        -0.17756788096716222
0.99        -0.09230699423082464
1.        -4.490946472340537e-17

 
0.          -0.9459516730398458
0.01        -0.9459409352432744
0.02        -0.9459088176812184
0.03        -0.9458556085065197
0.04        -0.9457817901997986
0.05        -0.9456880428837404
0.06        -0.9455752489138237
0.07        -0.9454444986957775
0.08        -0.9452970976652356
0.09        -0.9451345743497679
0.1        -0.9449586894176466
0.11        -0.9447714456012412
0.12        -0.9445750983657758
0.13        -0.944372167176236
0.14        -0.944165447196447
0.15        -0.9439580212347004
0.16        -0.9437532717297513
0.17        -0.9435548925495535
0.18        -0.9433669003527024
0.19        -0.9431936452392833
0.2        -0.9430398203936882
0.21        -0.9429104703970406
0.22        -0.9428109978612458
0.23        -0.9427471680104806
0.24        -0.9427251108092891
0.25        -0.9427513202095489
0.26        -0.9428326500616063
0.27        -0.9429763062081206
0.28        -0.943189834252853
0.29        -0.9434811024711518
0.3        -0.9438582793045396
0.31        -0.9443298048590556
0.32        -0.9449043558062618
0.33        -0.9455908030676149
0.34        -0.9463981616477848
0.35000000000000003        -0.9473355319710499
0.36        -0.9484120320678133
0.37        -0.9496367199562223
0.38        -0.9510185055676543
0.39        -0.9525660515752129
0.4        -0.9542876625022818
0.41000000000000003        -0.9561911615144956
0.42        -0.9582837543341799
0.43        -0.9605718797624383
0.44        -0.9630610463516316
0.45        -0.9657556548411548
0.46        -0.968658806053275
0.47000000000000003        -0.9717720940445318
0.48        -0.975095384422992
0.49        -0.9786265778737081
0.5        -0.9823613590852215
0.51        -0.9862929314401164
0.52        -0.9904117380235675
0.53        -0.9947051697167201
0.54        -0.9991572613776283
0.55        -1.0037483773723512
0.56        -1.0084548880035977
0.5700000000000001        -1.0132488386947485
0.58        -1.0180976141238631
0.59        -1.0229635998658109
0.6        -1.0278038444912594
0.61        -1.0325697254889101
0.62        -1.0372066228218908
0.63        -1.0416536044000098
0.64        -1.0458431282458422
0.65        -1.049700766653024
0.66        -1.053144958178021
0.67        -1.0560867938698832
0.68        -1.0584298447233564
0.6900000000000001        -1.0600700379360175
0.7000000000000001        -1.0608955901559518
0.71        -1.0607870065183467
0.72        -1.059617154882063
0.73        -1.057251425284651
0.74        -1.053547985229677
0.75        -1.0483581419957986
0.76        -1.0415268237042294
0.77        -1.0328931913903971
0.78        -1.0222913947861356
0.79        -1.009551484918966
0.8        -0.9945004969621566
0.81        -0.9769637170093857
0.8200000000000001        -0.9567661465859509
0.8300000000000001        -0.9337341787283354
0.84        -0.9076974993482091
0.85        -0.878491227327034
0.86        -0.8459583063437184
0.87        -0.8099521607993558
0.88        -0.7703396273482034
0.89        -0.727004172449761
0.9        -0.6798494049993312
0.91        -0.6288028914492645
0.92        -0.5738202788747777
0.93        -0.514889729141193
0.9400000000000001        -0.4520366646673582
0.9500000000000001        -0.38532882322681933
0.96        -0.31488161575773643
0.97        -0.24086377723902713
0.98        -0.16350329630869379
0.99        -0.08309360442704466
1.        -1.7153889107776457e-17

 
0.          -0.9444001281779498
0.01        -0.9443989464433206
0.02        -0.9443955260590142
0.03        -0.9443902415560087
0.04        -0.9443837173842748
0.05        -0.9443768282284247
0.06        -0.9443706993858718
0.07        -0.944366707143712
0.08        -0.9443664790722599
0.09        -0.944371894134863
0.1        -0.9443850824952953
0.11        -0.944408424885699
0.12        -0.9444445513797362
0.13        -0.9444963393973643
0.14        -0.9445669107495083
0.15        -0.9446596275129371
0.16        -0.9447780865079356
0.17        -0.9449261121340038
0.18        -0.9451077473019169
0.19        -0.945327242184184
0.2        -0.9455890404904121
0.21        -0.9458977629594932
0.22        -0.9462581877470732
0.23        -0.9466752273747124
0.24        -0.9471539018966871
0.25        -0.9476993079318796
0.26        -0.9483165832019014
0.27        -0.9490108662128758
0.28        -0.9497872507175256
0.29        -0.9506507345967673
0.3        -0.9516061628063391
0.31        -0.952658164044551
0.32        -0.9538110808125032
0.33        -0.9550688925586321
0.34        -0.9564351316256968
0.35000000000000003        -0.9579127917509306
0.36        -0.9595042289096066
0.37        -0.9612110543393084
0.38        -0.963034019637406
0.39        -0.9649728938882074
0.4        -0.9670263328496554
0.41000000000000003        -0.969191740312895
0.42        -0.971465121842171
0.43        -0.9738409312079807
0.44        -0.9763119099437573
0.45        -0.978868920586205
0.46        -0.9815007743022378
0.47000000000000003        -0.9841940537618011
0.48        -0.9869329322860476
0.49        -0.9896989904847684
0.5        -0.9924710317958441
0.51        -0.9952248985529495
0.52        -0.9979332904357786
0.53        -1.000565587399545
0.54        -1.0030876794371286
0.55        -1.0054618057974951
0.56        -1.0076464065672035
0.5700000000000001        -1.0095959898170208
0.58        -1.011261017821663
0.59        -1.012587816176048
0.6        -1.0135185099543522
0.61        -1.0139909913865632
0.62        -1.0139389238585557
0.63        -1.013291787373226
0.64        -1.0119749709385273
0.65        -1.0099099176696944
0.66        -1.007014328703305
0.67        -1.003202432315406
0.68        -0.9983853249095027
0.6900000000000001        -0.9924713907870271
0.7000000000000001        -0.985366807826576
0.71        -0.9769761463718616
0.72        -0.9672030687543584
0.73        -0.9559511369469432
0.74        -0.9431247358505886
0.75        -0.9286301196479939
0.76        -0.9123765885058605
0.77        -0.894277802660701
0.78        -0.8742532405703192
0.79        -0.8522298073426132
0.8        -0.8281435990527555
0.81        -0.8019418278161989
0.8200000000000001        -0.773584911585113
0.8300000000000001        -0.7430487315660366
0.84        -0.7103270589028989
0.85        -0.6754341508179057
0.86        -0.6384075147390399
0.87        -0.599310837052921
0.88        -0.5582370709917018
0.89        -0.5153116757790822
0.9        -0.4706959965105042
0.91        -0.4245907713142364
0.92        -0.3772397491222225
0.93        -0.3289333978627915
0.9400000000000001        -0.2800126790634401
0.9500000000000001        -0.23087286071493268
0.96        -0.18196733579401894
0.97        -0.1338114090700948
0.98        -0.08698600973294954
0.99        -0.042141281979872366
1.        1.715388910777645e-17

 
0.          -0.5821198333318341
0.01        -0.5821286590416099
0.02        -0.5821552423056036
0.03        -0.5821999009748258
0.04        -0.582263162949933
0.05        -0.5823457633776719
0.06        -0.5824486406720264
0.07        -0.5825729313065667
0.08        -0.5827199633097472
0.09        -0.5828912483805578
0.1        -0.5830884725281146
0.11        -0.5833134851255719
0.12        -0.5835682862562838
0.13        -0.5838550122185557
0.14        -0.5841759190447456
0.15        -0.5845333638810472
0.16        -0.5849297840661769
0.17        -0.5853676737405591
0.18        -0.585849557812646
0.19        -0.5863779631059296
0.2        -0.5869553865091993
0.21        -0.5875842599539106
0.22        -0.5882669120463979
0.23        -0.589005526189339
0.24        -0.589802095036634
0.25        -0.5906583711389853
0.26        -0.5915758136542378
0.27        -0.5925555310172916
0.28        -0.5935982194894214
0.29        -0.5947040975364731
0.3        -0.5958728360199832
0.31        -0.5971034842251007
0.32        -0.5983943917946412
0.33        -0.5997431266899735
0.34        -0.6011463893570721
0.35000000000000003        -0.6025999233402555
0.36        -0.6040984226571896
0.37        -0.6056354363269008
0.38        -0.6072032705281023
0.39        -0.6087928889582525
0.4        -0.6103938120646297
0.41000000000000003        -0.6119940159274302
0.42        -0.6135798316915106
0.43        -0.6151358465679225
0.44        -0.6166448075586941
0.45        -0.6180875291982466
0.46        -0.6194428067520852
0.47000000000000003        -0.6206873364676039
0.48        -0.6217956446324313
0.49        -0.6227400273621059
0.5        -0.6234905032101317
0.51        -0.6240147808687218
0.52        -0.6242782444065427
0.53        -0.6242439586692471
0.54        -0.623872697647905
0.55        -0.6231229987978419
0.56        -0.6219512464638329
0.5700000000000001        -0.6203117877347836
0.58        -0.6181570842094007
0.59        -0.6154379033010648
0.6        -0.6121035528420314
0.61        -0.608102162860751
0.62        -0.6033810184977438
0.63        -0.5978869480910016
0.64        -0.5915667704968819
0.65        -0.5843678057121493
0.66        -0.5762384528220854
0.67        -0.5671288392130094
0.68        -0.556991544849326
0.6900000000000001        -0.5457824052192712
0.7000000000000001        -0.5334613962934343
0.71        -0.5199936045092175
0.72        -0.5053502843856904
0.73        -0.48951000587960836
0.74        -0.47245989300734204
0.75        -0.45419695457153697
0.76        -0.43472950703792934
0.77        -0.4140786886991882
0.78        -0.3922800632313793
0.79        -0.369385309587157
0.8        -0.34546399387086696
0.81        -0.32060541739744003
0.8200000000000001        -0.29492053354284403
0.8300000000000001        -0.26854392424300844
0.84        -0.2416358250854299
0.85        -0.2143841858587599
0.86        -0.18700675117739762
0.87        -0.15975314337842011
0.88        -0.13290692729655817
0.89        -0.10678763376046008
0.9        -0.08175271572316639
0.91        -0.05819940784670374
0.92        -0.03656645711246165
0.93        -0.0173356886357956
0.9400000000000001        -0.0010333673382039166
0.9500000000000001        0.011768687510137849
0.96        0.02045228160074844
0.97        0.02435236928109781
0.98        0.02275697601505225
0.99        0.014907577854117705
1.        4.4909464723405365e-17

 
0.          0.0025104523216181846
0.01        0.0024949902885969
0.02        0.0024485572796168887
0.03        0.002371013531917591
0.04        0.002262129334264676
0.05        0.0021215898788478314
0.06        0.0019490020773588561
0.07        0.0017439033640294641
0.08        0.0015057725139972615
0.09        0.001234042510263301
0.1        0.0009281154965465443
0.11        0.0005873798563675514
0.12        0.0002112294605409748
0.13        -0.00020091487424414077
0.14        -0.0006495816740971947
0.15        -0.0011352228049073176
0.16        -0.0016581851432753822
0.17        -0.0022186798936800916
0.18        -0.0028167495330406497
0.19        -0.0034522323751420146
0.2        -0.0041247247613037065
0.21        -0.004833540900387958
0.22        -0.00557767040094364
0.23        -0.006355733561154398
0.24        -0.007165934508482422
0.25        -0.008006012310648427
0.26        -0.008873190213029424
0.27        -0.009764123194844728
0.28        -0.010674844077778457
0.29        -0.011600708466078946
0.3        -0.012536338846786349
0.31        -0.013475568232648763
0.32        -0.014411383788547368
0.33        -0.01533587094487919
0.34        -0.016240158568323868
0.35000000000000003        -0.017114365831683978
0.36        -0.017947551499925767
0.37        -0.018727666428989768
0.38        -0.019441510157160793
0.39        -0.02007469255548554
0.4        -0.020611601593530933
0.41000000000000003        -0.021035378369231476
0.42        -0.02132790064613299
0.43        -0.021469776237358268
0.44        -0.021440347672347895
0.45        -0.021217709679000975
0.46        -0.020778741109268854
0.47000000000000003        -0.02009915302942386
0.48        -0.019153554785877477
0.49        -0.0179155399421584
0.5        -0.01635779406092444
0.51        -0.01445222637496
0.52        -0.012170127451121306
0.53        -0.009482354999081356
0.54        -0.0063595500102681555
0.55        -0.002772385429172999
0.56        0.0013081504433591024
0.5700000000000001        0.005910433639930627
0.58        0.011061845184321644
0.59        0.016788370669953683
0.6        0.023114156821378157
0.61        0.030061023245544053
0.62        0.03764792776267705
0.63        0.04589038393204136
0.64        0.054799829659563926
0.65        0.06438294609624184
0.66        0.07464092641251807
0.67        0.08556869446848255
0.68        0.09715407389698186
0.6900000000000001        0.10937690868057807
0.7000000000000001        0.12220813693782238
0.71        0.13560882034337707
0.72        0.14952913239388607
0.73        0.1639073096005759
0.74        0.17866857064357058
0.75        0.19372400956455513
0.76        0.2089694702060042
0.77        0.2242844103284276
0.78        0.23953076515298968
0.79        0.254551821485691
0.8        0.2691711150804075
0.81        0.2831913654897941
0.8200000000000001        0.29639346433253777
0.8300000000000001        0.3085355346685719
0.84        0.31935208101504886
0.85        0.32855325144795766
0.86        0.33582423520831617
0.87        0.340824821257002
0.88        0.34318914528555955
0.89        0.34252565477648217
0.9        0.33841732379781303
0.91        0.3304221512931524
0.92        0.3180739786660943
0.93        0.3008836644316889
0.9400000000000001        0.27834065558736215
0.9500000000000001        0.24991499710931217
0.96        0.21505982257151404
0.97        0.1732143702734999
0.98        0.12380757040647024
0.99        0.06626224963777004
1.        5.551115123125783e-17

 
0.          0.5861818305153484
0.01        0.5861656381301605
0.02        0.5861170912074247
0.03        0.5860362814572544
0.04        0.5859233650997214
0.05        0.5857785679118355
0.06        0.5856021922773371
0.07        0.5853946262226616
0.08        0.5851563544167201
0.09        0.5848879711057261
0.1        0.5845901949470124
0.11        0.5842638856974816
0.12        0.5839100627028643
0.13        0.5835299251231834
0.14        0.5831248738175873
0.15        0.5826965347979031
0.16        0.5822467841447172
0.17        0.5817777742624286
0.18        0.5812919613303907
0.19        0.580792133785887
0.2        0.5802814416511716
0.21        0.5797634264910702
0.22        0.5792420517596268
0.23        0.5787217332639527
0.24        0.5782073694407537
0.25        0.577704371106006
0.26        0.5772186903009132
0.27        0.5767568478176917
0.28        0.5763259589469703
0.29        0.5759337569447788
0.3        0.5755886136713972
0.31        0.5752995568069567
0.32        0.5750762829998523
0.33        0.574929166254077
0.34        0.5748692608108361
0.35000000000000003        0.574908297728691
0.36        0.5750586743154705
0.37        0.575333435514825
0.38        0.5757462463011898
0.39        0.5763113540897723
0.4        0.577043540123725
0.41000000000000003        0.5779580587597992
0.42        0.5790705635373865
0.43        0.5803970188850219
0.44        0.5819535962942206
0.45        0.5837565537741953
0.46        0.5858220973938535
0.47000000000000003        0.5881662237209105
0.48        0.5908045419834984
0.49        0.5937520748088873
0.5        0.5970230364385847
0.51        0.6006305873809288
0.52        0.6045865645432102
0.53        0.6089011859873408
0.54        0.6135827295781364
0.55        0.618637184943525
0.56        0.6240678783435861
0.5700000000000001        0.6298750702524422
0.58        0.6360555256959225
0.59        0.6426020576607818
0.6        0.6495030442003166
0.61        0.656741920208642
0.62        0.6642966452237561
0.63        0.6721391490498265
0.64        0.6802347574637607
0.65        0.6885416007917209
0.66        0.6970100087093194
0.67        0.7055818952359691
0.68        0.7141901385601616
0.6900000000000001        0.7227579610488399
0.7000000000000001        0.7311983155606323
0.71        0.7394132849990797
0.72        0.747293502907281
0.73        0.7547176038178921
0.74        0.7615517130300008
0.75        0.7676489864838969
0.76        0.7728492124423025
0.77        0.7769784877573119
0.78        0.7798489826001854
0.79        0.7812588086492007
0.8        0.7809920068606756
0.81        0.7788186720804209
0.8200000000000001        0.7744952328762198
0.8300000000000001        0.7677649060738794
0.84        0.7583583465457889
0.85        0.7459945138158459
0.86        0.7303817779903923
0.87        0.7112192883818569
0.88        0.6881986289386193
0.89        0.661005785207621
0.9        0.6293234480098064
0.91        0.5928336792748843
0.92        0.5512209655311111
0.93        0.5041756843458861
0.9400000000000001        0.4513980085294842
0.9500000000000001        0.3926022721110609
0.96        0.32752182093448307
0.97        0.2559143691613345
0.98        0.1775678809671622
0.99        0.09230699423082463
1.        4.490946472340537e-17

 
0.          0.9459516730398458
0.01        0.9459409352432744
0.02        0.9459088176812184
0.03        0.9458556085065197
0.04        0.9457817901997986
0.05        0.9456880428837404
0.06        0.9455752489138237
0.07        0.9454444986957775
0.08        0.9452970976652356
0.09        0.9451345743497679
0.1        0.9449586894176466
0.11        0.9447714456012412
0.12        0.9445750983657758
0.13        0.944372167176236
0.14        0.944165447196447
0.15        0.9439580212347004
0.16        0.9437532717297513
0.17        0.9435548925495535
0.18        0.9433669003527024
0.19        0.9431936452392833
0.2        0.9430398203936882
0.21        0.9429104703970406
0.22        0.9428109978612458
0.23        0.9427471680104806
0.24        0.9427251108092891
0.25        0.9427513202095489
0.26        0.9428326500616063
0.27        0.9429763062081206
0.28        0.943189834252853
0.29        0.9434811024711518
0.3        0.9438582793045396
0.31        0.9443298048590556
0.32        0.9449043558062618
0.33        0.9455908030676149
0.34        0.9463981616477848
0.35000000000000003        0.9473355319710499
0.36        0.9484120320678133
0.37        0.9496367199562223
0.38        0.9510185055676543
0.39        0.9525660515752129
0.4        0.9542876625022818
0.41000000000000003        0.9561911615144956
0.42        0.9582837543341799
0.43        0.9605718797624383
0.44        0.9630610463516316
0.45        0.9657556548411548
0.46        0.968658806053275
0.47000000000000003        0.9717720940445318
0.48        0.975095384422992
0.49        0.9786265778737081
0.5        0.9823613590852215
0.51        0.9862929314401164
0.52        0.9904117380235675
0.53        0.9947051697167201
0.54        0.9991572613776283
0.55        1.0037483773723512
0.56        1.0084548880035977
0.5700000000000001        1.0132488386947485
0.58        1.0180976141238631
0.59        1.0229635998658109
0.6        1.0278038444912594
0.61        1.0325697254889101
0.62        1.0372066228218908
0.63        1.0416536044000098
0.64        1.0458431282458422
0.65        1.049700766653024
0.66        1.053144958178021
0.67        1.0560867938698832
0.68        1.0584298447233564
0.6900000000000001        1.0600700379360175
0.7000000000000001        1.0608955901559518
0.71        1.0607870065183467
0.72        1.059617154882063
0.73        1.057251425284651
0.74        1.053547985229677
0.75        1.0483581419957986
0.76        1.0415268237042294
0.77        1.0328931913903974
0.78        1.0222913947861358
0.79        1.009551484918966
0.8        0.9945004969621567
0.81        0.9769637170093857
0.8200000000000001        0.9567661465859509
0.8300000000000001        0.9337341787283355
0.84        0.9076974993482092
0.85        0.8784912273270341
0.86        0.8459583063437184
0.87        0.8099521607993558
0.88        0.7703396273482035
0.89        0.727004172449761
0.9        0.6798494049993313
0.91        0.6288028914492645
0.92        0.5738202788747777
0.93        0.514889729141193
0.9400000000000001        0.45203666466735826
0.9500000000000001        0.3853288232268194
0.96        0.31488161575773643
0.97        0.24086377723902716
0.98        0.1635032963086938
0.99        0.08309360442704466
1.        1.7153889107776463e-17

 
0.          0.9444001281779498
0.01        0.9443989464433206
0.02        0.9443955260590142
0.03        0.9443902415560087
0.04        0.9443837173842748
0.05        0.9443768282284247
0.06        0.9443706993858718
0.07        0.944366707143712
0.08        0.9443664790722599
0.09        0.944371894134863
0.1        0.9443850824952953
0.11        0.944408424885699
0.12        0.9444445513797362
0.13        0.9444963393973643
0.14        0.9445669107495083
0.15        0.9446596275129371
0.16        0.9447780865079356
0.17        0.9449261121340038
0.18        0.9451077473019169
0.19        0.945327242184184
0.2        0.9455890404904121
0.21        0.9458977629594932
0.22        0.9462581877470732
0.23        0.9466752273747124
0.24        0.9471539018966871
0.25        0.9476993079318796
0.26        0.9483165832019014
0.27        0.9490108662128758
0.28        0.9497872507175256
0.29        0.9506507345967673
0.3        0.9516061628063391
0.31        0.952658164044551
0.32        0.9538110808125032
0.33        0.9550688925586321
0.34        0.9564351316256968
0.35000000000000003        0.9579127917509306
0.36        0.9595042289096066
0.37        0.9612110543393084
0.38        0.963034019637406
0.39        0.9649728938882074
0.4        0.9670263328496554
0.41000000000000003        0.969191740312895
0.42        0.971465121842171
0.43        0.9738409312079807
0.44        0.9763119099437573
0.45        0.978868920586205
0.46        0.9815007743022378
0.47000000000000003        0.9841940537618011
0.48        0.9869329322860476
0.49        0.9896989904847684
0.5        0.9924710317958441
0.51        0.9952248985529495
0.52        0.9979332904357786
0.53        1.000565587399545
0.54        1.0030876794371286
0.55        1.0054618057974951
0.56        1.0076464065672035
0.5700000000000001        1.0095959898170208
0.58        1.011261017821663
0.59        1.012587816176048
0.6        1.0135185099543522
0.61        1.0139909913865632
0.62        1.0139389238585557
0.63        1.013291787373226
0.64        1.0119749709385273
0.65        1.0099099176696944
0.66        1.007014328703305
0.67        1.003202432315406
0.68        0.9983853249095027
0.6900000000000001        0.9924713907870271
0.7000000000000001        0.985366807826576
0.71        0.9769761463718616
0.72        0.9672030687543584
0.73        0.9559511369469432
0.74        0.9431247358505888
0.75        0.9286301196479939
0.76        0.9123765885058605
0.77        0.8942778026607011
0.78        0.8742532405703193
0.79        0.8522298073426132
0.8        0.8281435990527555
0.81        0.8019418278161989
0.8200000000000001        0.773584911585113
0.8300000000000001        0.7430487315660366
0.84        0.7103270589028989
0.85        0.6754341508179057
0.86        0.63840751473904
0.87        0.599310837052921
0.88        0.5582370709917018
0.89        0.5153116757790823
0.9        0.47069599651050426
0.91        0.42459077131423645
0.92        0.3772397491222226
0.93        0.3289333978627915
0.9400000000000001        0.28001267906344013
0.9500000000000001        0.23087286071493274
0.96        0.18196733579401897
0.97        0.1338114090700948
0.98        0.08698600973294957
0.99        0.042141281979872366
1.        -1.7153889107776445e-17

 
0.          0.5821198333318343
0.01        0.58212865904161
0.02        0.5821552423056037
0.03        0.5821999009748259
0.04        0.5822631629499331
0.05        0.582345763377672
0.06        0.5824486406720265
0.07        0.5825729313065668
0.08        0.5827199633097473
0.09        0.582891248380558
0.1        0.5830884725281147
0.11        0.583313485125572
0.12        0.5835682862562839
0.13        0.5838550122185558
0.14        0.5841759190447458
0.15        0.5845333638810473
0.16        0.584929784066177
0.17        0.5853676737405592
0.18        0.5858495578126461
0.19        0.5863779631059297
0.2        0.5869553865091994
0.21        0.5875842599539107
0.22        0.588266912046398
0.23        0.5890055261893391
0.24        0.5898020950366342
0.25        0.5906583711389854
0.26        0.591575813654238
0.27        0.5925555310172917
0.28        0.5935982194894215
0.29        0.5947040975364732
0.3        0.5958728360199833
0.31        0.5971034842251008
0.32        0.5983943917946413
0.33        0.5997431266899736
0.34        0.6011463893570721
0.35000000000000003        0.6025999233402556
0.36        0.6040984226571897
0.37        0.6056354363269009
0.38        0.6072032705281024
0.39        0.6087928889582526
0.4        0.6103938120646297
0.41000000000000003        0.6119940159274303
0.42        0.6135798316915108
0.43        0.6151358465679226
0.44        0.6166448075586942
0.45        0.6180875291982467
0.46        0.6194428067520853
0.47000000000000003        0.620687336467604
0.48        0.6217956446324314
0.49        0.622740027362106
0.5        0.6234905032101318
0.51        0.6240147808687219
0.52        0.6242782444065428
0.53        0.6242439586692472
0.54        0.6238726976479051
0.55        0.623122998797842
0.56        0.621951246463833
0.5700000000000001        0.6203117877347837
0.58        0.6181570842094009
0.59        0.615437903301065
0.6        0.6121035528420316
0.61        0.6081021628607511
0.62        0.603381018497744
0.63        0.5978869480910017
0.64        0.591566770496882
0.65        0.5843678057121494
0.66        0.5762384528220855
0.67        0.5671288392130096
0.68        0.5569915448493261
0.6900000000000001        0.5457824052192713
0.7000000000000001        0.5334613962934344
0.71        0.5199936045092176
0.72        0.5053502843856905
0.73        0.48951000587960847
0.74        0.47245989300734215
0.75        0.4541969545715371
0.76        0.43472950703792945
0.77        0.4140786886991883
0.78        0.39228006323137943
0.79        0.3693853095871571
0.8        0.34546399387086707
0.81        0.32060541739744014
0.8200000000000001        0.29492053354284414
0.8300000000000001        0.26854392424300855
0.84        0.24163582508542997
0.85        0.21438418585876
0.86        0.18700675117739773
0.87        0.15975314337842023
0.88        0.13290692729655823
0.89        0.10678763376046019
0.9        0.08175271572316645
0.91        0.058199407846703854
0.92        0.0365664571124617
0.93        0.017335688635795654
0.9400000000000001        0.001033367338203972
0.9500000000000001        -0.01176868751013782
0.96        -0.020452281600748412
0.97        -0.024352369281097783
0.98        -0.022756976015052235
0.99        -0.014907577854117698
1.        -4.4909464723405365e-17

 
0.          -0.002510452321618063
0.01        -0.0024949902885967787
0.02        -0.0024485572796167673
0.03        -0.0023710135319174696
0.04        -0.0022621293342645547
0.05        -0.00212158987884771
0.06        -0.0019490020773587345
0.07        -0.0017439033640293425
0.08        -0.0015057725139971398
0.09        -0.0012340425102631794
0.1        -0.0009281154965464227
0.11        -0.0005873798563674297
0.12        -0.00021122946054085318
0.13        0.00020091487424426236
0.14        0.0006495816740973163
0.15        0.0011352228049074393
0.16        0.0016581851432755036
0.17        0.0022186798936802135
0.18        0.0028167495330407716
0.19        0.0034522323751421365
0.2        0.004124724761303828
0.21        0.004833540900388079
0.22        0.0055776704009437615
0.23        0.00635573356115452
0.24        0.007165934508482544
0.25        0.008006012310648548
0.26        0.008873190213029545
0.27        0.00976412319484485
0.28        0.01067484407777858
0.29        0.011600708466079069
0.3        0.012536338846786472
0.31        0.013475568232648887
0.32        0.014411383788547491
0.33        0.015335870944879312
0.34        0.016240158568323993
0.35000000000000003        0.017114365831684103
0.36        0.01794755149992589
0.37        0.018727666428989893
0.38        0.019441510157160915
0.39        0.020074692555485663
0.4        0.020611601593531054
0.41000000000000003        0.021035378369231597
0.42        0.021327900646133116
0.43        0.021469776237358393
0.44        0.02144034767234802
0.45        0.0212177096790011
0.46        0.02077874110926898
0.47000000000000003        0.02009915302942399
0.48        0.019153554785877606
0.49        0.017915539942158526
0.5        0.016357794060924566
0.51        0.014452226374960127
0.52        0.012170127451121435
0.53        0.009482354999081484
0.54        0.006359550010268284
0.55        0.0027723854291731285
0.56        -0.0013081504433589727
0.5700000000000001        -0.005910433639930497
0.58        -0.011061845184321512
0.59        -0.01678837066995355
0.6        -0.023114156821378025
0.61        -0.03006102324554392
0.62        -0.03764792776267692
0.63        -0.04589038393204123
0.64        -0.054799829659563794
0.65        -0.06438294609624172
0.66        -0.07464092641251795
0.67        -0.08556869446848242
0.68        -0.09715407389698173
0.6900000000000001        -0.10937690868057795
0.7000000000000001        -0.12220813693782225
0.71        -0.13560882034337696
0.72        -0.14952913239388596
0.73        -0.16390730960057578
0.74        -0.17866857064357047
0.75        -0.19372400956455502
0.76        -0.2089694702060041
0.77        -0.22428441032842747
0.78        -0.23953076515298954
0.79        -0.2545518214856909
0.8        -0.26917111508040736
0.81        -0.283191365489794
0.8200000000000001        -0.29639346433253766
0.8300000000000001        -0.3085355346685718
0.84        -0.31935208101504875
0.85        -0.32855325144795755
0.86        -0.3358242352083161
0.87        -0.3408248212570019
0.88        -0.3431891452855595
0.89        -0.34252565477648206
0.9        -0.3384173237978129
0.91        -0.33042215129315233
0.92        -0.31807397866609427
0.93        -0.30088366443168885
0.9400000000000001        -0.2783406555873621
0.9500000000000001        -0.24991499710931211
0.96        -0.21505982257151401
0.97        -0.17321437027349987
0.98        -0.12380757040647022
0.99        -0.06626224963777004
1.        -5.551115123125783e-17
