P2
# Created by GIMP version 2.10.30 PNM plug-in
118 100
255
0
0
0
0
0
0
0
0
0
0
0
0
0
0
0
0
0
0
0
0
0
0
0
0
0
0
207
158
182
192
158
156
150
159
147
156
172
159
110
131
89
71
64
0
170
204
0
0
0
0
0
0
0
0
0
0
0
0
0
0
0
0
0
0
0
0
0
0
0
0
0
0
0
0
0
0
0
0
0
0
0
0
0
0
0
0
0
0
0
0
0
0
0
0
0
0
0
0
0
0
0
0
0
0
0
0
0
0
0
0
0
0
0
0
0
0
0
0
0
0
0
0
0
0
0
0
0
0
0
0
0
0
0
0
0
0
0
0
0
0
0
0
0
181
182
173
163
150
149
139
138
123
126
127
138
149
140
156
130
110
125
114
123
148
144
76
0
0
0
0
0
0
0
0
0
0
0
0
0
0
0
0
0
0
0
0
0
0
0
0
0
0
0
0
0
0
0
0
0
0
0
0
0
0
0
0
0
0
0
0
0
0
0
0
0
0
0
0
0
0
0
0
0
0
0
0
0
0
0
0
0
0
0
0
0
0
0
0
0
0
0
0
0
0
0
0
0
0
0
0
0
0
0
0
0
0
0
0
0
255
161
156
170
166
158
133
121
116
103
122
122
121
156
153
165
155
128
108
121
105
101
135
123
115
177
196
163
164
202
224
238
222
207
188
147
163
158
174
158
152
228
221
173
201
156
171
185
0
0
0
0
0
0
0
0
0
0
0
0
0
0
0
0
0
0
0
0
0
0
0
0
0
0
0
0
0
0
0
0
0
0
0
0
0
0
0
0
0
0
0
0
0
0
0
0
0
0
0
0
0
0
0
0
0
0
0
0
0
0
0
0
0
0
0
0
0
0
177
160
169
181
157
142
134
126
133
142
139
152
157
148
151
110
88
91
97
114
116
135
159
129
113
179
198
191
187
206
207
209
178
207
219
204
200
178
202
186
191
192
196
165
176
162
188
196
183
178
183
0
0
0
0
0
0
0
0
0
0
0
0
0
0
0
0
0
0
0
0
0
0
0
0
0
0
0
0
0
0
0
0
0
0
0
0
0
0
0
0
0
0
0
0
0
0
0
0
0
0
0
0
0
0
0
0
0
0
0
0
0
0
0
0
0
224
167
142
149
163
150
140
135
129
160
152
158
157
169
133
112
69
74
95
119
130
164
171
176
166
177
161
129
175
217
217
203
198
188
206
197
205
213
206
211
201
192
180
201
184
180
157
175
166
171
163
164
147
180
0
0
0
0
0
0
0
0
0
0
0
0
0
0
0
0
0
0
0
0
0
0
0
0
0
0
0
0
0
0
0
0
0
0
0
0
0
0
0
0
0
0
0
0
0
0
0
0
0
0
0
0
0
0
0
0
0
0
0
0
0
0
0
254
194
143
135
153
144
125
145
148
142
134
166
175
135
112
86
87
112
126
139
139
129
128
128
144
153
160
158
164
142
148
178
188
192
181
188
179
178
189
167
154
157
156
160
151
167
147
137
167
152
134
157
146
136
131
103
0
0
0
0
0
0
0
0
0
0
0
0
0
0
0
0
0
0
0
0
0
0
0
0
0
0
0
0
0
0
0
0
0
0
0
0
0
0
0
0
0
0
0
0
0
0
0
0
0
0
0
0
0
0
0
0
0
0
0
0
0
246
208
157
132
140
131
157
181
183
179
160
184
161
122
82
92
114
131
130
90
70
79
86
96
87
98
96
121
133
147
156
124
174
170
191
189
185
187
181
171
171
164
158
153
146
152
128
139
130
142
136
133
143
133
122
112
133
167
0
0
0
0
0
0
0
0
0
0
0
0
0
0
0
0
0
0
0
0
0
0
0
0
0
0
0
0
0
0
0
0
0
0
0
0
0
0
0
0
0
0
0
0
0
0
0
0
0
0
0
0
0
0
0
0
0
0
0
0
214
177
140
149
156
154
155
169
162
130
162
153
79
92
111
132
137
107
71
99
121
127
128
136
139
140
137
125
122
122
143
142
147
166
168
181
203
201
186
187
182
185
175
167
154
137
134
114
120
120
134
127
130
132
124
95
78
120
113
0
0
0
0
0
0
0
0
0
0
0
0
0
0
0
0
0
0
0
0
0
0
0
0
0
0
0
0
0
0
0
0
0
0
0
0
0
0
0
0
0
0
0
0
0
0
0
0
0
0
0
0
0
0
0
0
0
186
184
183
173
171
160
165
177
156
144
122
127
133
101
94
117
133
126
92
84
125
146
123
130
104
123
127
137
133
131
128
115
142
144
148
144
157
173
149
163
157
163
146
153
146
137
149
135
141
121
129
111
116
128
120
112
100
72
65
59
100
0
0
0
0
0
0
0
0
0
0
0
0
0
0
0
0
0
0
0
0
0
0
0
0
0
0
0
0
0
0
0
0
0
0
0
0
0
0
0
0
0
0
0
0
0
0
0
0
0
0
0
0
0
0
0
239
176
162
167
170
145
165
166
157
153
127
115
141
135
124
96
109
117
124
111
79
140
114
68
51
45
57
74
64
79
91
117
140
135
129
142
133
129
154
151
155
136
137
145
144
137
140
133
139
147
152
105
129
111
114
115
109
97
74
66
78
66
71
0
0
0
0
0
0
0
0
0
0
0
0
0
0
0
0
0
0
0
0
0
0
0
0
0
0
0
0
0
0
0
0
0
0
0
0
0
0
0
0
0
0
0
0
0
0
0
0
0
0
0
0
164
219
188
143
171
176
140
136
131
147
115
96
134
181
152
136
131
89
100
111
125
116
85
120
104
49
80
76
118
129
115
119
40
17
50
98
140
135
131
115
136
119
131
117
137
105
105
116
145
125
130
139
136
149
150
104
110
110
107
100
78
67
69
71
69
70
0
0
0
0
0
0
0
0
0
0
0
0
0
0
0
0
0
0
0
0
0
0
0
0
0
0
0
0
0
0
0
0
0
0
0
0
0
0
0
0
0
0
0
0
0
0
0
0
0
0
167
167
194
163
174
178
125
134
127
124
124
136
167
156
147
133
91
104
81
123
106
117
123
108
80
119
47
83
88
9
6
85
158
142
87
20
40
100
96
91
111
110
119
134
127
122
116
120
125
120
99
133
129
135
131
144
147
109
102
105
96
90
62
67
69
70
55
76
0
0
0
0
0
0
0
0
0
0
0
0
0
0
0
0
0
0
0
0
0
0
0
0
0
0
0
0
0
0
0
0
0
0
0
0
0
0
0
0
0
0
0
0
0
0
0
0
0
154
172
177
203
175
169
169
154
159
110
136
118
123
101
121
95
107
85
98
89
81
119
114
103
82
104
113
49
102
60
5
0
4
112
140
106
26
96
122
98
96
103
105
116
114
122
124
126
121
121
121
121
94
122
117
116
124
133
100
80
80
94
75
55
55
47
49
62
89
0
0
0
0
0
0
0
0
0
0
0
0
0
0
0
0
0
0
0
0
0
0
0
0
0
0
0
0
0
0
0
0
0
0
0
0
0
0
0
0
0
0
0
0
0
0
0
0
167
197
189
175
176
162
120
84
114
142
110
113
118
117
109
96
83
74
94
105
107
109
98
94
91
89
105
90
45
114
45
0
1
3
94
137
96
60
127
111
74
90
104
113
120
124
117
122
128
127
117
117
108
110
112
109
113
109
124
110
86
73
80
62
70
68
67
53
57
174
0
0
0
0
0
0
0
0
0
0
0
0
0
0
0
0
0
0
0
0
0
0
0
0
0
0
0
0
0
0
0
0
0
0
0
0
0
0
0
0
0
0
0
0
0
0
0
0
190
238
236
114
153
175
89
0
63
144
118
95
135
113
136
107
93
112
112
111
122
130
103
102
100
99
114
77
27
106
104
11
0
16
118
117
81
78
96
64
90
85
87
107
127
117
137
121
139
119
116
128
115
99
120
114
113
93
130
136
91
74
74
62
64
85
88
70
44
0
0
0
0
0
0
0
0
0
0
0
0
0
0
0
0
0
0
0
0
0
0
0
0
0
0
0
0
0
0
0
0
0
0
0
0
0
0
0
0
0
0
0
0
0
0
0
0
222
222
245
218
145
130
152
112
39
146
141
110
119
137
137
140
129
146
104
123
121
119
127
124
111
105
95
89
112
75
46
102
134
65
93
111
78
60
104
72
80
80
79
114
93
106
126
113
111
122
123
146
115
118
125
114
136
122
129
108
138
126
90
81
65
67
80
91
88
64
0
0
0
0
0
0
0
0
0
0
0
0
0
0
0
0
0
0
0
0
0
0
0
0
0
0
0
0
0
0
0
0
0
0
0
0
0
0
0
0
0
0
0
0
0
0
0
172
205
195
207
175
147
92
112
156
151
156
134
135
136
151
139
142
127
125
152
135
138
125
148
134
129
108
115
113
87
117
80
49
68
59
50
52
51
79
69
74
78
83
101
96
125
106
133
143
120
139
115
130
140
134
119
130
109
131
120
125
128
144
125
103
82
71
77
61
45
39
0
0
0
0
0
0
0
0
0
0
0
0
0
0
0
0
0
0
0
0
0
0
0
0
0
0
0
0
0
0
0
0
0
0
0
0
0
0
0
0
0
0
0
0
0
0
0
183
163
177
139
111
120
108
98
113
122
133
150
132
149
140
141
127
122
130
143
133
129
140
133
140
138
127
116
98
102
83
92
82
75
60
44
47
68
52
61
76
84
78
101
114
125
132
141
139
117
124
126
121
128
124
98
125
125
117
124
121
128
128
152
144
103
82
64
51
53
92
0
0
0
0
0
0
0
0
0
0
0
0
0
0
0
0
0
0
0
0
0
0
0
0
0
0
0
0
0
0
0
0
0
0
0
0
0
0
0
0
0
0
0
0
0
0
0
182
154
164
179
180
134
143
134
113
119
136
137
145
129
144
137
131
141
126
116
141
143
139
128
125
137
134
132
132
130
114
80
87
80
76
60
50
51
69
87
89
68
115
105
126
137
127
134
139
113
141
116
111
125
109
120
114
120
118
131
135
117
126
152
158
144
101
74
45
34
0
0
0
0
0
0
0
0
0
0
0
0
0
0
0
0
0
0
0
0
0
0
0
0
0
0
0
0
0
0
0
0
0
0
0
0
0
0
0
0
0
0
0
0
0
0
0
0
187
159
161
170
161
108
172
170
162
142
125
122
120
121
137
153
151
146
149
159
140
153
150
139
140
128
145
152
131
135
128
129
105
84
78
93
96
96
96
95
75
82
94
114
126
140
123
139
124
125
125
105
113
111
111
124
115
116
121
99
135
128
129
135
137
146
147
100
77
93
0
0
0
0
0
0
0
0
0
0
0
0
0
0
0
0
0
0
0
0
0
0
0
0
0
0
0
0
0
0
0
0
0
0
0
0
0
0
0
0
0
0
0
0
0
0
0
0
188
159
158
165
134
118
172
163
163
131
159
146
136
144
134
125
138
143
144
150
160
159
182
170
162
149
141
128
139
137
134
132
121
122
109
101
97
95
103
116
139
134
117
147
142
134
140
126
125
122
107
113
118
112
112
123
110
90
106
94
78
102
122
130
131
130
154
158
106
12
0
0
0
0
0
0
0
0
0
0
0
0
0
0
0
0
0
0
0
0
0
0
0
0
0
0
0
0
0
0
0
0
0
0
0
0
0
0
0
0
0
0
0
0
0
0
0
0
102
106
101
107
99
119
160
166
146
123
172
155
156
135
127
123
138
142
146
153
142
170
164
157
168
174
182
165
150
157
130
149
156
150
164
145
148
169
171
125
108
127
168
150
147
152
131
130
127
107
122
106
117
110
100
127
102
112
86
69
74
82
96
123
136
126
131
144
141
93
0
0
0
0
0
0
0
0
0
0
0
0
0
0
0
0
0
0
0
0
0
0
0
0
0
0
0
0
0
0
0
0
0
0
0
0
0
0
0
0
0
0
0
0
0
0
0
0
157
160
150
94
67
82
95
133
121
127
182
173
155
155
119
155
149
136
141
144
116
152
154
157
169
155
141
169
160
147
148
149
140
118
143
150
128
121
113
126
172
139
156
153
145
138
143
131
112
133
110
123
103
103
109
106
120
108
104
76
85
95
105
115
123
136
126
112
114
120
84
0
0
0
0
0
0
0
0
0
0
0
0
0
0
0
0
0
0
0
0
0
0
0
0
0
0
0
0
0
0
0
0
0
0
0
0
0
0
0
0
0
0
0
0
0
0
0
100
152
164
148
146
182
150
99
106
105
102
124
153
153
130
174
171
174
165
141
147
160
156
159
149
155
135
176
181
176
163
145
148
156
150
131
145
134
150
158
148
158
140
136
137
140
134
135
127
116
116
115
114
111
107
109
107
115
102
104
104
93
107
112
116
115
124
111
97
105
116
0
0
0
0
0
0
0
0
0
0
0
0
0
0
0
0
0
0
0
0
0
0
0
0
0
0
0
0
0
0
0
0
0
0
0
0
0
0
0
0
0
0
0
0
0
0
0
0
120
155
131
157
161
149
137
171
160
144
135
118
127
126
140
123
143
137
113
173
194
183
180
179
160
135
177
173
181
161
144
155
160
162
138
184
176
140
162
167
180
173
152
132
155
126
128
130
122
114
121
105
111
104
103
101
112
88
123
105
102
104
105
106
114
125
119
105
109
101
0
0
0
0
0
0
0
0
0
0
0
0
0
0
0
0
0
0
0
0
0
0
0
0
0
0
0
0
0
0
0
0
0
0
0
0
0
0
0
0
0
0
0
0
0
0
0
0
117
110
123
93
121
115
149
164
171
164
134
157
167
156
144
135
131
139
137
129
107
118
115
104
109
93
135
124
106
114
81
69
76
58
52
62
53
40
79
110
159
199
145
105
127
142
125
100
139
108
117
116
113
112
106
114
116
94
119
92
92
89
109
118
118
113
101
141
127
135
99
0
0
0
0
0
0
0
0
0
0
0
0
0
0
0
0
0
0
0
0
0
0
0
0
0
0
0
0
0
0
0
0
0
0
0
0
0
0
0
0
0
0
0
0
0
0
0
0
79
89
94
124
108
111
139
156
141
131
165
164
163
165
164
126
154
157
155
159
147
151
153
124
145
136
126
156
134
150
186
189
177
145
198
207
200
120
85
81
88
131
186
153
141
161
143
112
131
114
116
108
103
100
115
93
81
88
99
106
96
104
105
103
112
114
126
149
140
127
0
0
0
0
0
0
0
0
0
0
0
0
0
0
0
0
0
0
0
0
0
0
0
0
0
0
0
0
0
0
0
0
0
0
0
0
0
0
0
0
0
0
0
0
0
0
0
0
0
111
106
106
114
99
99
103
106
132
143
147
157
164
149
132
162
162
159
156
159
161
120
140
150
153
161
159
135
165
166
160
162
147
149
172
179
197
165
145
127
102
82
119
126
130
128
139
109
117
120
108
106
112
102
99
83
96
97
131
119
114
121
104
100
80
76
86
91
117
123
0
0
0
0
0
0
0
0
0
0
0
0
0
0
0
0
0
0
0
0
0
0
0
0
0
0
0
0
0
0
0
0
0
0
0
0
0
0
0
0
0
0
0
0
0
0
0
0
0
128
83
107
121
95
101
108
104
103
112
124
130
118
128
148
149
150
153
164
166
122
161
145
142
144
147
114
162
149
141
130
120
111
119
126
130
141
173
178
153
130
120
113
110
114
122
118
111
118
113
111
100
107
93
87
86
98
129
124
112
110
114
93
77
60
75
102
128
102
99
0
0
0
0
0
0
0
0
0
0
0
0
0
0
0
0
0
0
0
0
0
0
0
0
0
0
0
0
0
0
0
0
0
0
0
0
0
0
0
0
0
0
0
0
0
0
0
0
0
87
99
102
71
119
121
119
119
103
97
115
114
115
120
113
113
117
120
124
99
123
113
109
112
113
94
117
115
110
111
116
125
135
134
135
134
125
129
155
150
145
135
135
117
118
98
123
105
92
117
111
103
101
100
83
95
117
120
120
106
115
93
72
69
74
104
118
130
139
129
0
0
0
0
0
0
0
0
0
0
0
0
0
0
0
0
0
0
0
0
0
0
0
0
0
0
0
0
0
0
0
0
0
0
0
0
0
0
0
0
0
0
0
0
0
0
0
0
0
146
111
67
85
110
121
106
102
125
131
129
133
130
135
124
118
121
116
116
137
143
149
133
138
145
145
131
144
154
137
141
149
138
144
128
148
150
145
157
138
149
157
124
119
111
89
115
99
108
105
100
110
122
110
102
134
123
126
109
110
118
66
87
88
106
130
115
134
129
167
185
0
0
0
0
0
0
0
0
0
0
0
0
0
0
0
0
0
0
0
0
0
0
0
0
0
0
0
0
0
0
0
0
0
0
0
0
0
0
0
0
0
0
0
0
0
0
0
0
255
102
88
83
93
70
110
132
136
136
143
133
126
132
139
136
156
168
167
176
172
134
164
169
168
151
154
162
146
141
140
134
129
128
123
122
121
122
116
127
122
132
138
121
117
92
121
107
120
99
117
141
145
141
148
151
130
118
101
105
92
105
93
106
105
100
128
132
142
191
153
0
0
0
0
0
0
0
0
0
0
0
0
0
0
0
0
0
0
0
0
0
0
0
0
0
0
0
0
0
0
0
0
0
0
0
0
0
0
0
0
0
0
0
0
0
0
0
0
0
101
109
86
89
82
102
118
120
110
136
152
156
147
127
147
136
142
154
154
134
141
148
143
160
176
176
170
159
161
147
130
119
106
124
112
102
102
112
106
104
102
108
116
122
117
114
113
139
104
126
133
128
130
130
133
137
105
112
110
107
104
92
91
92
114
105
135
124
138
0
0
0
0
0
0
0
0
0
0
0
0
0
0
0
0
0
0
0
0
0
0
0
0
0
0
0
0
0
0
0
0
0
0
0
0
0
0
0
0
0
0
0
0
0
0
0
0
0
0
0
0
88
87
86
83
86
96
123
135
145
146
136
143
148
153
138
129
165
182
189
180
154
164
159
154
144
137
144
133
131
129
107
106
109
108
96
103
94
98
100
96
96
109
118
120
116
144
112
98
120
131
156
136
110
103
120
137
130
134
123
75
95
100
106
120
127
100
89
0
0
0
0
0
0
0
0
0
0
0
0
0
0
0
0
0
0
0
0
0
0
0
0
0
0
0
0
0
0
0
0
0
0
0
0
0
0
0
0
0
0
0
0
0
0
0
0
0
0
0
134
102
100
88
95
82
84
91
106
102
109
139
148
142
129
137
143
151
157
149
156
170
174
162
146
145
141
139
134
139
136
136
109
118
131
118
110
97
108
105
106
115
119
124
129
99
118
139
134
135
145
149
145
147
132
92
121
126
97
85
97
96
102
133
148
133
130
179
0
0
0
0
0
0
0
0
0
0
0
0
0
0
0
0
0
0
0
0
0
0
0
0
0
0
0
0
0
0
0
0
0
0
0
0
0
0
0
0
0
0
0
0
0
0
0
0
0
0
0
156
118
111
95
93
88
90
74
83
84
113
113
122
139
140
141
148
124
159
166
135
168
170
156
146
149
141
140
129
133
143
133
149
120
114
135
148
117
134
120
123
120
119
106
146
123
124
136
152
141
152
145
148
128
120
130
113
95
87
90
101
115
127
140
130
143
158
159
0
0
0
0
0
0
0
0
0
0
0
0
0
0
0
0
0
0
0
0
0
0
0
0
0
0
0
0
0
0
0
0
0
0
0
0
0
0
0
0
0
0
0
0
0
0
0
0
0
0
0
0
164
122
96
90
108
93
89
96
85
103
109
111
114
120
148
139
146
140
175
124
132
130
163
155
168
139
167
129
146
131
115
167
162
145
112
154
142
172
143
145
175
176
119
147
144
148
133
135
152
143
113
113
130
145
132
88
105
116
125
106
107
113
104
126
165
178
208
0
0
0
0
0
0
0
0
0
0
0
0
0
0
0
0
0
0
0
0
0
0
0
0
0
0
0
0
0
0
0
0
0
0
0
0
0
0
0
0
0
0
0
0
0
0
0
0
0
0
0
0
0
185
114
93
95
97
92
86
90
85
95
136
133
125
134
159
137
113
144
161
129
131
120
120
152
111
133
138
162
182
124
144
126
183
139
136
121
163
148
141
113
160
162
138
119
132
143
116
101
95
108
159
152
139
115
91
111
118
128
134
115
126
126
151
154
126
160
0
0
0
0
0
0
0
0
0
0
0
0
0
0
0
0
0
0
0
0
0
0
0
0
0
0
0
0
0
0
0
0
0
0
0
0
0
0
0
0
0
0
0
0
0
0
0
0
0
0
0
0
0
0
0
95
99
86
87
87
90
83
80
94
127
123
152
159
162
167
151
163
157
176
164
153
155
144
161
151
147
158
155
156
137
145
146
160
151
151
148
168
140
137
138
142
122
119
115
120
137
155
165
152
139
131
127
126
137
148
137
134
104
129
142
140
118
164
143
0
0
0
0
0
0
0
0
0
0
0
0
0
0
0
0
0
0
0
0
0
0
0
0
0
0
0
0
0
0
0
0
0
0
0
0
0
0
0
0
0
0
0
0
0
0
0
0
0
0
0
0
0
0
0
0
100
97
89
88
89
93
91
84
96
105
115
120
168
175
180
178
175
162
166
145
151
161
154
169
146
146
160
143
153
149
145
157
146
145
138
147
141
146
137
128
121
118
120
127
122
127
107
89
147
152
140
143
143
144
129
98
123
116
97
130
146
143
0
0
0
0
0
0
0
0
0
0
0
0
0
0
0
0
0
0
0
0
0
0
0
0
0
0
0
0
0
0
0
0
0
0
0
0
0
0
0
0
0
0
0
0
0
0
0
0
0
0
0
0
0
0
0
0
0
0
120
90
88
90
89
92
101
89
85
87
100
116
128
146
180
176
177
169
160
149
155
158
141
158
134
141
166
133
148
132
135
123
159
144
141
126
120
107
102
97
87
78
66
66
77
99
148
165
161
157
154
144
104
65
89
84
78
126
144
148
164
0
0
0
0
0
0
0
0
0
0
0
0
0
0
0
0
0
0
0
0
0
0
0
0
0
0
0
0
0
0
0
0
0
0
0
0
0
0
0
0
0
0
0
0
0
0
0
0
0
0
0
0
0
0
0
0
0
0
0
101
92
106
108
86
106
106
109
94
90
93
91
87
107
135
134
148
159
149
146
147
121
143
144
118
138
134
147
140
156
101
130
116
122
127
117
111
102
89
99
91
93
100
139
159
145
154
149
131
120
91
111
108
98
84
107
138
157
153
154
0
0
0
0
0
0
0
0
0
0
0
0
0
0
0
0
0
0
0
0
0
0
0
0
0
0
0
0
0
0
0
0
0
0
0
0
0
0
0
0
0
0
0
0
0
0
0
0
0
0
0
0
0
0
0
0
0
0
0
96
95
90
96
99
98
94
105
109
98
99
95
91
93
97
109
107
122
126
133
130
123
129
134
116
123
116
128
126
133
136
130
124
121
110
101
108
110
97
85
90
125
134
150
161
127
107
76
76
103
126
119
93
89
95
116
154
162
164
181
194
0
0
0
0
0
0
0
0
0
0
0
0
0
0
0
0
0
0
0
0
0
0
0
0
0
0
0
0
0
0
0
0
0
0
0
0
0
0
0
0
0
0
0
0
0
0
0
0
0
0
0
0
0
0
0
0
0
0
106
97
96
93
93
98
99
98
101
95
103
101
102
97
98
103
103
105
96
105
111
110
111
123
106
114
108
110
111
112
113
107
106
100
94
84
73
73
94
131
127
110
113
99
74
83
128
135
107
93
64
95
127
144
144
152
163
174
165
169
177
0
0
0
0
0
0
0
0
0
0
0
0
0
0
0
0
0
0
0
0
0
0
0
0
0
0
0
0
0
0
0
0
0
0
0
0
0
0
0
0
0
0
0
0
0
0
0
0
0
0
0
0
0
0
0
0
0
0
0
127
95
93
87
88
91
96
97
94
95
101
99
99
96
95
99
104
101
100
103
105
97
111
107
109
99
98
90
90
86
88
86
78
75
84
102
118
132
143
144
140
105
100
155
168
102
70
93
131
167
159
118
124
140
148
151
164
169
162
156
0
0
0
0
0
0
0
0
0
0
0
0
0
0
0
0
0
0
0
0
0
0
0
0
0
0
0
0
0
0
0
0
0
0
0
0
0
0
0
0
0
0
0
0
0
0
0
0
0
0
0
0
0
0
0
0
0
0
0
0
131
96
92
90
93
91
95
98
93
97
94
94
92
92
95
96
96
100
100
103
98
96
93
96
97
103
96
96
98
89
103
113
120
133
142
133
117
93
86
127
148
159
128
125
153
174
174
148
90
67
59
67
77
84
80
93
104
102
0
0
0
0
0
0
0
0
0
0
0
6
75
153
179
149
157
146
146
127
103
0
0
0
0
0
0
0
0
0
0
0
0
0
0
0
0
0
0
0
0
0
0
0
0
0
0
0
0
0
0
0
0
0
0
0
0
0
0
0
0
87
93
91
104
109
104
95
98
97
94
94
95
96
89
83
88
82
87
87
86
85
87
90
84
90
98
107
104
115
116
113
109
99
82
68
72
105
129
164
162
147
132
141
158
162
92
40
32
32
25
24
31
72
45
66
68
84
0
0
0
0
0
0
0
0
0
155
167
163
157
167
180
165
164
173
147
151
165
175
0
0
0
0
0
0
0
0
0
0
0
0
0
0
0
0
0
0
0
0
0
0
0
0
0
0
0
0
0
0
0
0
0
0
0
0
0
0
0
0
233
86
93
115
109
118
100
96
107
102
97
86
95
96
88
85
86
78
80
77
77
81
76
76
75
72
75
61
48
56
49
49
65
86
110
132
178
155
136
134
125
129
122
64
38
52
55
72
65
80
99
69
46
56
86
0
0
0
0
0
0
0
120
158
174
195
193
193
198
195
165
149
155
155
152
161
187
199
0
0
0
0
0
0
0
0
0
0
0
0
0
0
0
0
0
0
0
0
0
0
0
0
0
0
0
0
0
0
0
0
0
0
0
0
0
0
0
0
0
0
89
84
97
121
114
117
111
101
89
117
92
92
99
96
83
95
86
74
79
74
79
72
70
72
62
69
71
68
78
80
97
118
160
175
150
134
134
120
123
95
39
47
59
72
93
121
114
147
143
71
51
63
57
69
0
0
0
157
182
190
196
213
210
199
191
171
158
153
156
165
134
110
140
169
196
206
0
0
0
0
0
0
0
0
0
0
0
0
0
0
0
0
0
0
0
0
0
0
0
0
0
0
0
0
0
0
0
0
0
0
0
0
0
0
0
0
0
0
245
119
105
81
97
112
111
122
126
110
106
110
108
87
96
95
83
96
94
78
81
82
84
84
96
98
108
111
128
147
155
160
180
156
145
107
89
71
50
54
76
81
103
116
130
137
144
145
114
73
84
97
85
174
0
8
141
156
175
196
197
187
188
183
162
163
158
155
147
156
137
113
118
131
159
167
0
0
0
0
0
0
0
0
0
0
0
0
0
0
0
0
0
0
0
0
0
0
0
0
0
0
0
0
0
0
0
0
0
0
0
0
0
0
0
0
0
0
0
0
140
87
93
88
89
106
96
113
122
129
125
132
113
115
113
102
98
109
120
110
119
119
115
130
137
142
161
154
142
121
114
97
68
60
68
80
109
101
120
102
115
141
155
138
159
124
103
99
117
126
96
77
126
103
127
158
169
174
184
182
170
164
147
137
132
143
165
175
160
147
108
98
109
130
0
0
0
0
0
0
0
0
0
0
0
0
0
0
0
0
0
0
0
0
0
0
0
0
0
0
0
0
0
0
0
0
0
0
0
0
0
0
0
0
0
0
0
0
0
95
93
91
93
89
96
105
72
74
87
113
129
150
140
153
146
147
141
146
153
145
146
132
119
78
70
62
59
61
67
62
79
77
95
114
115
93
125
151
147
154
134
122
147
128
124
133
172
129
137
79
58
111
154
160
167
174
154
158
159
153
158
179
174
172
171
150
179
150
123
69
73
99
0
0
0
0
0
0
0
0
0
0
0
0
0
0
0
0
0
0
0
0
0
0
0
0
0
0
0
0
0
0
0
0
0
0
0
0
0
0
0
0
0
0
0
0
0
0
0
75
91
96
90
113
94
94
88
62
65
77
82
73
85
81
101
71
73
60
59
49
59
63
70
72
79
85
92
89
93
103
117
121
128
156
140
130
135
129
180
173
137
112
126
179
166
165
146
121
83
112
137
164
172
163
178
173
177
164
134
128
130
147
159
192
174
153
119
55
78
94
0
0
0
0
0
0
0
0
0
0
0
0
0
0
0
0
0
0
0
0
0
0
0
0
0
0
0
0
0
0
0
0
0
0
0
0
0
0
0
0
0
0
0
0
0
0
0
0
149
110
84
124
123
104
103
93
89
77
87
78
81
69
77
73
72
75
90
90
105
101
96
108
117
109
115
113
119
116
123
135
128
129
124
169
159
144
163
139
151
99
134
185
164
176
160
167
120
97
123
154
152
159
163
162
142
141
141
163
171
178
183
180
149
136
111
97
120
115
0
0
0
0
0
0
0
0
0
0
0
0
0
0
0
0
0
0
0
0
0
0
0
0
0
0
0
0
0
0
0
0
0
0
0
0
0
0
0
0
0
0
0
0
0
0
0
0
0
190
98
110
99
121
134
96
107
80
85
88
101
99
103
96
104
106
107
125
115
127
122
127
146
124
132
132
145
128
144
140
119
131
119
134
164
152
161
126
111
118
152
175
160
164
155
178
177
122
112
157
142
151
146
166
163
162
141
139
150
151
159
150
135
113
96
105
108
95
0
0
0
0
0
0
0
0
0
0
0
0
0
0
0
0
0
0
0
0
0
0
0
0
0
0
0
0
0
0
0
0
0
0
0
0
0
0
0
0
0
0
0
0
0
0
0
0
0
0
255
96
92
93
111
124
110
99
93
98
105
110
135
115
125
154
111
136
136
138
154
140
139
132
149
153
134
142
144
143
132
151
161
146
141
152
133
101
100
135
151
186
172
178
161
147
156
177
162
142
143
142
140
132
131
138
139
170
174
172
164
142
105
78
112
108
105
96
0
0
0
0
0
0
0
0
0
0
0
0
0
0
0
0
0
0
0
0
0
0
0
0
0
0
0
0
0
0
0
0
0
0
0
0
0
0
0
0
0
0
0
0
0
0
0
0
0
0
0
85
86
91
114
147
106
120
149
138
136
112
119
116
125
129
118
152
140
142
129
134
157
141
144
144
126
156
136
141
157
151
130
148
158
172
128
86
135
146
156
143
136
156
149
159
174
153
146
154
121
143
167
170
152
153
157
149
149
142
129
114
98
115
135
109
85
67
0
0
0
0
0
0
0
0
0
0
0
0
0
0
0
0
0
0
0
0
0
0
0
0
0
0
0
0
0
0
0
0
0
0
0
0
0
0
0
0
0
0
0
0
0
0
0
0
0
0
0
0
134
110
82
108
103
120
123
125
135
125
160
109
131
134
141
134
143
155
130
149
134
140
128
136
138
162
138
142
158
133
178
151
148
119
75
106
142
137
145
158
149
149
138
143
138
164
159
142
137
151
135
145
129
136
130
155
141
140
101
107
115
143
121
89
102
66
0
0
0
0
0
0
0
0
0
0
0
0
0
0
0
0
0
0
0
0
0
0
0
0
0
0
0
0
0
0
0
0
0
0
0
0
0
0
0
0
0
0
0
0
0
0
0
0
0
0
0
0
0
231
86
88
86
95
106
162
127
119
120
174
139
124
137
117
139
160
142
142
133
133
132
169
139
147
152
161
155
105
151
157
133
92
103
133
141
137
134
113
161
147
152
166
151
141
139
131
139
166
172
160
152
153
157
145
129
113
116
108
135
110
103
99
67
17
0
0
0
0
0
0
0
0
0
0
0
0
0
0
0
0
0
0
0
0
0
0
0
0
0
0
0
0
0
0
0
0
0
0
0
0
0
0
0
0
0
0
0
0
0
0
0
0
0
0
0
0
0
0
0
91
149
102
109
112
109
171
123
157
130
104
135
116
148
146
142
126
110
133
166
160
111
194
137
138
142
159
174
137
89
89
115
127
119
133
138
140
138
128
121
136
127
126
123
121
119
123
116
105
119
109
115
109
92
95
89
113
72
24
62
53
7
3
0
0
0
0
0
0
0
0
0
0
0
0
0
0
0
0
0
0
0
0
0
0
0
0
0
0
0
0
0
0
0
0
0
0
0
0
0
0
0
0
0
0
0
0
0
0
0
0
0
0
0
0
0
0
0
255
90
92
93
100
115
126
107
138
127
136
113
160
149
137
146
115
131
139
140
164
132
138
101
139
128
135
140
91
80
118
122
146
146
145
128
130
134
126
146
152
111
126
119
113
132
130
126
106
112
108
95
91
73
103
89
61
29
41
32
6
1
3
0
0
0
0
0
0
0
0
0
0
0
0
0
0
0
0
0
0
0
0
0
0
0
0
0
0
0
0
0
0
0
0
0
0
0
0
0
0
0
0
0
0
0
0
0
0
0
0
0
0
0
0
0
0
0
0
72
96
93
93
100
110
101
130
138
162
128
144
135
120
120
124
144
134
158
144
111
122
123
147
137
178
127
88
100
118
128
118
138
129
132
147
134
132
122
119
131
124
104
115
140
118
101
101
90
86
70
61
88
72
41
55
40
13
1
0
2
4
0
0
0
0
0
0
0
0
0
0
0
0
0
0
0
0
0
0
0
0
0
0
0
0
0
0
0
0
0
0
0
0
0
0
0
0
0
0
0
0
0
0
0
0
0
0
0
0
0
0
0
0
0
0
0
0
0
135
96
104
103
95
115
105
124
105
113
158
123
118
140
131
140
147
104
106
109
108
145
140
112
90
85
92
121
119
130
117
148
148
137
121
95
133
128
122
129
133
148
118
116
143
94
66
80
61
71
69
70
57
36
34
10
2
3
7
5
9
0
0
0
0
0
0
0
0
0
0
0
0
0
0
0
0
0
0
0
0
0
0
0
0
0
0
0
0
0
0
0
0
0
0
0
0
0
0
0
0
0
0
0
0
0
0
0
0
0
0
0
0
0
0
0
0
0
116
141
90
95
119
113
84
99
117
82
99
102
119
121
117
103
74
91
104
117
114
131
137
97
80
94
104
116
113
126
117
136
103
101
139
138
140
138
150
129
103
119
123
120
77
72
43
47
58
94
87
54
39
55
20
0
3
5
19
10
1
0
0
0
0
0
0
0
0
0
0
0
0
0
0
0
0
0
0
0
0
0
0
0
0
0
0
0
0
0
0
0
0
0
0
0
0
0
0
0
0
0
0
0
0
0
0
0
0
0
0
0
0
0
0
0
0
84
132
143
113
111
85
108
100
97
90
80
97
91
90
79
67
75
85
116
114
111
147
118
93
86
75
107
112
103
103
104
113
84
123
120
126
105
123
122
108
134
140
120
86
77
67
29
36
68
100
75
57
54
67
26
3
4
3
26
17
2
18
0
0
0
0
0
0
0
0
0
0
0
0
0
0
0
0
0
0
0
0
0
0
0
0
0
0
0
0
0
0
0
0
0
0
0
0
0
0
0
0
0
0
0
0
0
0
0
0
0
0
0
0
0
0
0
0
111
132
129
116
97
90
101
89
90
71
83
70
67
74
86
97
111
107
111
111
115
89
81
77
96
116
112
113
115
125
101
114
104
102
94
110
95
117
129
124
114
101
98
93
52
21
29
92
70
35
32
47
46
41
22
10
12
24
20
16
25
46
0
0
0
0
0
0
0
0
0
0
0
0
0
0
0
0
0
0
0
0
0
0
0
0
0
0
0
0
0
0
0
0
0
0
0
0
0
0
0
0
0
0
0
0
0
0
0
0
0
0
0
0
0
0
0
0
100
139
126
89
104
109
84
71
76
73
88
92
86
88
103
119
132
118
119
93
84
58
94
105
107
114
118
111
114
98
102
104
111
100
102
92
99
111
96
101
110
104
99
61
27
25
92
84
17
7
22
23
11
20
34
48
58
93
56
69
65
40
0
0
0
0
0
0
0
0
0
0
0
0
0
0
0
0
0
0
0
0
0
0
0
0
0
0
0
0
0
0
0
0
0
0
0
0
0
0
0
0
0
0
0
0
0
0
0
0
0
0
0
0
0
0
0
0
127
131
123
122
105
88
83
95
88
94
78
99
78
96
117
101
81
98
91
88
102
81
87
99
128
112
119
121
121
118
115
115
106
90
96
109
97
108
115
96
85
89
74
74
49
79
68
50
30
36
16
0
5
37
60
52
93
106
108
80
46
34
0
0
0
0
0
0
0
0
0
0
0
0
0
0
0
0
0
0
0
0
0
0
0
0
0
0
0
0
0
0
0
0
0
0
0
0
0
0
0
0
0
0
0
0
0
0
0
0
0
0
0
0
0
0
0
0
102
143
124
98
104
109
94
97
89
100
77
100
100
91
94
92
104
95
101
102
99
108
97
104
112
118
125
117
107
105
102
106
80
117
96
90
103
86
73
73
74
64
58
50
77
62
49
49
61
57
16
6
56
94
70
51
58
75
68
76
60
45
0
0
0
0
0
0
0
0
0
0
0
0
0
0
0
0
0
0
0
0
0
0
0
0
0
0
0
0
0
0
0
0
0
0
0
0
0
0
0
0
0
0
0
0
0
0
0
0
0
0
0
0
0
0
0
70
93
133
131
121
102
92
95
102
100
112
110
108
96
105
110
112
105
121
113
121
107
114
101
98
100
113
104
119
110
102
92
105
96
90
91
71
87
87
85
50
42
48
48
60
54
50
41
44
32
16
7
50
118
83
61
58
60
51
49
58
78
77
0
0
0
0
0
0
0
0
0
0
0
0
0
0
0
0
0
0
0
0
0
0
0
0
0
0
0
0
0
0
0
0
0
0
0
0
0
0
0
0
0
0
0
0
0
0
0
0
0
0
0
0
0
0
117
109
122
135
121
103
116
115
122
98
103
102
113
91
119
110
104
122
103
131
129
126
122
100
98
114
90
101
95
106
85
93
92
60
104
82
74
74
81
50
57
59
40
61
70
52
82
68
23
20
3
5
52
97
85
39
49
74
84
21
27
50
77
75
0
0
0
0
0
0
0
0
0
0
0
0
0
0
0
0
0
0
0
0
0
0
0
0
0
0
0
0
0
0
0
0
0
0
0
0
0
0
0
0
0
0
0
0
0
0
0
0
0
0
0
0
103
112
120
116
106
133
114
125
108
104
119
111
115
106
124
110
128
119
108
126
127
135
122
128
107
109
92
89
97
100
89
84
90
65
80
69
74
59
64
51
59
51
54
73
77
71
56
76
40
30
15
3
25
57
113
120
77
59
38
58
39
25
42
58
66
60
0
0
0
0
0
0
0
0
0
0
0
0
0
0
0
0
0
0
0
0
0
0
0
0
0
0
0
0
0
0
0
0
0
0
0
0
0
0
0
0
0
0
0
0
0
0
0
0
0
0
0
0
116
119
127
128
110
105
106
120
118
99
120
108
118
123
120
118
112
124
131
121
118
125
135
129
120
97
88
82
91
82
75
79
69
56
60
67
57
60
43
51
46
34
80
85
104
86
45
25
1
15
26
48
86
107
114
87
62
39
44
44
41
60
84
72
61
56
0
0
0
0
0
0
0
0
0
0
0
0
0
0
0
0
0
0
0
0
0
0
0
0
0
0
0
0
0
0
0
0
0
0
0
0
0
0
0
0
0
0
0
0
0
0
0
0
0
0
74
146
167
150
126
88
103
128
159
104
97
106
124
114
107
102
113
109
119
120
137
104
130
123
96
105
93
101
100
91
70
51
72
54
75
56
66
67
37
53
47
30
40
47
84
73
47
32
27
9
33
84
74
118
129
102
49
63
42
27
35
61
53
53
69
65
68
74
0
0
0
0
0
0
0
0
0
0
0
0
0
0
0
0
0
0
0
0
0
0
0
0
0
0
0
0
0
0
0
0
0
0
0
0
0
0
0
0
0
0
0
0
0
0
0
0
80
105
135
132
126
130
143
122
128
112
109
111
97
106
109
112
126
112
125
108
113
122
119
107
107
102
116
103
85
75
57
45
46
54
51
67
50
60
51
45
55
32
38
22
53
78
86
62
16
27
5
33
113
106
104
104
108
73
52
21
24
19
7
43
48
63
65
62
53
26
0
0
0
0
0
0
0
0
0
0
0
0
0
0
0
0
0
0
0
0
0
0
0
0
0
0
0
0
0
0
0
0
0
0
0
0
0
0
0
0
0
0
0
0
0
0
0
82
123
142
144
151
140
154
140
123
116
153
141
109
109
105
120
104
117
114
107
100
120
116
116
95
107
76
88
76
60
81
58
62
47
62
60
51
51
43
51
40
32
34
34
59
70
73
55
29
24
6
27
89
71
82
105
56
56
54
18
22
14
0
8
33
44
59
48
36
37
23
0
0
0
0
0
0
0
0
0
0
0
0
0
0
0
0
0
0
0
0
0
0
0
0
0
0
0
0
0
0
0
0
0
0
0
0
0
0
0
0
0
0
0
0
0
0
93
139
157
153
135
145
123
149
142
135
130
129
132
113
124
104
103
94
127
123
111
96
106
87
97
94
88
87
67
77
70
86
60
63
44
53
53
46
43
45
35
29
20
67
99
73
93
37
21
16
10
45
109
79
38
44
61
29
71
74
52
42
18
1
15
35
32
39
28
14
28
21
0
0
0
0
0
0
0
0
0
0
0
0
0
0
0
0
0
0
0
0
0
0
0
0
0
0
0
0
0
0
0
0
0
0
0
0
0
0
0
0
0
0
0
0
0
83
137
153
152
156
147
126
126
132
116
143
135
134
141
105
111
109
85
65
98
90
115
104
101
120
93
109
78
114
88
91
67
75
56
60
56
38
36
39
41
30
19
45
149
118
107
80
57
48
19
8
90
105
71
71
62
50
34
65
61
47
47
20
13
18
32
30
46
54
38
26
28
39
0
0
0
0
0
0
0
0
0
0
0
0
0
0
0
0
0
0
0
0
0
0
0
0
0
0
0
0
0
0
0
0
0
0
0
0
0
0
0
0
0
0
0
0
91
119
163
156
148
145
121
121
155
127
161
125
140
130
154
118
107
87
109
51
57
73
112
93
113
107
79
105
83
97
76
91
86
93
57
58
35
39
29
31
22
23
131
216
54
71
69
49
52
23
14
85
123
82
56
54
39
36
54
41
43
40
18
5
6
15
35
45
64
61
42
23
35
60
0
0
0
0
0
0
0
0
0
0
0
0
0
0
0
0
0
0
0
0
0
0
0
0
0
0
0
0
0
0
0
0
0
0
0
0
0
0
0
0
0
0
0
0
121
149
152
145
158
137
159
141
126
133
142
114
160
136
134
108
109
98
85
51
40
58
88
53
77
86
73
114
72
104
78
86
68
81
59
64
47
34
18
13
10
133
255
171
36
62
40
29
24
12
60
108
74
64
27
28
30
28
45
40
36
40
45
31
21
46
54
70
84
37
19
10
31
21
0
0
0
0
0
0
0
0
0
0
0
0
0
0
0
0
0
0
0
0
0
0
0
0
0
0
0
0
0
0
0
0
0
0
0
0
0
0
0
0
0
0
0
100
152
147
153
124
127
123
120
122
144
133
136
162
140
135
138
122
110
115
55
44
41
56
75
35
58
76
60
96
62
98
66
78
54
68
44
39
20
3
8
58
164
250
254
221
43
34
29
16
19
73
108
61
29
34
33
41
47
31
39
43
39
42
50
58
50
68
64
78
56
23
3
4
6
29
0
0
0
0
0
0
0
0
0
0
0
0
0
0
0
0
0
0
0
0
0
0
0
0
0
0
0
0
0
0
0
0
0
0
0
0
0
0
0
0
0
0
96
144
153
148
124
114
144
126
141
153
139
142
146
143
130
158
135
116
90
85
41
23
33
47
41
53
45
61
33
69
44
71
50
64
46
52
26
18
5
13
105
221
255
237
231
100
35
17
17
12
46
97
52
30
82
35
56
56
46
20
45
56
35
35
40
40
49
66
52
29
11
6
13
16
30
37
0
0
0
0
0
0
0
0
0
0
0
0
0
0
0
0
0
0
0
0
0
0
0
0
0
0
0
0
0
0
0
0
0
0
0
0
0
0
0
0
0
91
119
141
135
133
130
133
126
126
138
148
139
167
151
162
133
139
117
109
92
52
37
35
34
34
35
60
51
50
34
40
26
27
16
20
12
16
4
0
0
175
205
233
228
199
111
32
34
27
9
11
36
95
80
37
71
60
67
61
32
46
46
55
45
61
57
78
53
49
32
14
8
16
19
22
27
13
0
0
0
0
0
0
0
0
0
0
0
0
0
0
0
0
0
0
0
0
0
0
0
0
0
0
0
0
0
0
0
0
0
0
0
0
0
0
0
0
0
105
130
140
154
126
138
124
119
149
136
164
143
139
145
169
142
134
112
82
58
36
33
29
25
22
32
35
47
37
41
31
31
25
23
22
16
13
5
23
123
243
255
249
180
100
62
42
48
60
43
39
63
50
52
63
86
55
54
62
46
41
22
54
45
45
55
50
33
21
15
3
8
25
26
26
9
10
0
0
0
0
0
0
0
0
0
0
0
0
0
0
0
0
0
0
0
0
0
0
0
0
0
0
0
0
0
0
0
0
0
0
0
0
0
0
0
0
103
127
130
147
111
135
136
119
159
143
110
163
159
151
159
137
114
107
92
69
30
18
9
5
3
2
2
6
12
17
25
18
14
11
11
11
7
4
19
167
186
247
242
197
81
52
71
38
42
25
32
43
44
62
82
89
80
16
26
59
69
29
45
31
32
20
47
27
20
9
9
12
14
37
25
15
13
15
0
0
0
0
0
0
0
0
0
0
0
0
0
0
0
0
0
0
0
0
0
0
0
0
0
0
0
0
0
0
0
0
0
0
0
0
0
0
0
0
111
151
132
135
129
140
119
138
137
141
152
156
148
148
149
136
128
92
62
21
3
0
0
0
0
0
0
0
0
0
0
0
0
0
0
1
1
14
128
242
251
252
229
123
89
95
38
21
29
54
70
30
79
77
105
90
73
12
20
30
34
29
19
37
22
35
46
33
17
16
10
4
14
28
18
13
10
21
0
0
0
0
0
0
0
0
0
0
0
0
0
0
0
0
0
0
0
0
0
0
0
0
0
0
0
0
0
0
0
0
0
0
0
0
0
0
85
108
141
126
142
125
131
133
160
143
130
147
158
135
146
138
117
114
103
75
41
2
3
3
1
2
2
1
1
1
1
0
0
0
0
2
1
9
81
169
252
255
210
199
134
73
102
56
17
9
41
63
53
71
93
83
96
84
64
20
13
16
39
45
40
26
22
29
25
27
21
5
1
2
17
19
23
5
3
29
0
0
0
0
0
0
0
0
0
0
0
0
0
0
0
0
0
0
0
0
0
0
0
0
0
0
0
0
0
0
0
0
0
0
0
0
0
0
112
143
142
143
133
116
152
141
144
131
156
156
148
125
128
113
116
93
74
42
17
28
24
24
20
15
20
16
4
18
5
0
0
1
3
3
4
87
231
254
252
255
167
107
111
118
60
16
12
29
24
56
67
76
98
90
98
73
29
18
22
38
36
31
34
20
35
34
37
24
26
1
3
9
10
7
0
2
1
14
0
0
0
0
0
0
0
0
0
0
0
0
0
0
0
0
0
0
0
0
0
0
0
0
0
0
0
0
0
0
0
0
0
0
0
0
0
0
128
136
82
153
129
159
137
127
153
153
133
123
147
128
112
109
88
67
38
12
69
83
78
59
44
38
21
8
3
10
5
0
0
0
0
2
16
156
235
251
241
218
105
119
121
69
14
5
15
17
21
54
67
80
113
100
79
32
12
9
31
40
8
45
46
37
53
16
15
26
20
2
8
9
3
1
0
0
1
25
0
0
0
0
0
0
0
0
0
0
0
0
0
0
0
0
0
0
0
0
0
0
0
0
0
0
0
0
0
0
0
0
0
0
0
0
0
115
131
173
171
107
131
122
118
158
122
115
123
133
110
97
84
77
58
34
42
59
87
99
87
82
76
46
34
17
4
13
23
72
122
44
50
52
66
214
221
231
249
144
90
126
103
26
17
4
18
63
65
59
78
87
84
113
52
37
17
23
85
43
18
66
60
45
29
14
20
8
8
30
20
4
1
3
16
33
26
10
0
0
0
0
0
0
0
0
0
0
0
0
0
0
0
0
0
0
0
0
0
0
0
0
0
0
0
0
0
0
0
0
0
0
0
0
0
104
98
95
97
108
113
108
103
98
100
114
102
90
88
83
63
50
35
76
83
91
91
67
73
113
26
23
20
40
27
114
118
95
65
55
56
65
69
103
139
216
197
117
100
141
44
20
26
23
37
63
30
68
94
84
95
80
32
19
19
25
63
36
17
58
33
27
21
14
4
1
17
31
8
3
5
37
37
41
44
25
0
0
0
0
0
0
0
0
0
0
0
0
0
0
0
0
0
0
0
0
0
0
0
0
0
0
0
0
0
0
0
0
0
0
0
0
60
87
102
98
109
123
114
112
105
98
83
73
67
58
48
33
30
26
34
97
61
55
43
33
36
66
34
21
18
13
85
106
81
40
39
51
33
67
107
94
90
102
140
99
114
53
27
28
56
36
32
47
59
109
120
108
75
8
10
19
25
33
35
29
20
44
18
16
41
17
0
8
38
40
1
7
38
52
23
31
17
22
0
0
0
0
0
0
0
0
0
0
0
0
0
0
0
0
0
0
0
0
0
0
0
0
0
0
0
0
0
0
0
0
0
0
0
0
105
112
109
138
157
179
172
162
177
173
162
151
150
148
122
107
80
28
9
39
28
45
40
18
15
20
3
9
7
10
107
107
77
65
63
59
44
137
255
227
208
173
77
92
12
17
36
21
53
56
69
83
92
112
128
111
40
28
16
12
30
71
47
27
31
32
15
17
25
28
23
22
46
12
4
31
46
13
20
13
8
11
0
0
0
0
0
0
0
0
0
0
0
0
0
0
0
0
0
0
0
0
0
0
0
0
0
0
0
0
0
0
0
0
0
0
0
76
92
82
110
126
110
136
170
173
190
183
208
183
183
192
200
169
174
155
64
20
0
17
21
31
38
12
11
1
0
47
87
77
56
58
65
38
61
144
254
162
185
204
47
23
2
40
26
58
108
129
124
137
101
105
115
52
47
42
24
16
33
40
24
17
61
20
4
7
15
44
36
46
33
10
42
58
9
6
20
5
2
2
0
0
0
0
0
0
0
0
0
0
0
0
0
0
0
0
0
0
0
0
0
0
0
0
0
0
0
0
0
0
0
0
0
0
0
126
105
99
99
133
142
168
149
152
166
167
172
177
174
177
201
165
182
167
184
145
66
21
35
34
36
18
43
11
1
56
95
68
64
54
42
42
88
111
208
170
181
102
22
8
14
16
44
86
87
125
140
121
118
94
92
39
27
41
49
26
19
24
3
25
68
22
16
21
26
28
17
31
1
18
52
29
6
10
10
2
1
3
0
0
0
0
0
0
0
0
0
0
0
0
0
0
0
0
0
0
0
0
0
0
0
0
0
0
0
0
0
0
0
0
0
0
0
116
75
83
92
86
100
118
157
157
159
153
160
188
179
167
170
168
155
157
154
132
163
132
42
5
18
19
11
15
4
78
78
63
51
51
32
77
113
118
146
195
115
21
20
7
15
67
73
112
102
132
135
122
122
78
23
32
27
52
54
31
12
8
0
13
32
30
17
21
25
6
3
6
14
5
12
9
17
7
3
1
3
11
0
0
0
0
0
0
0
0
0
0
0
0
0
0
0
0
0
0
0
0
0
0
0
0
0
0
0
0
0
0
0
0
0
0
0
66
85
89
71
117
128
105
102
119
142
148
155
161
171
165
150
188
146
167
170
149
145
141
113
100
53
27
16
28
83
109
106
47
58
40
37
87
74
104
210
159
45
16
27
13
77
84
59
94
101
96
122
76
84
22
14
29
24
11
16
20
5
0
3
15
5
9
22
9
0
8
19
28
37
25
10
16
12
6
5
1
1
0
0
0
0
0
0
0
0
0
0
0
0
0
0
0
0
0
0
0
0
0
0
0
0
0
0
0
0
0
0
0
0
0
0
0
0
49
75
73
83
82
101
111
130
124
150
133
149
158
144
136
148
101
140
141
133
139
124
105
135
138
133
122
130
135
153
120
76
63
53
39
31
100
140
216
163
74
43
30
14
60
94
47
49
23
63
103
115
71
28
19
22
51
0
5
16
12
9
7
19
30
7
1
15
2
8
26
28
17
17
26
20
13
3
6
6
5
12
8
0
0
0
0
0
0
0
0
0
0
0
0
0
0
0
0
0
0
0
0
0
0
0
0
0
0
0
0
0
0
0
0
0
0
0
0
89
69
70
84
82
95
93
109
105
118
121
131
149
144
142
143
136
128
137
150
118
143
123
140
142
154
173
160
145
143
124
111
82
6
60
104
201
227
69
51
34
13
57
108
103
83
72
16
6
113
109
29
23
46
48
39
1
20
46
37
25
30
50
33
11
9
19
23
19
38
24
18
7
15
10
4
8
7
6
7
13
15
0
0
0
0
0
0
0
0
0
0
0
0
0
0
0
0
0
0
0
0
0
0
0
0
0
0
0
0
0
0
0
0
0
195
111
80
83
56
70
75
66
93
112
110
134
139
151
117
124
99
129
96
152
147
118
114
105
129
134
119
164
144
179
155
160
164
152
173
144
104
76
63
142
105
50
20
8
21
81
81
119
101
53
59
27
45
68
32
44
34
40
56
1
17
37
29
29
49
45
17
1
6
20
19
32
12
9
14
12
14
9
3
4
9
3
5
2
4
