  -60.8441761503067        0.000000    
  -59.3441770158613        30.2488682983674     
  -57.8441778814160        30.0725640582987     
  -56.3441787469706        29.9030610746118     
  -54.8441796125253        29.3942255682468     
  -53.3441745407108        29.7538817055863     
  -51.8441754062654        29.9679357388238     
  -50.3441762718201        29.9568002029496     
  -48.8441771373747        29.8801873598929     
  -47.3441780029294        30.3138973341777     
  -45.8441788684840        29.6684043703621     
  -44.3441767653541        29.2723313792319     
  -42.8441776309088        29.1795807667771     
  -41.3441755277788        29.1256664860489     
  -39.8441763933335        29.0493772296119     
  -38.3441772588881        29.2834936332674     
  -36.8441781244428        29.7310495524515     
  -35.3441789899974        29.8553127517644     
  -33.8441768868675        28.9837544568848     
  -32.3441777524221        29.3787884084105     
  -30.8441786179768        29.5537923646314     
  -29.3441765148469        29.8517681423712     
  -27.8441773804015        29.1100719859297     
  -26.3441782459562        28.9410350857224     
  -24.8441791115108        28.9796339226823     
  -23.3441770083809        29.9357730100418     
  -21.8441778739355        29.6061510546377     
  -20.3441787394902        29.9403447843010     
  -18.8441766363603        29.4723880646563     
  -17.3441775019149        29.7466440525707     
  -15.8441783674696        29.4481101621292     
  -14.3441792330242        29.4024785113901     
  -12.8441771298943        29.8887549836020     
  -11.3441779954489        29.9799529740194     
  -9.84417886100357        30.0158057777392     
  -8.34417675787364        29.7032003223699     
  -6.84417762342829        29.9749091789114     
  -5.34417848898294        30.0528312118696     
  -3.84417935453759        29.6441205304658     
  -2.34418022009224        29.2792573203661     
 -0.844181085646893        29.1714376649635     
  0.655823986167624        29.0895138451862     
   2.15582312061297        29.3467741138578     
   3.65582225505832        30.0327391546057     
   5.15582138950367        30.1396533612103     
   6.65582052394902        29.9003298847946     
   8.15581965839437        30.4046292411154     
   9.65581879283972        29.2326816279293     
   11.1558238646542        29.1889825908543     
   12.6558229990996        29.8726379949960     
   14.1558221335449        29.6639246253249     
   15.6558212679903        30.2990182870432     
   17.1558204024356        30.4841098334802     
   18.6558195368810        29.7049370028515     
   20.1558186713263        29.8435092618588     
   21.6558237431408        29.5311977062634     
   23.1558228775862        29.5049753153338     
   24.6558220120315        29.6215614963127     
   26.1558211464769        29.5955469133040     
   27.6558202809222        29.6917857301449     
   29.1558194153676        30.4521667873574     
   30.6558185498129        30.0381480979176     
   32.1558236216275        29.5530917550696     
   33.6558227560728        29.5905060868805     
   35.1558218905182        29.8284995926026     
   36.6558210249635        29.8646017658274     
   38.1558201594089        29.8711863082345     
   39.6558192938542        30.2584037132509     
   41.1558184282996        30.1261874079377     
   42.6558235001141        29.7824938876059     
   44.1558166971903        29.5537864272623     
   45.6558217690048        29.8759807338375     
   47.1558149660810        29.5537715838393     
   48.6558200378955        29.5038412778227     
   50.1558251097100        29.3019083837413     
   51.6558183067862        29.8110288838263     
   53.1558233786007        29.0492317640673     
   54.6558165756769        29.6977676295814     
   56.1558216474914        29.5112659579671     
   57.6558148445676        29.6030784660933     
   59.1558199163821        28.6208505786105     
   60.6558249881966        0.000000    

  -69.5649246102789        0.000000    
  -68.0649254758335        13.6882424368424     
  -66.5649263413881        16.1177708543795     
  -65.0649272069428        19.2174159900133     
  -63.5649280724975        20.5498106145632     
  -62.0649230006829        21.4541669367257     
  -60.5649238662376        21.2252650275418     
  -59.0649247317922        22.9606808494904     
  -57.5649255973469        22.9910623675221     
  -56.0649264629015        22.9741393810515     
  -54.5649273284562        23.4175703130063     
  -53.0649281940108        24.0677760635989     
  -51.5649231221963        24.8826592010873     
  -50.0649239877510        25.0319365367041     
  -48.5649248533056        24.6972203185540     
  -47.0649257188603        24.8356515650436     
  -45.5649265844149        25.1608961950287     
  -44.0649274499696        25.4250645927271     
  -42.5649253468396        25.1088046866351     
  -41.0649262123943        25.8891145234593     
  -39.5649270779489        26.4279337441217     
  -38.0649249748190        26.6484684158059     
  -36.5649258403737        26.9599932699866     
  -35.0649267059283        26.9687449521399     
  -33.5649275714830        27.4140001407715     
  -32.0649254683530        27.6755560960360     
  -30.5649263339077        28.2679927289682     
  -29.0649271994623        27.5580882157357     
  -27.5649250963324        27.6637852616608     
  -26.0649259618871        27.4416475003014     
  -24.5649268274417        28.5601558222927     
  -23.0649276929964        28.3855912313902     
  -21.5649255898664        29.0199308472242     
  -20.0649264554211        28.5453153680578     
  -18.5649273209757        29.0262511767033     
  -17.0649252178458        28.7427507049946     
  -15.5649260834004        28.7987757204620     
  -14.0649269489551        28.9376626600351     
  -12.5649278145097        29.3882496061794     
  -11.0649286800644        29.5115747011638     
  -9.56492954561904        29.2559531463825     
  -8.06492447380453        29.1710072056988     
  -6.56492533935918        29.4428674651540     
  -5.06492620491383        29.5409379603832     
  -3.56492707046848        28.7232405099092     
  -2.06492793602313        28.7822817089138     
 -0.564928801577782        28.6456598756782     
  0.935070332867567        28.9030329543639     
   2.43507540468208        29.5615792242950     
   3.93507453912743        29.6092652047662     
   5.43507367357278        29.7217991312881     
   6.93507280801813        29.4669138102836     
   8.43507194246348        29.9245602883684     
   9.93507107690883        28.7928205391867     
   11.4350702113542        28.7497508632435     
   12.9350752831687        29.3315299185195     
   14.4350744176140        29.1590938744636     
   15.9350735520594        29.7357608548862     
   17.4350726865047        29.9198163304034     
   18.9350718209501        29.3458360095293     
   20.4350709553954        28.5395323704883     
   21.9350700898408        29.0254080702815     
   23.4350751616553        28.0718903314095     
   24.9350742961007        28.3632370364735     
   26.4350734305460        28.1334608496796     
   27.9350725649914        28.1688356951814     
   29.4350716994367        28.8644103679274     
   30.9350708338821        28.0395791683984     
   32.4350699683274        28.4271706276723     
   33.9350750401419        27.5694493716383     
   35.4350682372181        26.9944270424752     
   36.9350733090326        26.3014677808476     
   38.4350665061088        26.7199691840091     
   39.9350715779233        26.8468270136483     
   41.4350766497378        26.2251874304643     
   42.9350698468140        26.3824475589272     
   44.4350749186285        24.7981481726952     
   45.9350681157047        24.7569205655363     
   47.4350731875192        24.6788040837378     
   48.9350663845954        23.9239982161738     
   50.4350714564099        24.0637980262565     
   51.9350765282244        23.6836876521340     
   53.4350697253006        22.8299756046305     
   54.9350747971151        23.1083016591094     
   56.4350679941913        22.7492466803982     
   57.9350730660058        22.2422487897906     
   59.4350662630820        20.4169842445680     
   60.9350713348965        20.2693144516534     
   62.4350764067111        19.9424325921202     
   63.9350696037872        18.2492181058740     
   65.4350746756018        14.4033391794122     
   66.9350678726779        9.90308721137304     
   68.4350729444924        0.000000    

  -91.3400419747391        0.000000    
  -89.8400428402938        4.58860150559826     
  -88.3400437058484        4.19335529312473     
  -86.8400445714031        5.33125728933152     
  -85.3400454369577        6.34844292213204     
  -83.8400403651432        6.20754618309558     
  -82.3400412306979        8.11483399902905     
  -80.8400420962525        8.00198168108554     
  -79.3400429618072        7.17369493270085     
  -77.8400438273618        8.77884413293678     
  -76.3400446929165        8.79857549502367     
  -74.8400396211020        9.90537680935837     
  -73.3400464240258        9.80965602797740     
  -71.8400413522112        11.4715583135749     
  -70.3400422177659        12.0046078957485     
  -68.8400430833206        13.0323486865870     
  -67.3400439488752        13.3905056382116     
  -65.8400448144298        14.6465204614446     
  -64.3400397426153        14.9805152892408     
  -62.8400465455392        13.7442719053366     
  -61.3400414737246        16.0088468483116     
  -59.8400423392793        17.0593485438549     
  -58.3400432048339        17.2862688560791     
  -56.8400440703886        18.3946821661428     
  -55.3400449359432        18.1000684236943     
  -53.8400398641287        18.6912656308127     
  -52.3400466670525        18.5135646246474     
  -50.8400415952380        19.5195598009089     
  -49.3400424607927        18.7605859001891     
  -47.8400433263473        19.6325835603871     
  -46.3400441919020        20.4154152947654     
  -44.8400450574566        21.1758720534349     
  -43.3400429543267        21.8343129350632     
  -41.8400438198813        22.0766822818620     
  -40.3400446854360        22.3067553371142     
  -38.8400425823061        22.8800098146075     
  -37.3400434478607        23.8460108721547     
  -35.8400443134154        24.6429319835683     
  -34.3400451789700        24.8045842808731     
  -32.8400460445247        25.3622620703547     
  -31.3400469100793        26.3604466374759     
  -29.8400418382648        26.5070551256518     
  -28.3400427038195        27.0503392479284     
  -26.8400435693741        26.8139132076666     
  -25.3400444349288        27.2684841285225     
  -23.8400453004834        28.1348234759036     
  -22.3400461660381        28.8300537812379     
  -20.8400470315927        28.3866183962563     
  -19.3400419597782        28.2451546384643     
  -17.8400428253328        28.8844430514996     
  -16.3400436908875        28.6028573813475     
  -14.8400445564421        28.7583837980134     
  -13.3400454219968        29.3379571206436     
  -11.8400462875514        29.4492174814790     
  -10.3400471531061        29.4673234887562     
  -8.84004208129158        29.2030779052587     
  -7.34004294684623        29.3911856352329     
  -5.84004381240088        29.5040372110053     
  -4.34004467795553        29.1218220395128     
  -2.84004554351018        28.7535299987188     
  -1.34004640906483        28.6109054852545     
  0.159952725380517        28.5993483961693     
   1.65995779719503        28.8780514735904     
   3.15995693164038        29.5494343356623     
   4.65995606608573        29.7042363932897     
   6.15995520053108        29.4471631517469     
   7.65995433497643        29.3158255770706     
   9.15995346942178        29.8777025708962     
   10.6599526038671        28.7490621284200     
   12.1599576756816        29.2375176151165     
   13.6599508727578        29.0687686773139     
   15.1599559445723        28.9698402322400     
   16.6599491416485        29.3024427469664     
   18.1599542134630        29.5178119074746     
   19.6599592852776        28.9389302883525     
   21.1599524823537        28.5673222268782     
   22.6599575541683        27.7350425977282     
   24.1599507512444        27.2913073756035     
   25.6599558230590        27.5899807942205     
   27.1599490201351        27.0638527001543     
   28.6599540919497        27.1913250475024     
   30.1599591637642        26.9418130455948     
   31.6599523608404        26.7732392601826     
   33.1599574326549        26.0492424012303     
   34.6599506297310        25.3703012682079     
   36.1599557015456        25.1169418510795     
   37.6599488986217        23.9413442401975     
   39.1599539704363        23.3889180537448     
   40.6599590422508        22.9942611251612     
   42.1599522393270        23.0613251942538     
   43.6599573111415        21.7961237765759     
   45.1599505082177        21.7943425658256     
   46.6599555800322        21.4337691049497     
   48.1599487771084        20.8251130637934     
   49.6599538489229        20.3232272480393     
   51.1599589207374        19.3494853454396     
   52.6599521178136        19.3775230869922     
   54.1599571896281        17.6533214710593     
   55.6599503867043        17.4198002886629     
   57.1599554585188        16.2492049113047     
   58.6599486555950        14.9929006413248     
   60.1599537274095        15.8784830021788     
   61.6599587992240        14.8116847126121     
   63.1599519963002        13.7254905223166     
   64.6599570681147        13.5109036101963     
   66.1599502651909        14.5170130808143     
   67.6599553370054        13.4308010784112     
   69.1599485340816        12.3749089938346     
   70.6599536058961        11.6754104622398     
   72.1599586777106        11.1008557008987     
   73.6599518747868        9.57943156981139     
   75.1599569466013        8.82743259352146     
   76.6599501436775        7.49152972596461     
   78.1599552154920        6.08717307384433     
   79.6599484125682        7.16525422025767     
   81.1599534843827        7.13206284226738     
   82.6599585561972        6.83397054365770     
   84.1599517532734        0.000000    

  -95.8029664449914        0.000000    
  -94.3029673105461        4.47426632970510     
  -92.8029681761007        5.45269244549265     
  -91.3029690416554        5.60717685386963     
  -89.8029699072100        5.62416552248657     
  -88.3029648353955        5.91249789944111     
  -86.8029657009502        7.61961065365238     
  -85.3029665665048        7.02171238325695     
  -83.8029674320595        8.16912381835712     
  -82.3029682976141        8.16354640219511     
  -80.8029691631688        7.49215982926754     
  -79.3029700287234        8.49178866143889     
  -77.8029649569089        9.25510723204723     
  -76.3029658224636        9.43025442729929     
  -74.8029666880182        9.07289753617007     
  -73.3029675535729        11.2126674948956     
  -71.8029684191275        11.8177603723801     
  -70.3029692846822        12.1338339935145     
  -68.8029701502368        12.6030427558824     
  -67.3029650784223        13.6564715744255     
  -65.8029718813461        14.8905092256839     
  -64.3029668095316        13.1328015511948     
  -62.8029676750862        14.1209044654691     
  -61.3029685406409        14.9794406254214     
  -59.8029694061956        14.6933781789169     
  -58.3029702717502        14.5396493007665     
  -56.8029651999357        14.5444333359735     
  -55.3029720028595        15.6598378982323     
  -53.8029669310450        16.4300363953638     
  -52.3029677965996        16.8426152727805     
  -50.8029686621543        17.8183922086625     
  -49.3029695277089        17.8016013286559     
  -47.8029674245790        17.3811880926224     
  -46.3029682901337        18.5668109513442     
  -44.8029691556883        18.4757955350287     
  -43.3029670525584        18.9598915084138     
  -41.8029679181130        20.2800269499744     
  -40.3029687836677        20.6575323033746     
  -38.8029696492223        21.9392885906345     
  -37.3029705147770        22.6794395467501     
  -35.8029713803316        23.1755171311158     
  -34.3029663085171        23.3631172160262     
  -32.8029671740718        24.7242605820865     
  -31.3029680396264        25.4235000959513     
  -29.8029689051811        25.5708923168574     
  -28.3029697707357        25.3789015474474     
  -26.8029706362904        26.6991735484989     
  -25.3029715018450        27.0887659011824     
  -23.8029664300305        27.1541185236124     
  -22.3029672955851        27.8939948764039     
  -20.8029681611398        27.9592999998806     
  -19.3029690266944        28.0944226474013     
  -17.8029698922491        28.7143403935267     
  -16.3029707578038        28.4254369158753     
  -14.8029716233584        28.6859449254817     
  -13.3029665515439        29.2394086671965     
  -11.8029674170985        29.3986221901156     
  -10.3029682826532        29.4121593918182     
  -8.80296914820784        29.1498523593540     
  -7.30297001376249        29.3504166898422     
  -5.80297087931714        29.4478192310400     
  -4.30297174487179        29.0510307869251     
  -2.80296667305727        28.7038935924760     
  -1.30296753861192        28.5690529699906     
  0.197031595833425        28.5753822055235     
   1.69703073027877        28.8469574712587     
   3.19702986472412        29.5147007260306     
   4.69702899916947        29.6801722360526     
   6.19702813361482        29.4214038756124     
   7.69703320542934        29.2829859882035     
   9.19702640250552        29.8074011512648     
   10.6970314743200        28.6707304169892     
   12.1970246713962        28.6058409093543     
   13.6970297432107        29.0907042877043     
   15.1970348150253        28.8358694343378     
   16.6970280121014        28.1563137836065     
   18.1970330839160        28.6458973704449     
   19.6970262809921        28.2430587471480     
   21.1970313528066        27.3857026393178     
   22.6970245498828        27.0088934424526     
   24.1970296216973        26.3049619226028     
   25.6970346935119        25.7394126659470     
   27.1970278905880        25.9804936036364     
   28.6970329624026        26.1992708140469     
   30.1970261594787        25.4083419924659     
   31.6970312312933        25.1653314097971     
   33.1970244283694        24.2449723933850     
   34.6970295001840        24.9208127353596     
   36.1970345719985        23.4640480388519     
   37.6970277690747        22.5564410070700     
   39.1970328408892        21.3214192368720     
   40.6970260379654        20.3556497367224     
   42.1970311097799        19.8632726176905     
   43.6970243068561        20.0945465058569     
   45.1970293786706        18.8475119534903     
   46.6970344504851        19.8414364582336     
   48.1970276475613        19.7545104049325     
   49.6970327193758        18.3911256820113     
   51.1970259164520        17.3818679213921     
   52.6970309882665        17.2086585350022     
   54.1970241853427        15.7839051643626     
   55.6970292571572        15.8346073283711     
   57.1970343289717        13.9861959494478     
   58.6970275260479        14.3578411194793     
   60.1970325978624        14.7245048367791     
   61.6970257949386        13.4065543470722     
   63.1970308667531        13.2715445095656     
   64.6970240638293        12.7634392996082     
   66.1970291356438        11.3807366039285     
   67.6970342074583        11.8442736943989     
   69.1970274045345        12.2365890730170     
   70.6970324763490        11.8642521994774     
   72.1970256734252        11.0443824140592     
   73.6970307452397        10.9210780998669     
   75.1970239423159        9.65219996633195     
   76.6970290141304        8.55160468711988     
   78.1970340859449        8.25281845848871     
   79.6970272830211        8.50008168182401     
   81.1970323548356        8.31296771901425     
   82.6970255519118        6.41339774082777     
   84.1970306237263        6.80256037641775     
   85.6970238208025        6.96396998375781     
   87.1970288926170        6.39103018683038     
   88.6970339644315        5.31609918584613     
   90.1970271615077        2.85524223989516     
   91.6970322333222        4.22616333971813     
   93.1970254303984        3.24278174718889     
   94.6970305022129        4.09172905593524     
   96.1970236992891        3.10636215559052     
   97.6970287711036        3.53127740179555     
   99.1970338429181        3.65941325014812     
   100.697021102625        4.24054587435597     
   102.197038049178        0.000000    

  -115.640037452544        0.000000    
  -114.140032380730        2.71163861714654     
  -112.640027308915        1.81751442303077     
  -111.140034111839        1.74799061321764     
  -109.640029040025        3.55561690452780     
  -108.140035842949        2.71490750995899     
  -106.640030771134        3.19161461295752     
  -105.140037574058        3.17764249896339     
  -103.640032502243        4.78254270077985     
  -102.140027430429        3.80394699888544     
  -100.640034233353        4.57956631406717     
  -99.1400291615381        4.95217408007503     
  -97.6400359644619        4.57196945021697     
  -96.1400308926474        5.07902003497589     
  -94.6400317582021        6.07091284620717     
  -93.1400326237567        5.48382800940859     
  -91.6400334893114        5.52501887909578     
  -90.1400343548660        5.77045636141198     
  -88.6400292830515        8.21869936656595     
  -87.1400360859753        7.14769296660161     
  -85.6400310141608        7.46534963879034     
  -84.1400318797155        8.63209611658545     
  -82.6400327452701        8.00847938946855     
  -81.1400336108247        9.18363615068984     
  -79.6400344763794        10.0341538935811     
  -78.1400294045649        10.5623155365873     
  -76.6400362074887        9.38426876092353     
  -75.1400311356742        9.99052833144951     
  -73.6400320012288        10.3892367723190     
  -72.1400328667835        10.6603667353666     
  -70.6400337323381        10.6094545369238     
  -69.1400345978928        11.5852633861651     
  -67.6400295260783        11.8644896942441     
  -66.1400363290021        11.4420495888109     
  -64.6400312571876        11.9169953341373     
  -63.1400321227422        12.7358765475890     
  -61.6400329882969        12.8291719136649     
  -60.1400338538515        13.2778114027222     
  -58.6400347194062        14.0887387680026     
  -57.1400355849608        13.4889160478256     
  -55.6400364505155        13.8989759963728     
  -54.1400313787010        14.1930494382270     
  -52.6400322442556        15.6447213563311     
  -51.1400331098103        16.7361730870247     
  -49.6400339753649        17.2225326824050     
  -48.1400348409196        16.8856404184549     
  -46.6400357064742        17.1080824699842     
  -45.1400365720289        18.6022971225179     
  -43.6400315002143        19.5041968581872     
  -42.1400323657690        20.1121582271509     
  -40.6400332313236        21.0184827871926     
  -39.1400340968783        20.8597976901294     
  -37.6400349624329        21.1048269783153     
  -36.1400358279876        21.8576735140539     
  -34.6400366935422        22.3427402472979     
  -33.1400316217277        22.9510355932773     
  -31.6400324872824        22.7454022338621     
  -30.1400333528370        24.5787920687908     
  -28.6400342183917        24.7031754998293     
  -27.1400350839463        25.6851451117533     
  -25.6400359495010        25.7007633613492     
  -24.1400368150556        26.4520097760972     
  -22.6400317432411        26.6599216009306     
  -21.1400326087958        27.4980228205496     
  -19.6400334743504        27.8748706103145     
  -18.1400343399051        28.4264254878418     
  -16.6400352054597        28.1937459275249     
  -15.1400360710144        28.4743430257105     
  -13.6400369365690        29.1489350358175     
  -12.1400318647545        29.2859665475258     
  -10.6400386676783        29.3481931450889     
  -9.14003359586381        29.0905380413676     
  -7.64004039878763        29.3008366886065     
  -6.14003532697311        29.3812939781994     
  -4.64003025515860        28.9691841529470     
  -3.14003705808242        28.5409217148736     
  -1.64003198626790        28.6698873105674     
 -0.140038789191718        28.5601884778231     
   1.35996628262280        28.8254523201329     
   2.85995947969898        29.4990616956427     
   4.35996455151350        29.5544425065553     
   5.85996962332801        29.6638236900491     
   7.35996282040420        29.4045922148138     
   8.85996789221871        29.7877662714269     
   10.3599610892949        28.6502494620449     
   11.8599661611094        28.5881594239726     
   13.3599593581856        29.0750147896784     
   14.8599644300001        28.8103298408625     
   16.3599695018146        28.1067901873779     
   17.8599626988908        28.4121758018390     
   19.3599677707053        27.0493447385928     
   20.8599609677815        27.0174907530075     
   22.3599660395960        26.0610132356055     
   23.8599592366722        26.1631716095066     
   25.3599643084867        25.8104117264556     
   26.8599693803012        24.5842069494718     
   28.3599625773774        24.4277869587462     
   29.8599676491919        23.5681538698401     
   31.3599608462681        23.9603007756080     
   32.8599659180826        22.5095046194562     
   34.3599591151588        22.7232439721278     
   35.8599641869733        22.0663379004294     
   37.3599692587878        22.5759719829474     
   38.8599624558640        20.4147042948076     
   40.3599675276785        20.0316252361012     
   41.8599607247547        20.7336864846630     
   43.3599657965692        19.3810706650700     
   44.8599589936454        18.5934534111424     
   46.3599640654599        17.3470511885921     
   47.8599691372745        17.5732055801936     
   49.3599623343506        17.9311072249440     
   50.8599674061652        16.6734195479480     
   52.3599606032413        16.3835913250487     
   53.8599656750559        16.3757406386666     
   55.3599588721320        15.1827302083577     
   56.8599639439466        15.4766849028286     
   58.3599690157611        14.7485363384857     
   59.8599622128373        14.2649435571376     
   61.3599672846518        13.0679877450168     
   62.8599604817280        13.0250917371217     
   64.3599655535425        12.2121263698745     
   65.8599587506186        10.4979715247447     
   67.3599638224332        11.3407781094292     
   68.8599688942477        11.3515113885423     
   70.3599620913239        10.5711310454591     
   71.8599671631384        9.61478711886335     
   73.3599603602146        10.2867177032409     
   74.8599654320291        9.80721354273600     
   76.3599586291053        10.2005486645086     
   77.8599637009198        9.49199638710409     
   79.3599687727343        9.59262663061568     
   80.8599619698105        9.01625651865155     
   82.3599670416250        8.78028394495997     
   83.8599602387012        7.05151723430816     
   85.3599653105157        6.98837553972205     
   86.8599585075919        6.70717579856590     
   88.3599517046681        6.46104661274165     
   89.8599686512209        6.30598702172655     
   91.3599618482971        5.64478452126404     
   92.8599550453733        5.41847872674878     
   94.3599719919261        5.32889198988930     
   95.8599651890023        4.38434969777122     
   97.3599583860785        4.28145471900769     
   98.8599515831547        3.00462719032814     
   100.359968529708        2.91323604987000     
   101.859961726784        2.88779943264122     
   103.359954923860        1.96925706565173     
   104.859971870413        2.71897201023992     
   106.359965067489        1.94793207657164     
   107.859958264565        1.53521107338056     
   109.359951461641        0.000000    

  -119.109847868945        0.000000    
  -117.609842797130        1.32424642030956     
  -116.109837725316        1.74958535346755     
  -114.609844528240        2.42652763405110     
  -113.109839456425        3.20249484195751     
  -111.609846259349        1.67926742052822     
  -110.109841187534        1.87393631451844     
  -108.609847990458        2.82666568209055     
  -107.109842918644        3.11401245576323     
  -105.609837846829        2.75476172941227     
  -104.109844649753        4.74142790363513     
  -102.609839577938        4.72413976896079     
  -101.109846380862        4.90464432663007     
  -99.6098413090477        5.32878808592886     
  -98.1098421746024        5.19615727803069     
  -96.6098430401570        6.54842984346874     
  -95.1098439057117        5.79326290964221     
  -93.6098447712663        6.03197557920474     
  -92.1098396994518        5.92556642006501     
  -90.6098465023756        6.32448860622456     
  -89.1098414305611        7.38905964018214     
  -87.6098422961158        7.80998942733329     
  -86.1098431616704        8.30409135210839     
  -84.6098440272251        9.27789188622866     
  -83.1098448927797        8.50890683892080     
  -81.6098398209652        9.19103485484406     
  -80.1098466238890        8.82768715822453     
  -78.6098415520745        9.09654236670968     
  -77.1098424176292        9.32203177296437     
  -75.6098432831838        10.0530629300382     
  -74.1098441487385        9.80180088856840     
  -72.6098450142931        10.1853987249059     
  -71.1098399424786        11.3557009446613     
  -69.6098467454024        10.8936333530599     
  -68.1098416735879        10.5512297261798     
  -66.6098425391425        11.4671141927528     
  -65.1098434046972        11.5004673640529     
  -63.6098442702519        12.3490250329476     
  -62.1098451358065        12.1904082156299     
  -60.6098460013612        13.3831833776854     
  -59.1098468669158        12.3290962533359     
  -57.6098417951013        13.5784560279029     
  -56.1098426606559        16.0710437590289     
  -54.6098435262106        15.7754147264527     
  -53.1098443917652        15.6653255116856     
  -51.6098452573199        16.9544485897405     
  -50.1098461228745        17.2202423422485     
  -48.6098469884292        17.9776502618503     
  -47.1098419166147        17.5091265234501     
  -45.6098427821693        18.0645273318559     
  -44.1098436477240        18.1765075987029     
  -42.6098445132786        18.4026471468814     
  -41.1098453788333        18.8692635054365     
  -39.6098462443879        20.5491456292164     
  -38.1098471099426        20.8767548164726     
  -36.6098420381281        21.0977065883408     
  -35.1098429036827        21.3249044725735     
  -33.6098437692374        20.8734002028928     
  -32.1098446347920        21.7874314681143     
  -30.6098455003467        22.4072987466017     
  -29.1098463659013        23.9376482278906     
  -27.6098472314560        24.2001096319531     
  -26.1098421596415        24.7449894221936     
  -24.6098430251961        24.8420045500531     
  -23.1098438907508        25.8348677500577     
  -21.6098447563054        26.5932271330687     
  -20.1098456218601        27.5034020770157     
  -18.6098464874147        28.1178069758687     
  -17.1098473529694        28.0739179429803     
  -15.6098422811548        28.3308902492473     
  -14.1098490840787        28.5808119296275     
  -12.6098440122641        29.1742905708486     
  -11.1098508151880        29.2999965508693     
  -9.60984574337345        29.0492347327518     
  -8.10984067155893        28.9656514182921     
  -6.60984747448275        29.3397027071789     
  -5.10984240266823        28.9169649911162     
  -3.60984920559205        28.4910804693945     
  -2.10984413377753        28.6497150988198     
 -0.609850936701352        28.5491152843252     
  0.890154135113164        28.8084892564205     
   2.39015920692768        28.7662894050604     
   3.89015240400386        29.5343148250765     
   5.39015747581838        29.6440552194049     
   6.89015067289456        29.3836392390206     
   8.39015574470908        29.7622237092670     
   9.89014894178526        28.6219400858528     
   11.3901540135998        28.5604912836507     
   12.8901590854143        29.0510931293014     
   14.3901522824905        28.7761038762947     
   15.8901573543050        28.7661231587237     
   17.3901505513812        28.0557970922802     
   18.8901556231957        27.3259459873285     
   20.3901488202719        26.4648671490300     
   21.8901538920864        25.4687873792787     
   23.3901589639009        24.6973657840986     
   24.8901521609771        25.3021818317457     
   26.3901572327916        24.5918038133220     
   27.8901504298678        23.8816766487457     
   29.3901555016823        23.2505877425312     
   30.8901486987585        22.6808110790279     
   32.3901537705730        22.1446117225108     
   33.8901588423875        22.2885676910109     
   35.3901520394637        20.8484884862070     
   36.8901571112782        20.6822169156897     
   38.3901503083544        20.0686194990434     
   39.8901553801689        19.2683229932580     
   41.3901485772451        19.0851358579816     
   42.8901536490596        18.2323159001956     
   44.3901587208741        18.0615378664799     
   45.8901519179503        16.7868604076102     
   47.3901569897648        17.3145396393715     
   48.8901501868410        17.7189383064172     
   50.3901552586555        16.5210607177331     
   51.8901484557317        15.9930608680367     
   53.3901535275462        15.6283683573007     
   54.8901585993607        15.2879151561922     
   56.3901517964369        15.2445961107439     
   57.8901568682514        14.6340831573803     
   59.3901500653276        14.9049147676272     
   60.8901551371421        13.3689366603673     
   62.3901483342183        13.3411408666083     
   63.8901534060328        12.7078952110435     
   65.3901584778474        12.8969158115272     
   66.8901516749235        12.1355053629352     
   68.3901567467381        11.5585838178096     
   69.8901499438142        10.9501830835275     
   71.3901550156287        10.3400723869251     
   72.8901482127049        9.46135510917137     
   74.3901532845194        9.27433094907027     
   75.8901583563340        10.0576391573243     
   77.3901515534101        8.87672017932566     
   78.8901566252247        9.14344238793728     
   80.3901498223008        8.84516899956797     
   81.8901548941154        8.38236962721665     
   83.3901480911915        8.03711309445141     
   84.8901412882677        8.11116544705450     
   86.3901582348206        6.79194732903030     
   87.8901514318968        7.53941386613177     
   89.3901446289729        7.50272166684591     
   90.8901615755258        6.37151999174499     
   92.3901547726020        6.21994897620154     
   93.8901479696782        6.03935276039573     
   95.3901411667543        5.39899413656793     
   96.8901581133072        5.33052105555471     
   98.3901513103834        4.38348135753043     
   99.8901445074596        4.00481858822814     
   101.390161454012        2.85149075029505     
   102.890154651089        2.88446337334006     
   104.390147848165        2.81194564512406     
   105.890141045241        1.94257990935244     
   107.390157991794        1.27371495566472     
   108.890151188870       0.906474849698726     
   110.390144385946        2.12156654148542     
   111.890161332499       0.949785916807172     
   113.390154529575        1.22812922676525     
   114.890147726651        0.000000    

  -119.122150097860        0.000000    
  -117.622145026046        1.31326238012053     
  -116.122139954231        1.76126415862061     
  -114.622146757155        2.67030116865803     
  -113.122141685341        2.47376293109389     
  -111.622148488265        1.67523687457722     
  -110.122143416450        1.87149327264867     
  -108.622150219374        2.83379423594763     
  -107.122145147559        4.20102006563479     
  -105.622140075745        2.73440100619359     
  -104.122146878669        3.66251663879502     
  -102.622141806854        4.11263453277506     
  -101.122148609778        5.21296671231588     
  -99.6221435379634        5.58618936711818     
  -98.1221444035181        5.14333621540051     
  -96.6221452690727        5.51773521146918     
  -95.1221461346274        5.87127251879564     
  -93.6221470001820        5.87842259561596     
  -92.1221419283675        6.45185111224302     
  -90.6221487312913        6.95168927780536     
  -89.1221436594768        6.97109408458802     
  -87.6221445250315        7.96207884942220     
  -86.1221453905861        8.34767906351149     
  -84.6221462561408        7.97360105646346     
  -83.1221471216954        8.46128171648358     
  -81.6221420498809        7.97922894026339     
  -80.1221488528047        8.85334549908318     
  -78.6221437809902        8.77150851332996     
  -77.1221446465448        9.41659105650189     
  -75.6221455120995        10.2894600256253     
  -74.1221463776541        10.1833377156335     
  -72.6221472432088        10.7964846343941     
  -71.1221421713943        10.9966548720039     
  -69.6221489743181        10.3122320628972     
  -68.1221439025036        11.0405283192982     
  -66.6221447680582        10.9714321856079     
  -65.1221456336129        11.6701262036805     
  -63.6221464991675        11.3624309526130     
  -62.1221473647222        12.4313748589627     
  -60.6221482302768        13.0606165011949     
  -59.1221490958315        14.2782670135502     
  -57.6221440240170        15.0433103899018     
  -56.1221448895716        15.8097460793232     
  -54.6221457551263        16.2520489111361     
  -53.1221466206809        16.4671152658167     
  -51.6221474862356        17.1619225335978     
  -50.1221483517902        17.5685284176317     
  -48.6221492173449        17.0436590458290     
  -47.1221441455304        17.7792664301890     
  -45.6221450110850        17.3663565444412     
  -44.1221458766397        18.5184674072377     
  -42.6221467421943        18.6222659793715     
  -41.1221476077490        19.3287149437483     
  -39.6221484733036        19.0272895545221     
  -38.1221493388583        20.2199363209694     
  -36.6221442670438        20.5188620777760     
  -35.1221451325984        19.7854990189615     
  -33.6221459981531        22.0288330237387     
  -32.1221468637077        22.8277268260582     
  -30.6221477292624        23.8220624936164     
  -29.1221485948170        23.2549012412316     
  -27.6221494603717        24.4536293580490     
  -26.1221443885571        24.5416716367537     
  -24.6221452541118        24.3272821421582     
  -23.1221461196664        25.4749592745287     
  -21.6221469852211        26.9133730472810     
  -20.1221478507757        26.2267073969713     
  -18.6221487163304        27.3254709977951     
  -17.1221495818850        27.9628713274350     
  -15.6221445100705        28.0827230614562     
  -14.1221513129943        28.3851043671185     
  -12.6221462411798        28.4962014503017     
  -11.1221530441036        29.1984734754691     
  -9.62214797228913        28.9484360163901     
  -8.12214290047461        28.8900598027323     
  -6.62214970339843        29.3210207750924     
  -5.12214463158391        28.8901607380082     
  -3.62215143450773        28.4530100582906     
  -2.12214636269321        28.6443239676154     
 -0.622153165617033        28.5464048753001     
  0.877851906197484        28.8007528643949     
   2.37785697801200        28.7593129962882     
   3.87785017508818        29.5264151553987     
   5.37785524690270        29.6358289944229     
   6.87784844397888        29.3755762916908     
   8.37785351579340        29.7476890295443     
   9.87784671286958        28.6072569719008     
   11.3778517846841        28.3972522244358     
   12.8778568564986        29.0386276227336     
   14.3778500535748        28.7473343539922     
   15.8778551253893        28.7329451398140     
   17.3778483224655        28.0201966267501     
   18.8778533942800        27.1254796234315     
   20.3778465913562        26.1901183594747     
   21.8778516631707        25.4621701813412     
   23.3778567349852        24.4748213129512     
   24.8778499320614        24.4356138956516     
   26.3778550038759        23.0850939673748     
   27.8778482009521        23.9654247251998     
   29.3778532727666        22.3356955587804     
   30.8778464698428        21.8640532172247     
   32.3778515416573        22.1788629208975     
   33.8778566134718        21.2831261744243     
   35.3778498105480        20.5784495147440     
   36.8778548823625        20.6217091865006     
   38.3778480794387        19.2320709014618     
   39.8778531512532        19.1442616644969     
   41.3778463483294        18.7757321289362     
   42.8778514201439        18.8204939550922     
   44.3778564919584        18.2706816954156     
   45.8778496890346        17.5553919883479     
   47.3778547608491        17.9382038654418     
   48.8778479579253        16.9813389347015     
   50.3778530297398        16.6065929736221     
   51.8778462268160        15.8620810198528     
   53.3778512986305        15.9519134153616     
   54.8778563704451        14.6144245280658     
   56.3778495675212        14.8454757648884     
   57.8778546393358        14.6112420981918     
   59.3778478364119        13.7875508735430     
   60.8778529082265        13.0988457369241     
   62.3778461053026        13.4767681905083     
   63.8778511771172        13.0009533627700     
   65.3778562489317        12.5804332540915     
   66.8778494460079        12.4517541364600     
   68.3778545178224        12.0075179488118     
   69.8778477148986        11.8552288826847     
   71.3778527867131        10.6231193920635     
   72.8778459837892        9.88763669245613     
   74.3778510556038        10.0854134281201     
   75.8778561274183        9.84342258860582     
   77.3778493244945        9.59438557623164     
   78.8778543963090        8.59866798599959     
   80.3778475933852        8.96750106955902     
   81.8778526651997        8.41326918070818     
   83.3778458622759        8.12881650341922     
   84.8778390593520        7.45320103930188     
   86.3778560059049        7.45992807856900     
   87.8778492029811        7.18851980134169     
   89.3778424000573        6.70322670589817     
   90.8778593466101        6.33238679156002     
   92.3778525436863        6.08288369570617     
   93.8778457407625        6.89962448757293     
   95.3778389378387        5.75626679127208     
   96.8778558843915        5.12225595725581     
   98.3778490814677        5.45077207765244     
   99.8778422785439        4.38236364778459     
   101.377859225097        3.00211531208459     
   102.877852422173        3.85826056769017     
   104.377845619249        1.79096102377008     
   105.877838816325        2.75192403803563     
   107.377855762878        1.97284824628431     
   108.877848959954       0.906481158153467     
   110.377842157030       0.999981085151501     
   111.877859103583        1.97634257358235     
   113.377852300660        1.19134110185878     
   114.877845497736       0.776483759024003     
   116.377838694812        0.000000    

  -119.122173847337        0.000000    
  -117.622168775523        1.31325829817923     
  -116.122163703708        1.76467128080900     
  -114.622170506632        2.66080397558856     
  -113.122165434817        2.47364678130955     
  -111.622172237741        1.67519290093682     
  -110.122167165927        1.87143612547043     
  -108.622173968851        2.83442675130679     
  -107.122168897036        3.05308113239262     
  -105.622163825221        3.94769627272146     
  -104.122170628145        3.58058317079282     
  -102.622165556331        3.97878174008504     
  -101.122172359255        5.18730169191692     
  -99.6221672874401        5.55466490552174     
  -98.1221681529947        5.11813319653992     
  -96.6221690185494        5.49200042698250     
  -95.1221698841040        5.87646066619158     
  -93.6221707496587        6.43340593275211     
  -92.1221656778442        6.67952250166688     
  -90.6221724807680        6.51986070737558     
  -89.1221674089535        7.07025631357288     
  -87.6221682745081        7.64917355691000     
  -86.1221691400628        7.89425108622040     
  -84.6221700056174        7.94689031691982     
  -83.1221708711721        7.92198527977434     
  -81.6221657993576        8.78399108983411     
  -80.1221726022814        8.85419083201844     
  -78.6221675304669        9.76816049703480     
  -77.1221683960215        10.5130739653941     
  -75.6221692615762        10.0017291783846     
  -74.1221701271308        10.7128278449910     
  -72.6221709926855        10.5647839978188     
  -71.1221659208710        10.3472284011145     
  -69.6221727237948        10.2310222117624     
  -68.1221676519802        11.0520505263394     
  -66.6221685175349        10.8669485895064     
  -65.1221693830896        11.5826301629392     
  -63.6221702486442        11.3332814386837     
  -62.1221711141989        12.3953610041043     
  -60.6221719797535        12.9665032625162     
  -59.1221728453082        13.9568178468055     
  -57.6221677734936        14.2583397182807     
  -56.1221686390483        15.7522025816912     
  -54.6221695046029        16.1996293630959     
  -53.1221703701576        16.4673646353218     
  -51.6221712357122        17.3059067046016     
  -50.1221721012669        17.1959466276139     
  -48.6221729668215        16.8454043519470     
  -47.1221678950070        17.5067797782865     
  -45.6221687605617        16.9507985920446     
  -44.1221696261163        18.5451573659892     
  -42.6221704916710        18.5036180469490     
  -41.1221713572256        19.1466692676944     
  -39.6221722227803        19.7651739199578     
  -38.1221730883349        20.2424152006387     
  -36.6221680165204        21.4834233233000     
  -35.1221688820751        20.9765144932300     
  -33.6221697476297        22.0704643720010     
  -32.1221706131844        22.2251372918490     
  -30.6221714787390        22.0472596489509     
  -29.1221723442937        24.3580956037968     
  -27.6221732098483        23.6521008481613     
  -26.1221681380338        24.3783642977934     
  -24.6221690035885        24.3491821283337     
  -23.1221698691431        25.9045962135644     
  -21.6221707346978        25.8500792898656     
  -20.1221716002524        26.6989894900547     
  -18.6221724658071        27.1817272902426     
  -17.1221733313617        27.3295588764671     
  -15.6221682595472        26.9748218494831     
  -14.1221750624710        27.7038090672210     
  -12.6221699906565        28.0017818762762     
  -11.1221767935803        29.0361190842602     
  -9.62217172176580        28.7614593552424     
  -8.12216664995128        28.7709205530112     
  -6.62217345287510        29.3027574275323     
  -5.12216838106058        28.8669456245621     
  -3.62217518398440        28.4263720515193     
  -2.12217011216989        28.6355544733546     
 -0.622176915093704        28.5427593306310     
  0.877828156720813        28.7954240755667     
   2.37783322853533        28.7544562283089     
   3.87782642561151        29.5217097903332     
   5.37783149742603        29.6314739341383     
   6.87782469450221        29.3716487219863     
   8.37782976631673        29.7419090006594     
   9.87782296339291        28.6010642958588     
   11.3778280352074        28.3930782539108     
   12.8778331070219        29.0341686584886     
   14.3778263040981        28.7402243544137     
   15.8778313759126        28.7247753198391     
   17.3778245729888        27.9924216137831     
   18.8778296448033        26.9301283030725     
   20.3778228418795        26.0138794304669     
   21.8778279136940        25.1766985030688     
   23.3778329855086        24.6893933816486     
   24.8778261825847        24.1020361680394     
   26.3778312543993        23.6961576117287     
   27.8778244514754        22.7149999350383     
   29.3778295232900        22.2374024122074     
   30.8778227203661        21.7749347903584     
   32.3778277921806        21.3814876007427     
   33.8778328639952        21.9410059746663     
   35.3778260610713        20.4640883628608     
   36.8778311328859        20.4288307804001     
   38.3778243299620        19.5412178392907     
   39.8778294017766        18.8066747283541     
   41.3778225988527        18.2639502031216     
   42.8778276706673        18.5521872110839     
   44.3778327424818        18.3630909091433     
   45.8778259395580        17.5047506823735     
   47.3778310113725        17.5938008294944     
   48.8778242084487        17.6079822357517     
   50.3778292802632        16.7876990610052     
   51.8778224773394        16.3362690084391     
   53.3778275491539        14.8025381954092     
   54.8778326209684        14.2338851790209     
   56.3778258180446        15.1138775068033     
   57.8778308898591        15.0423247866199     
   59.3778240869353        14.6910344024379     
   60.8778291587498        12.9613704068706     
   62.3778223558260        13.3762143906247     
   63.8778274276405        12.5667966014553     
   65.3778324994550        12.6178550076138     
   66.8778256965312        12.1781586808655     
   68.3778307683457        12.4479816805250     
   69.8778239654219        11.4248237965128     
   71.3778290372364        10.2754433813624     
   72.8778222343126        10.0289854137205     
   74.3778273061271        9.51953316313320     
   75.8778323779416        9.91859784615277     
   77.3778255750178        9.57620164098411     
   78.8778306468323        8.71776567413648     
   80.3778238439085        8.76686771715418     
   81.8778289157230        8.20477400935402     
   83.3778221127992        8.16845141129886     
   84.8778153098754        8.16234482710978     
   86.3778322564282        7.49627219958739     
   87.8778254535044        7.12747622458526     
   89.3778186505806        6.70959379215949     
   90.8778355971334        6.24401053583962     
   92.3778287942096        6.03644753144481     
   93.8778219912858        6.57035209477855     
   95.3778151883620        5.55697305778573     
   96.8778321349148        4.91027666345688     
   98.3778253319910        5.11091558214531     
   99.8778185290672        4.19131283813101     
   101.377835475620        2.93514197341460     
   102.877828672696        3.76486055548267     
   104.377821869772        1.75759505001770     
   105.877815066849        2.70814002236442     
   107.377832013401        2.03094410479173     
   108.877825210478       0.906481529239040     
   110.377818407554       0.997657903921813     
   111.877835354107        1.89199129752936     
   113.377828551183        1.19125937026133     
   114.877821748259       0.776952208174204     
   116.377814945335        0.000000    

  -119.122173847337        0.000000    
  -117.622168775523        1.31325792709365     
  -116.122163703708        1.76467072418064     
  -114.622170506632        2.66080249124627     
  -113.122165434817        2.47364344153939     
  -111.622172237741        1.67519290093682     
  -110.122167165927        1.87143315678585     
  -108.622173968851        2.83442155610877     
  -107.122168897036        3.05306870102593     
  -105.622163825221        3.94770629203193     
  -104.122170628145        3.58059467444558     
  -102.622165556331        3.97886857410912     
  -101.122172359255        5.17438717180581     
  -99.6221672874401        5.54322841924784     
  -98.1221681529947        5.10671118260336     
  -96.6221690185494        5.47982548041835     
  -95.1221698841040        5.87524981396692     
  -93.6221707496587        6.70376255346556     
  -92.1221656778442        6.22134277361368     
  -90.6221724807680        6.36468756417514     
  -89.1221674089535        6.99465504978815     
  -87.6221682745081        7.63342171650783     
  -86.1221691400628        7.89093877639592     
  -84.6221700056174        7.94692668330597     
  -83.1221708711721        7.92224355533314     
  -81.6221657993576        8.78324298131897     
  -80.1221726022814        8.85462277562540     
  -78.6221675304669        9.76826514316638     
  -77.1221683960215        10.5099494248696     
  -75.6221692615762        10.0026628296862     
  -74.1221701271308        10.7140865672545     
  -72.6221709926855        10.5666624329892     
  -71.1221659208710        10.3470257883917     
  -69.6221727237948        10.2295490020376     
  -68.1221676519802        11.0476657792090     
  -66.6221685175349        10.8676076374840     
  -65.1221693830896        11.5827132861076     
  -63.6221702486442        11.3334076077785     
  -62.1221711141989        12.3957521282982     
  -60.6221719797535        12.9662019410309     
  -59.1221728453082        13.9578628237790     
  -57.6221677734936        14.2589200961169     
  -56.1221686390483        15.7539199657230     
  -54.6221695046029        16.2005452022900     
  -53.1221703701576        16.4676525977264     
  -51.6221712357122        17.3050858633141     
  -50.1221721012669        17.1977886963982     
  -48.6221729668215        16.8439660242661     
  -47.1221678950070        17.5023059706186     
  -45.6221687605617        16.9452798074032     
  -44.1221696261163        18.5434132637962     
  -42.6221704916710        18.4858949999831     
  -41.1221713572256        19.0254192832342     
  -39.6221722227803        19.8040221264228     
  -38.1221730883349        21.4063280689985     
  -36.6221680165204        20.5272649394907     
  -35.1221688820751        20.6925227042227     
  -33.6221697476297        22.0770014154547     
  -32.1221706131844        22.1680405812469     
  -30.6221714787390        23.1026151437890     
  -29.1221723442937        24.2834688107268     
  -27.6221732098483        23.5489776517704     
  -26.1221681380338        24.3254623385083     
  -24.6221690035885        24.3143460990839     
  -23.1221698691431        25.7490876090060     
  -21.6221707346978        25.8237678383985     
  -20.1221716002524        26.5688661073732     
  -18.6221724658071        27.0238081138021     
  -17.1221733313617        27.3235561962384     
  -15.6221682595472        26.9675723217293     
  -14.1221750624710        27.6865075734660     
  -12.6221699906565        27.9998581686658     
  -11.1221767935803        29.0338005416001     
  -9.62217172176580        28.7585856685651     
  -8.12216664995128        28.7689434090784     
  -6.62217345287510        29.3007387220152     
  -5.12216838106058        28.8643331821282     
  -3.62217518398440        28.4233914921970     
  -2.12217011216989        28.6344234045281     
 -0.622176915093704        28.5421448129222     
  0.877828156720813        28.7946997165283     
   2.37783322853533        28.7535121866113     
   3.87782642561151        29.5206974688901     
   5.37783149742603        29.6304853621719     
   6.87782469450221        29.3706274944894     
   8.37782976631673        29.7404662199516     
   9.87782296339291        28.5996719827890     
   11.3778280352074        28.3921935859048     
   12.8778331070219        29.0332721157442     
   14.3778263040981        28.7388884463510     
   15.8778313759126        28.7232464472784     
   17.3778245729888        27.9917061607984     
   18.8778296448033        26.8899352824911     
   20.3778228418795        25.9712669319496     
   21.8778279136940        25.1168824773878     
   23.3778329855086        24.6645410386545     
   24.8778261825847        23.4615439534054     
   26.3778312543993        23.7679953256322     
   27.8778244514754        23.6220503384608     
   29.3778295232900        22.0496538930679     
   30.8778227203661        21.7597499687117     
   32.3778277921806        21.3281314327162     
   33.8778328639952        21.7480563201357     
   35.3778260610713        20.7325450254405     
   36.8778311328859        20.2342290528986     
   38.3778243299620        19.5466980310326     
   39.8778294017766        18.8048860958923     
   41.3778225988527        18.1706340562536     
   42.8778276706673        18.4217714129709     
   44.3778327424818        18.2976269610414     
   45.8778259395580        18.1965284075367     
   47.3778310113725        17.6399742651701     
   48.8778242084487        17.6451457137152     
   50.3778292802632        16.7892932446267     
   51.8778224773394        16.3629886540365     
   53.3778275491539        14.8029805294122     
   54.8778326209684        14.2320045173370     
   56.3778258180446        15.1271222930744     
   57.8778308898591        15.0358500855424     
   59.3778240869353        14.6846710270323     
   60.8778291587498        12.9618646928538     
   62.3778223558260        13.3815149769493     
   63.8778274276405        12.5749901709069     
   65.3778324994550        12.6160248135678     
   66.8778256965312        12.1857748411655     
   68.3778307683457        12.4450411984447     
   69.8778239654219        11.4222180336193     
   71.3778290372364        10.2722320068138     
   72.8778222343126        10.0259944640022     
   74.3778273061271        9.51588984497761     
   75.8778323779416        9.90844197619125     
   77.3778255750178        9.56549433786113     
   78.8778306468323        8.71245840827161     
   80.3778238439085        8.65645343142520     
   81.8778289157230        8.14328067688312     
   83.3778221127992        8.19001074091829     
   84.8778153098754        8.17502927416564     
   86.3778322564282        7.49595083948118     
   87.8778254535044        7.13246138817277     
   89.3778186505806        6.71288532119189     
   90.8778355971334        6.25051343942065     
   92.3778287942096        6.03529345531282     
   93.8778219912858        6.57014131817309     
   95.3778151883620        5.55755566213532     
   96.8778321349148        4.90987848863706     
   98.3778253319910        5.11139873556134     
   99.8778185290672        4.19134957560273     
   101.377835475620        2.93547650705865     
   102.877828672696        3.76533702935838     
   104.377821869772        1.75756666197137     
   105.877815066849        2.70810903671907     
   107.377832013401        2.03111239209908     
   108.877825210478       0.906481529239040     
   110.377818407554       0.997657718379026     
   111.877835354107        1.89199111198657     
   113.377828551183        1.19125937026133     
   114.877821748259       0.776952161788507     
   116.377814945335        0.000000    

