# [1]t [2]Ra [3]Pr [4]N [5]umin [6]umax [7]vmin [8]vmax [9]nutop [10]nubot [11]nuvol 
 0 10000 0.72 256 0 0 0 0 0 65 4.4921875 
 1 10000 0.72 256 -3.40664013e-06 9.23650829e-06 -1.33376901e-05 5.10216012e-06 0 5.9853505 3.8927932 
 2 10000 0.72 256 -3.12736328e-06 3.65681969e-06 -1.92004113e-06 3.42564077e-06 0 3.48886946 3.84296681 
 3 10000 0.72 256 -4.72478576e-06 4.43840019e-06 -3.03158858e-06 9.92606164e-06 0 2.85889486 3.80537434 
 4 10000 0.72 256 -4.75531944e-06 3.90220275e-06 -7.00774056e-06 9.2472715e-06 0 2.56505863 3.77930491 
 5 10000 0.72 256 -9.18790612e-06 4.43961293e-05 -1.12114161e-05 5.21497758e-06 0 2.34502956 3.74701039 
 6 10000 0.72 256 -1.78396742e-05 7.60407557e-06 -4.3017362e-05 1.67405531e-05 0 2.23083952 3.73055161 
 7 10000 0.72 256 -2.25026635e-05 1.87095791e-05 -6.64830827e-06 0.000101943915 0 2.13182715 3.69948147 
 8 10000 0.72 256 -3.84979591e-05 4.03149551e-05 -1.68146574e-05 0.000105011115 0 2.05123877 3.65811532 
 9 10000 0.72 256 -4.63080272e-05 4.70655859e-05 -0.00010760767 4.9196072e-05 0 1.9846855 3.70494068 
 10 10000 0.72 256 -5.58027437e-05 5.22141474e-05 -6.87813826e-05 6.76352575e-05 0 1.92903532 3.54123168 
 11 10000 0.72 256 -7.05648575e-05 7.3048757e-05 -9.67344438e-05 9.34370319e-05 0 1.88181149 3.71559244 
 12 10000 0.72 256 -0.000107966435 0.000116251206 -0.000166917669 0.000122526454 0 1.8390074 3.51942066 
 13 10000 0.72 256 -0.000169178421 0.000193785582 -0.00026093869 0.000207096944 0 1.80318453 3.5038168 
 14 10000 0.72 256 -0.000279211244 0.000314977107 -0.000408820184 0.000326097732 0 1.77158077 3.63085007 
 15 10000 0.72 256 -0.0004579702 0.00051659155 -0.00065907619 0.000540878369 0 1.74437677 3.47051846 
 16 10000 0.72 256 -0.000752280327 0.000843059909 -0.00108709057 0.000867565393 0 1.7198346 3.58228077 
 17 10000 0.72 256 -0.00120977727 0.00137989045 -0.00177223935 0.00139630267 0 1.69760296 3.60113214 
 18 10000 0.72 256 -0.00198316806 0.00225743149 -0.00288253934 0.00226177301 0 1.677367 3.52679953 
 19 10000 0.72 256 -0.00325032957 0.00368878561 -0.00467474037 0.00367432821 0 1.65886273 3.54653052 
 20 10000 0.72 256 -0.00531664596 0.00602394027 -0.00756982692 0.00597841889 0 1.64190182 3.49889111 
 21 10000 0.72 256 -0.00869066367 0.00983511782 -0.012248173 0.00973754662 0 1.62641426 3.49618446 
 22 10000 0.72 256 -0.0141891185 0.0160554301 -0.0198016369 0.015861969 0 1.61257092 3.46650931 
 23 10000 0.72 256 -0.0231153209 0.026211295 -0.0311581541 0.0258197965 0 1.60110741 3.49548727 
 24 10000 0.72 256 -0.0374062191 0.0426687575 -0.0529437582 0.0418904332 0 1.59424566 3.41958412 
 25 10000 0.72 256 -0.0597163875 0.0677862836 -0.0818003745 0.0650741547 0 1.6010844 3.43750176 
 26 10000 0.72 256 -0.098413131 0.109776192 -0.128158088 0.104240625 0 1.64255514 3.66313804 
 27 10000 0.72 256 -0.167078724 0.182397061 -0.202959795 0.16786245 0 1.79028791 4.07043289 
 28 10000 0.72 256 -0.280200602 0.29620195 -0.312530731 0.265381566 0 2.22556267 5.29785222 
 29 10000 0.72 256 -0.433643818 0.441369851 -0.455312322 0.393166051 0 3.24364619 6.84226163 
 30 10000 0.72 256 -0.575371957 0.563808459 -0.60027095 0.521478001 0 4.65007126 8.24811409 
 31 10000 0.72 256 -0.641376883 0.633973965 -0.674531927 0.6490184 0 5.49861216 9.67201659 
 32 10000 0.72 256 -0.631638891 0.64221686 -0.632433556 0.670846444 0 5.30332986 8.30749192 
 33 10000 0.72 256 -0.578854305 0.598429307 -0.560012028 0.624832879 0 4.71138301 7.90443443 
 34 10000 0.72 256 -0.533770233 0.553189868 -0.521690542 0.579666251 0 4.22823598 3.88380258 
 35 10000 0.72 256 -0.515390475 0.529141918 -0.519062231 0.555892469 0 3.95875791 7.67646549 
 36 10000 0.72 256 -0.51469242 0.524129849 -0.52828321 0.55054565 0 3.87408959 7.32945391 
 37 10000 0.72 256 -0.518747809 0.527555942 -0.529792969 0.549074476 0 3.90378538 7.30729363 
 38 10000 0.72 256 -0.51782346 0.529606152 -0.518864062 0.54347585 0 3.97761944 7.36512049 
 39 10000 0.72 256 -0.510672897 0.521553336 -0.503719344 0.532813534 0 4.02985769 7.47057426 
 40 10000 0.72 256 -0.501857023 0.535311119 -0.492428747 0.559922327 0 4.03740501 7.47426764 
 41 10000 0.72 256 -0.494169935 0.556817842 -0.487368615 0.565494983 0 3.99511391 7.40097598 
 42 10000 0.72 256 -0.48958979 0.555168468 -0.486984243 0.558940239 0 3.9256924 7.13855684 
 43 10000 0.72 256 -0.486716032 0.546237395 -0.485443968 0.549480607 0 3.82660614 7.00176518 
 44 10000 0.72 256 -0.484345515 0.536896048 -0.481764372 0.535989863 0 3.70386351 6.90600883 
 45 10000 0.72 256 -0.480171573 0.528962497 -0.47610271 0.528303372 0 3.57635255 6.8361671 
 46 10000 0.72 256 -0.474868954 0.52293747 -0.471956642 0.520733048 0 3.46366324 6.7897719 
 47 10000 0.72 256 -0.469393036 0.517753571 -0.467373475 0.511699214 0 3.36777857 6.7443483 
 48 10000 0.72 256 -0.464009547 0.512380429 -0.462772435 0.505724318 0 3.28708244 6.67622232 
 49 10000 0.72 256 -0.458448185 0.505941996 -0.4579741 0.499248341 0 3.21005258 6.59456795 
 50 10000 0.72 256 -0.452571067 0.500330632 -0.453621618 0.492512897 0 3.13517151 6.53522243 
 51 10000 0.72 256 -0.447094361 0.492992246 -0.449831402 0.48692502 0 3.06312106 6.4698338 
 52 10000 0.72 256 -0.441916456 0.48668018 -0.446260784 0.481287554 0 2.99653127 6.42542775 
 53 10000 0.72 256 -0.436617904 0.481009779 -0.442739947 0.475994335 0 2.93406204 6.39928208 
 54 10000 0.72 256 -0.431488937 0.475879078 -0.439322607 0.471124756 0 2.87557561 6.36202462 
 55 10000 0.72 256 -0.426564847 0.471061667 -0.435892416 0.466614515 0 2.82059526 6.30142601 
 56 10000 0.72 256 -0.421650054 0.466240003 -0.431800207 0.462150843 0 2.7697496 6.28778019 
 57 10000 0.72 256 -0.416575617 0.461488412 -0.428840778 0.457757789 0 2.71967553 6.23328977 
 58 10000 0.72 256 -0.41182949 0.456904848 -0.42592668 0.453609979 0 2.67473552 6.18711616 
 59 10000 0.72 256 -0.407407616 0.4517254 -0.423396221 0.449705904 0 2.63134741 6.18119781 
 60 10000 0.72 256 -0.403129922 0.44764443 -0.421000952 0.445666675 0 2.58993025 6.16510729 
 61 10000 0.72 256 -0.399035396 0.443468996 -0.418896974 0.442271593 0 2.55124389 6.11780142 
 62 10000 0.72 256 -0.396104012 0.439201643 -0.41670918 0.439298769 0 2.51534347 6.11509634 
 63 10000 0.72 256 -0.393563961 0.435372216 -0.414473375 0.435108065 0 2.48123727 6.15907228 
 64 10000 0.72 256 -0.391009477 0.431524763 -0.412370176 0.43196518 0 2.446855 6.14706759 
 65 10000 0.72 256 -0.388355678 0.427868199 -0.410812308 0.428820837 0 2.41559016 6.15344282 
 66 10000 0.72 256 -0.385920463 0.424414315 -0.408871968 0.425819815 0 2.3846455 6.11609793 
 67 10000 0.72 256 -0.383590542 0.421050038 -0.406440399 0.42288275 0 2.35512937 6.12499693 
 68 10000 0.72 256 -0.381257798 0.417948735 -0.404078326 0.420166269 0 2.32666772 6.08853097 
 69 10000 0.72 256 -0.378986358 0.415031964 -0.40205538 0.417626175 0 2.30059305 6.05337946 
 70 10000 0.72 256 -0.377153185 0.412237114 -0.399721601 0.415101813 0 2.2733131 6.07932697 
 71 10000 0.72 256 -0.374941859 0.409481623 -0.398039956 0.412623312 0 2.24831482 6.03752534 
 72 10000 0.72 256 -0.372856521 0.40684688 -0.396512301 0.41001886 0 2.22510942 6.01037247 
 73 10000 0.72 256 -0.37081941 0.404212109 -0.394751287 0.407730101 0 2.20244262 6.03123961 
 74 10000 0.72 256 -0.368736824 0.401683207 -0.39330915 0.405514474 0 2.18235207 6.00828119 
 75 10000 0.72 256 -0.366561568 0.39933148 -0.391571524 0.403382813 0 2.16228454 5.97565316 
 76 10000 0.72 256 -0.364353869 0.397672705 -0.390081058 0.401435566 0 2.14253722 4.15594969 
 77 10000 0.72 256 -0.362145888 0.395744792 -0.388786873 0.399421287 0 2.12318729 4.13916068 
 78 10000 0.72 256 -0.36032079 0.393634949 -0.387446162 0.397649336 0 2.10539765 4.13599624 
 79 10000 0.72 256 -0.358448919 0.391544868 -0.385929625 0.39592389 0 2.08865144 4.13040797 
 80 10000 0.72 256 -0.356706789 0.389404804 -0.383993688 0.394245865 0 2.07226993 4.11819924 
 81 10000 0.72 256 -0.355058051 0.387296698 -0.381647516 0.3926349 0 2.05348508 4.06522738 
 82 10000 0.72 256 -0.353058804 0.385145203 -0.380193541 0.391010481 0 2.03887042 4.05570972 
 83 10000 0.72 256 -0.351443657 0.383169271 -0.378789406 0.389332461 0 2.01891555 4.0488781 
 84 10000 0.72 256 -0.349779573 0.38114236 -0.377176412 0.387745017 0 2.00845145 4.03977534 
 85 10000 0.72 256 -0.348062515 0.379204213 -0.375210295 0.386104082 0 1.99371247 3.96845784 
 86 10000 0.72 256 -0.346454298 0.377475944 -0.373331568 0.384663205 0 1.98260819 3.97794491 
 87 10000 0.72 256 -0.344823561 0.375697464 -0.372512669 0.383131223 0 1.96912058 3.92081133 
 88 10000 0.72 256 -0.343077196 0.373817653 -0.371284002 0.381499573 0 1.95670428 3.91446709 
 89 10000 0.72 256 -0.341038675 0.372038483 -0.370100789 0.379550235 0 1.94463918 3.96256466 
 90 10000 0.72 256 -0.339429192 0.371746648 -0.369173601 0.377964697 0 1.93268097 3.95067347 
 91 10000 0.72 256 -0.337779734 0.371597933 -0.368248187 0.377024418 0 1.92106908 3.94772741 
 92 10000 0.72 256 -0.336187768 0.37140833 -0.367235667 0.375351091 0 1.90972896 3.88739826 
 93 10000 0.72 256 -0.334579168 0.371154522 -0.366196582 0.374064577 0 1.89838738 3.8848562 
 94 10000 0.72 256 -0.332981955 0.371048146 -0.365180245 0.372720837 0 1.8881154 3.87386671 
 95 10000 0.72 256 -0.331484435 0.371030215 -0.364087695 0.371212466 0 1.87789448 3.81344233 
 96 10000 0.72 256 -0.330174549 0.370688711 -0.362930921 0.369207209 0 1.86739429 3.73892035 
 97 10000 0.72 256 -0.32883484 0.370258814 -0.361766988 0.367686053 0 1.85660223 3.67526217 
 98 10000 0.72 256 -0.327501226 0.36982476 -0.360651929 0.366305558 0 1.8457092 3.67106994 
 99 10000 0.72 256 -0.326202037 0.36941209 -0.359587927 0.364990006 0 1.83520574 3.66670744 
 100 10000 0.72 256 -0.324936636 0.368663562 -0.358524448 0.36286655 0 1.82406839 3.66320438 
 101 10000 0.72 256 -0.323456737 0.36834351 -0.357582404 0.359075369 0 1.81410065 3.64640157 
 102 10000 0.72 256 -0.321629415 0.368387447 -0.356691086 0.358384635 0 1.8047308 3.65279303 
 103 10000 0.72 256 -0.320168982 0.368563052 -0.355837528 0.356828499 0 1.79614551 3.64948615 
 104 10000 0.72 256 -0.319952789 0.368691659 -0.354935107 0.356252387 0 1.78799971 3.64552182 
 105 10000 0.72 256 -0.31973223 0.368642929 -0.353906373 0.355331362 0 1.78004198 5.15691936 
 106 10000 0.72 256 -0.319497725 0.368459764 -0.352824207 0.354317959 0 1.77232185 5.19848026 
 107 10000 0.72 256 -0.319183164 0.368143921 -0.351757375 0.353350734 0 1.76395033 5.24973472 
 108 10000 0.72 256 -0.318810282 0.367748353 -0.35072519 0.352679614 0 1.75553091 5.31237091 
 109 10000 0.72 256 -0.318461648 0.367355807 -0.349728342 0.351528794 0 1.74692122 5.29304803 
 110 10000 0.72 256 -0.318130424 0.36698566 -0.348835952 0.350440818 0 1.73868974 5.27577251 
 111 10000 0.72 256 -0.317876078 0.366560936 -0.347976527 0.34945445 0 1.72986151 5.25762878 
 112 10000 0.72 256 -0.317549588 0.366388968 -0.347264 0.348836675 0 1.72187199 5.24313223 
 113 10000 0.72 256 -0.317338903 0.366307044 -0.346532247 0.349112504 0 1.71456909 5.22554987 
 114 10000 0.72 256 -0.317195488 0.366045791 -0.345788448 0.348351044 0 1.70779808 5.20878962 
 115 10000 0.72 256 -0.31708627 0.365744655 -0.345034328 0.347545118 0 1.70149361 5.19233026 
 116 10000 0.72 256 -0.316698481 0.365162262 -0.344194401 0.345905404 0 1.6950737 5.17565224 
 117 10000 0.72 256 -0.316227295 0.364382777 -0.343415618 0.344773315 0 1.68879801 5.1595574 
 118 10000 0.72 256 -0.315549121 0.363580909 -0.342567185 0.34379 0 1.68260559 5.23124357 
 119 10000 0.72 256 -0.31502151 0.362860129 -0.341671773 0.342676117 0 1.67655795 3.71730672 
 120 10000 0.72 256 -0.314532161 0.362118354 -0.34078532 0.342208383 0 1.6697324 3.71064707 
 121 10000 0.72 256 -0.31408907 0.361358492 -0.339904227 0.34166336 0 1.6630433 3.70412617 
 122 10000 0.72 256 -0.313783332 0.360632022 -0.339086321 0.340980483 0 1.65673541 3.69815993 
 123 10000 0.72 256 -0.31348247 0.359986461 -0.33839384 0.340258153 0 1.65062643 3.6926374 
 124 10000 0.72 256 -0.313037252 0.359376312 -0.338381523 0.339525458 0 1.64499731 3.68415531 
 125 10000 0.72 256 -0.312636156 0.358841089 -0.337144564 0.338773233 0 1.63947698 3.67883003 
 126 10000 0.72 256 -0.312190487 0.358331285 -0.336526651 0.338027839 0 1.63328553 3.67253831 
 127 10000 0.72 256 -0.311724774 0.35774996 -0.335957097 0.337302058 0 1.62827206 3.66611805 
 128 10000 0.72 256 -0.311246394 0.357241281 -0.335824888 0.336577981 0 1.62274858 3.65978647 
 129 10000 0.72 256 -0.31077703 0.356803119 -0.335208617 0.335843185 0 1.61739735 3.65324897 
 130 10000 0.72 256 -0.310313223 0.356392506 -0.334546021 0.335114987 0 1.61195863 3.64672082 
 131 10000 0.72 256 -0.309871223 0.355935202 -0.333831588 0.334412163 0 1.60639084 3.64209428 
 132 10000 0.72 256 -0.309432901 0.35536601 -0.333158653 0.333721421 0 1.60137487 3.63631583 
 133 10000 0.72 256 -0.30900228 0.354942808 -0.332508986 0.333030965 0 1.59590914 3.63085372 
 134 10000 0.72 256 -0.308579449 0.35448644 -0.331906893 0.332335298 0 1.59066962 3.62497612 
 135 10000 0.72 256 -0.308161837 0.354024056 -0.331302163 0.331661903 0 1.58568729 3.61856018 
 136 10000 0.72 256 -0.307731828 0.353555356 -0.330645536 0.330994291 0 1.5806259 3.61250568 
 137 10000 0.72 256 -0.307360208 0.3532813 -0.329986557 0.330298233 0 1.57524335 3.6026748 
 138 10000 0.72 256 -0.307022386 0.352527043 -0.329366178 0.329400388 0 1.56915475 3.59682771 
 139 10000 0.72 256 -0.306622466 0.352042228 -0.328799364 0.328303016 0 1.56380617 3.58993654 
 140 10000 0.72 256 -0.306085706 0.351537999 -0.328231545 0.327510078 0 1.55874766 3.58430002 
 141 10000 0.72 256 -0.30554465 0.351096752 -0.327661918 0.326783446 0 1.55391629 3.57870614 
 142 10000 0.72 256 -0.305022642 0.350652909 -0.327083185 0.326148475 0 1.54914939 3.57304501 
 143 10000 0.72 256 -0.304266533 0.350069896 -0.326424186 0.32553367 0 1.5442906 3.56865229 
 144 10000 0.72 256 -0.30355167 0.349544847 -0.325821679 0.32484002 0 1.53964714 3.56286682 
 145 10000 0.72 256 -0.302887716 0.349026621 -0.325216664 0.324198331 0 1.53215799 3.55658629 
 146 10000 0.72 256 -0.302328944 0.348511191 -0.324610304 0.323565419 0 1.52831047 3.55047973 
 147 10000 0.72 256 -0.301815311 0.347985089 -0.324051278 0.322948729 0 1.52276672 3.54444781 
 148 10000 0.72 256 -0.301322682 0.347463777 -0.323520329 0.32235421 0 1.52050459 3.53835304 
 149 10000 0.72 256 -0.3007501 0.346642721 -0.32308113 0.321728872 0 1.51649506 3.53079508 
 150 10000 0.72 256 -0.300308267 0.345598658 -0.32231765 0.321137116 0 1.51144271 3.52433179 
 151 10000 0.72 256 -0.299871508 0.344729045 -0.321803085 0.320536795 0 1.50641877 3.51809177 
 152 10000 0.72 256 -0.299425683 0.344031224 -0.321292729 0.319916658 0 1.50175708 3.51182666 
 153 10000 0.72 256 -0.29896651 0.343428788 -0.320777192 0.319311033 0 1.49725399 3.50393114 
 154 10000 0.72 256 -0.298501262 0.342854752 -0.320232596 0.318729284 0 1.49034556 3.49682908 
 155 10000 0.72 256 -0.298012999 0.342230589 -0.319656121 0.318157589 0 1.48865533 3.48980395 
 156 10000 0.72 256 -0.297505681 0.34150291 -0.319082732 0.317608931 0 1.48401844 3.48388737 
 157 10000 0.72 256 -0.297013112 0.340863316 -0.318530409 0.317069141 0 1.47948362 3.477711 
 158 10000 0.72 256 -0.296525366 0.340276631 -0.317997117 0.31652456 0 1.4752018 3.47156078 
 159 10000 0.72 256 -0.296047744 0.339720918 -0.317483884 0.315948488 0 1.47094776 3.46502625 
 160 10000 0.72 256 -0.295543324 0.339135185 -0.316922381 0.315344914 0 1.46709272 3.38226363 
 161 10000 0.72 256 -0.295036282 0.338547458 -0.316333221 0.314763331 0 1.46265577 3.37676797 
 162 10000 0.72 256 -0.294536011 0.337978056 -0.315753883 0.314209633 0 1.45841821 3.37126025 
 163 10000 0.72 256 -0.294046231 0.33741162 -0.315195778 0.313687996 0 1.45420791 3.36579677 
 164 10000 0.72 256 -0.293570787 0.336857868 -0.31467323 0.313185025 0 1.44984332 3.36014244 
 165 10000 0.72 256 -0.293109247 0.336321769 -0.314180237 0.312690631 0 1.4456306 3.35445291 
 166 10000 0.72 256 -0.292653636 0.335800902 -0.313712071 0.312202018 0 1.44154124 3.34876945 
 167 10000 0.72 256 -0.292199719 0.335291915 -0.313245195 0.311719171 0 1.43753458 3.34308462 
 168 10000 0.72 256 -0.291746541 0.334788594 -0.312775682 0.311241888 0 1.43357673 3.33738448 
 169 10000 0.72 256 -0.291294029 0.334282081 -0.312307762 0.310777661 0 1.42964918 3.33157718 
 170 10000 0.72 256 -0.290838866 0.333776247 -0.311846757 0.310314511 0 1.42577269 3.32597553 
 171 10000 0.72 256 -0.290385584 0.33326914 -0.311387858 0.309846843 0 1.42189385 3.32014111 
 172 10000 0.72 256 -0.289934509 0.332763319 -0.310929633 0.309382263 0 1.41801488 3.31442471 
 173 10000 0.72 256 -0.28948291 0.33225942 -0.310476707 0.308919309 0 1.41414256 3.30855508 
 174 10000 0.72 256 -0.289016399 0.331787038 -0.310024543 0.308321187 0 1.41007016 3.30432482 
 175 10000 0.72 256 -0.288614936 0.331248174 -0.309584659 0.307508409 0 1.40648091 3.2971433 
 176 10000 0.72 256 -0.288145111 0.330686443 -0.309120488 0.307075406 0 1.40258907 3.29311958 
 177 10000 0.72 256 -0.287649235 0.330105436 -0.308638586 0.306503084 0 1.39890501 3.28618157 
 178 10000 0.72 256 -0.287179437 0.329516183 -0.308143337 0.306008392 0 1.39513107 3.28098977 
 179 10000 0.72 256 -0.286724333 0.328927868 -0.307652911 0.305558283 0 1.39140354 3.2752954 
 180 10000 0.72 256 -0.286269933 0.328347621 -0.307180551 0.30511114 0 1.38770519 3.26951003 
 181 10000 0.72 256 -0.285819151 0.327780719 -0.306729153 0.304655401 0 1.38402591 3.26335454 
 182 10000 0.72 256 -0.285366763 0.327230652 -0.306289082 0.304193156 0 1.3803542 3.25744216 
 183 10000 0.72 256 -0.284912246 0.326693604 -0.305850642 0.303726121 0 1.37668889 3.25152833 
 184 10000 0.72 256 -0.284455292 0.326165809 -0.305408018 0.303257669 0 1.37302551 3.24561843 
 185 10000 0.72 256 -0.28399747 0.325643551 -0.304959122 0.302790491 0 1.3693537 3.2397263 
 186 10000 0.72 256 -0.283547043 0.325130545 -0.304490997 0.302325394 0 1.36567506 3.2338997 
 187 10000 0.72 256 -0.283112068 0.324593418 -0.304021697 0.301860555 0 1.36200058 3.22797449 
 188 10000 0.72 256 -0.282657099 0.324067742 -0.303555013 0.301397349 0 1.35825513 3.22201075 
 189 10000 0.72 256 -0.28220416 0.323548751 -0.30311322 0.300943554 0 1.35468376 3.21626174 
 190 10000 0.72 256 -0.281755376 0.323038167 -0.302673016 0.300493475 0 1.35107675 3.21040898 
 191 10000 0.72 256 -0.281310579 0.322528596 -0.302231065 0.300046705 0 1.34747536 3.20460554 
 192 10000 0.72 256 -0.280865857 0.322028773 -0.301787313 0.299593656 0 1.34371986 3.19873553 
 193 10000 0.72 256 -0.280424047 0.321498366 -0.30134121 0.299187881 0 1.34005822 3.19435612 
 194 10000 0.72 256 -0.279976482 0.320965186 -0.300893223 0.298718634 0 1.33643949 3.18754314 
 195 10000 0.72 256 -0.279532026 0.320431608 -0.300444244 0.298264429 0 1.33292599 3.18188714 
 196 10000 0.72 256 -0.279082876 0.319925175 -0.299995482 0.297828412 0 1.32942574 3.17616666 
 197 10000 0.72 256 -0.278632529 0.31940073 -0.299548647 0.297400558 0 1.32588014 3.17045126 
 198 10000 0.72 256 -0.27817479 0.318863237 -0.299158668 0.296964017 0 1.32246504 3.16466958 
 199 10000 0.72 256 -0.277719606 0.318344477 -0.298778726 0.296521088 0 1.31926022 3.15894298 
 200 10000 0.72 256 -0.277267934 0.317882212 -0.298355819 0.296086821 0 1.31598813 3.15330222 
