y	T	u.x	u.y	
0.0078125	0.489719	0.00989183	-2.9275e-05
0.076778	0.405921	0.00964106	2.41077e-05
0.118445	0.364473	0.00951428	-0.000256261
0.160111	0.331303	0.00922595	-2.56469e-05
0.198946	0.308914	0.0087687	-4.1932e-05
0.237781	0.293515	0.00808111	-0.000169064
0.276616	0.283322	0.00736319	-3.80711e-05
0.318283	0.277694	0.00645082	-8.02557e-05
0.381775	0.274761	0.00497651	-0.000740152
0.458698	0.275768	0.00265326	-0.000738746
0.535621	0.280163	2.32389e-05	0.000650851
0.611093	0.282512	-0.00282555	0.000377083
0.68382	0.281611	-0.00572543	0.00037318
0.744426	0.274524	-0.00790184	0.000294923
0.793809	0.262722	-0.00938525	8.76e-05
0.829207	0.24884	-0.0102713	0.000107568
0.86369	0.229627	-0.0109744	0.000191324
0.898173	0.204437	-0.0115114	0.000295896
0.93326	0.172229	-0.0119157	-0.000256017
0.968348	0.134624	-0.0121728	-0.00044299
0.999598	0.0595632	-0.00628432	-0.00044447
