0.828125 0.996607
0.859375 0.982617
0.890625 0.969076
0.890625 0.969076
0.921875 0.955979
0.953125 0.943318
0.984375 0.931088
0.953125 0.943318
0.078125 1.4954
0.109375 1.4669
0.109375 1.4669
0.203125 1.38632
0.234375 1.361
0.140625 1.43925
0.171875 1.4124
0.171875 1.4124
0.140625 1.43925
0.203125 1.38632
0.390625 1.24479
0.421875 1.22349
0.421875 1.22349
0.484375 1.18268
0.453125 1.20279
0.484375 1.18268
0.296875 1.3125
0.265625 1.3364
0.265625 1.3364
0.296875 1.3125
0.328125 1.28928
0.328125 1.28928
0.359375 1.26672
0.390625 1.24479
0.015625 1.55507
0.046875 1.52478
0.046875 1.52478
0.015625 1.55507
0.078125 1.4954
0.578125 1.12573
0.609375 1.10783
0.515625 1.16314
0.515625 1.16314
0.546875 1.14416
0.578125 1.12573
0.640625 1.09046
0.640625 1.09046
0.671875 1.07359
0.703125 1.05723
0.734375 1.04136
0.703125 1.05723
0.765625 1.02597
0.765625 1.02597
0.796875 1.01106
0.828125 0.996607
1.01562 0.919283
1.04688 0.907897
1.04688 0.907897
1.07812 0.896923
1.10938 0.886359
1.14062 0.876198
1.17188 0.866436
1.20312 0.857069
1.23438 0.848093
1.23438 0.848093
1.14062 0.876198
1.26562 0.839503
1.29688 0.831297
1.35938 0.81602
1.32812 0.82347
1.35938 0.81602
1.39062 0.808944
1.42188 0.802238
1.45312 0.7959
1.48438 0.789927
1.51562 0.784318
1.54688 0.779069
1.54688 0.779069
1.57812 0.77418
1.60938 0.769647
1.64062 0.765469
1.67188 0.761646
1.70312 0.758174
1.73438 0.755053
1.79688 0.74986
1.82812 0.747785
1.85938 0.746058
1.89062 0.744677
1.92188 0.743641
1.95312 0.742952
1.98438 0.742607
1.76562 0.752282
1.79688 0.74986
2.01562 0.742608
2.04688 0.742954
2.07812 0.743645
2.10938 0.744681
2.14062 0.746064
2.17188 0.747792
2.20312 0.749868
2.20312 0.749868
2.23438 0.752292
2.26562 0.755064
2.29688 0.758187
2.32812 0.76166
2.35938 0.765485
2.39062 0.769664
2.42188 0.774198
2.45312 0.779089
2.45312 0.779089
2.48438 0.784339
2.51562 0.78995
2.54688 0.795923
2.57812 0.802263
2.60938 0.80897
2.64062 0.816048
2.64062 0.816048
2.67188 0.823499
2.70312 0.831327
2.73438 0.839535
2.76562 0.848126
2.76562 0.848126
2.79688 0.857104
2.82812 0.866472
2.85938 0.876235
2.85938 0.876235
2.89062 0.886398
2.92188 0.896964
2.95312 0.907938
2.95312 0.907938
2.98438 0.919326
3.01562 0.931133
3.04688 0.943365
3.04688 0.943365
3.07812 0.956027
3.10938 0.969125
3.10938 0.969125
3.14062 0.982668
3.17188 0.99666
3.17188 0.99666
3.20312 1.01111
3.23438 1.02603
3.23438 1.02603
3.26562 1.04142
3.29688 1.05729
3.29688 1.05729
3.32812 1.07365
3.35938 1.09052
3.35938 1.09052
3.39062 1.1079
3.42188 1.12579
3.42188 1.12579
3.45312 1.14423
3.48438 1.16321
3.48438 1.16321
3.51562 1.18275
3.51562 1.18275
3.54688 1.20286
3.57812 1.22357
3.57812 1.22357
3.60938 1.24487
3.60938 1.24487
3.64062 1.2668
3.67188 1.28936
3.67188 1.28936
3.70312 1.31259
3.70312 1.31259
3.73438 1.33649
3.73438 1.33649
3.76562 1.36109
3.79688 1.38641
3.79688 1.38641
3.82812 1.41249
3.82812 1.41249
3.85938 1.43934
3.85938 1.43934
3.89062 1.467
3.89062 1.467
3.92188 1.4955
3.92188 1.4955
3.95312 1.52488
3.95312 1.52488
3.98438 1.55517
3.98438 1.55517
