262107.690 6777405.398 262259.341 6777146.053
262259.341 6777146.053 262877.461 6777037.940
262877.461 6777037.940 263178.376 6776859.981
263178.376 6776859.981 263449.291 6776842.699
263449.291 6776842.699 263746.130 6776367.763
263746.130 6776367.763 263716.077 6776146.356
263716.077 6776146.356 263826.865 6776002.296
263826.865 6776002.296 263753.287 6775899.727
263753.287 6775899.727 263902.336 6775801.937
263902.336 6775801.937 264212.284 6775061.649
264212.284 6775061.649 264497.332 6774821.772
264497.332 6774821.772 264500.563 6774258.132
264500.563 6774258.132 264326.895 6774210.651
264326.895 6774210.651 264361.505 6773966.252
264361.505 6773966.252 264241.960 6773848.154
264241.960 6773848.154 264136.950 6773327.658
264136.950 6773327.658 263621.850 6772632.856
263621.850 6772632.856 263638.144 6772485.488
263638.144 6772485.488 264046.130 6772417.763
264046.130 6772417.763 264127.050 6771991.062
264127.050 6771991.062 265034.100 6772300.949
265034.100 6772300.949 265316.664 6772618.569
265316.664 6772618.569 265751.954 6772853.051
265751.954 6772853.051 266044.525 6772767.592
266044.525 6772767.592 266211.589 6773035.864
266211.589 6773035.864 266752.025 6773102.873
266752.025 6773102.873 266831.950 6773308.049
266831.950 6773308.049 267872.215 6773604.987
267872.215 6773604.987 267977.777 6773935.073
267977.777 6773935.073 268157.098 6774073.354
268157.098 6774073.354 268588.127 6774087.951
268588.127 6774087.951 268698.611 6773907.675
268698.611 6773907.675 269793.567 6773967.905
269793.567 6773967.905 269956.905 6773592.905
269956.905 6773592.905 270343.654 6773532.905
270343.654 6773532.905 270723.975 6773310.671
270723.975 6773310.671 271132.192 6772838.088
271132.192 6772838.088 271009.588 6772627.282
271009.588 6772627.282 271082.891 6772502.739
271082.891 6772502.739 271717.095 6772932.905
271717.095 6772932.905 271931.897 6773283.095
271931.897 6773283.095 272367.160 6773092.710
272367.160 6773092.710 272558.842 6773127.629
272558.842 6773127.629 272872.371 6773539.084
272872.371 6773539.084 272975.481 6773426.794
272975.481 6773426.794 273378.973 6773554.189
273378.973 6773554.189 274548.096 6773507.858
274548.096 6773507.858 274848.284 6773393.095
274848.284 6773393.095 274752.258 6773946.989
274752.258 6773946.989 274983.096 6774299.104
274983.096 6774299.104 275093.936 6774765.167
275093.936 6774765.167 274996.781 6774812.934
274996.781 6774812.934 275006.087 6775109.450
275006.087 6775109.450 274592.095 6775563.640
274592.095 6775563.640 274836.905 6776129.373
274836.905 6776129.373 274712.102 6776648.089
274712.102 6776648.089 274320.810 6776953.919
274320.810 6776953.919 274802.481 6777493.378
274802.481 6777493.378 274907.171 6778194.812
274907.171 6778194.812 275227.676 6778688.443
275227.676 6778688.443 275192.641 6779192.535
275192.641 6779192.535 275507.095 6779392.905
275507.095 6779392.905 275456.897 6779528.094
275456.897 6779528.094 275631.905 6779642.740
275631.905 6779642.740 275278.501 6779762.860
275278.501 6779762.860 275119.119 6780120.485
275119.119 6780120.485 274822.763 6779919.222
274822.763 6779919.222 274577.337 6780243.310
274577.337 6780243.310 274341.401 6780277.801
274341.401 6780277.801 274376.905 6780160.892
274376.905 6780160.892 274291.905 6780142.905
274291.905 6780142.905 273011.905 6780832.905
273011.905 6780832.905 272911.786 6781180.881
272911.786 6781180.881 272696.737 6781343.878
272696.737 6781343.878 272504.983 6781740.771
272504.983 6781740.771 272791.905 6782623.640
272791.905 6782623.640 272537.095 6783068.095
272537.095 6783068.095 272252.230 6783161.740
272252.230 6783161.740 272146.928 6783502.515
272146.928 6783502.515 272181.905 6783854.990
272181.905 6783854.990 271571.753 6783906.727
271571.753 6783906.727 271521.475 6783832.576
271521.475 6783832.576 271089.867 6783952.817
271089.867 6783952.817 271181.414 6783977.962
271181.414 6783977.962 271252.198 6784801.154
271252.198 6784801.154 271428.440 6784939.151
271428.440 6784939.151 271635.179 6785922.268
271635.179 6785922.268 271376.806 6786372.951
271376.806 6786372.951 271496.891 6786749.583
271496.891 6786749.583 271372.095 6787038.095
271372.095 6787038.095 271138.682 6787165.444
271138.682 6787165.444 270406.257 6788424.258
270406.257 6788424.258 269946.663 6788779.910
269946.663 6788779.910 269506.905 6788872.905
269506.905 6788872.905 269394.892 6789017.905
269394.892 6789017.905 268834.982 6788792.188
268834.982 6788792.188 268765.600 6788915.929
268765.600 6788915.929 268641.509 6788863.118
268641.509 6788863.118 268607.095 6789229.006
268607.095 6789229.006 268752.287 6789468.266
268752.287 6789468.266 268623.003 6789705.723
268623.003 6789705.723 268766.148 6790034.748
268766.148 6790034.748 268538.750 6790070.157
268538.750 6790070.157 268589.069 6790239.366
268589.069 6790239.366 268472.304 6790443.165
268472.304 6790443.165 267863.404 6790623.788
267863.404 6790623.788 267551.950 6791557.950
267551.950 6791557.950 267506.861 6792058.823
267506.861 6792058.823 267151.146 6792318.667
267151.146 6792318.667 267158.956 6792676.659
267158.956 6792676.659 266976.553 6792643.568
266976.553 6792643.568 267011.920 6792899.425
267011.920 6792899.425 266907.050 6793040.201
266907.050 6793040.201 266981.736 6793174.977
266981.736 6793174.977 266374.164 6793583.867
266374.164 6793583.867 266071.311 6794368.343
266071.311 6794368.343 265581.759 6794438.260
265581.759 6794438.260 265281.691 6794087.547
265281.691 6794087.547 264397.551 6794050.516
264397.551 6794050.516 263881.462 6793623.050
263881.462 6793623.050 263744.662 6793667.942
263744.662 6793667.942 263782.159 6792837.700
263782.159 6792837.700 263961.950 6792607.462
263961.950 6792607.462 263745.543 6792281.894
263745.543 6792281.894 263721.817 6791927.530
263721.817 6791927.530 263431.027 6791601.833
263431.027 6791601.833 263500.622 6791506.891
263500.622 6791506.891 263385.299 6791234.340
263385.299 6791234.340 263471.950 6790867.658
263471.950 6790867.658 263402.050 6790757.950
263402.050 6790757.950 262287.984 6790319.537
262287.984 6790319.537 262001.746 6789747.654
262001.746 6789747.654 261793.787 6789599.089
261793.787 6789599.089 261772.768 6789032.856
261772.768 6789032.856 261677.050 6788880.821
261677.050 6788880.821 261751.950 6788733.538
261751.950 6788733.538 261472.050 6788360.637
261472.050 6788360.637 261509.663 6788225.262
261509.663 6788225.262 261123.217 6788055.216
261123.217 6788055.216 261008.137 6787559.763
261008.137 6787559.763 260581.950 6787303.050
260581.950 6787303.050 260392.073 6786786.937
260392.073 6786786.937 260177.832 6786772.950
260177.832 6786772.950 259778.255 6786409.577
259778.255 6786409.577 258966.847 6786188.017
258966.847 6786188.017 258907.355 6785853.098
258907.355 6785853.098 258502.336 6785556.970
258502.336 6785556.970 258480.251 6784950.159
258480.251 6784950.159 258344.348 6784898.411
258344.348 6784898.411 258470.550 6784263.183
258470.550 6784263.183 258738.654 6784239.025
258738.654 6784239.025 258957.294 6784458.613
258957.294 6784458.613 259326.450 6784308.062
259326.450 6784308.062 259718.324 6784472.772
259718.324 6784472.772 260044.722 6784349.476
260044.722 6784349.476 260074.749 6784031.932
260074.749 6784031.932 259935.144 6783793.923
259935.144 6783793.923 260091.950 6783538.247
260091.950 6783538.247 260127.257 6783013.243
260127.257 6783013.243 260536.917 6782729.583
260536.917 6782729.583 260827.216 6782751.084
260827.216 6782751.084 260959.500 6782555.500
260959.500 6782555.500 260870.470 6782443.725
260870.470 6782443.725 260982.128 6782192.583
260982.128 6782192.583 261532.250 6781772.755
261532.250 6781772.755 261472.050 6781507.265
261472.050 6781507.265 261651.950 6780961.163
261651.950 6780961.163 261637.139 6780303.681
261637.139 6780303.681 262237.391 6779649.652
262237.391 6779649.652 262231.881 6779198.016
262231.881 6779198.016 262367.054 6778812.849
262367.054 6778812.849 262489.152 6778747.031
262489.152 6778747.031 262391.557 6778537.232
262391.557 6778537.232 262430.773 6778390.031
262430.773 6778390.031 262163.735 6778269.150
262163.735 6778269.150 262107.690 6777405.398