0.000000000000000000e+00 1.000000000000000000e+00 1.000000000000000000e+00
4.063407925461372250e-03 9.959366077357908464e-01 1.005716616228472526e+00
4.469748718007509475e-02 9.553234541785252665e-01 1.066078987957022495e+00
8.084430101364462051e-02 9.192802120706274893e-01 1.125052848139420192e+00
1.172151011577249324e-01 8.831665439732598877e-01 1.189981878074414023e+00
1.496010110826397621e-01 8.511969062297986000e-01 1.253019844025651697e+00
1.821306296649584100e-01 8.193182024380827322e-01 1.321801849165131770e+00
2.146602482472770579e-01 7.877281128417885636e-01 1.396603470482847609e+00
2.428079332353437758e-01 7.606707999847361901e-01 1.466643482590213265e+00
2.710734363695954663e-01 7.338006344621308408e-01 1.542377509714102812e+00
2.993389395038471568e-01 7.072728617270235274e-01 1.623970769186105834e+00
3.242245654736790050e-01 6.842350626175319750e-01 1.701032239061061713e+00
3.491859422380516609e-01 6.614587558889220009e-01 1.783594491666848469e+00
3.741473190024243167e-01 6.390473321371864523e-01 1.871775521626078742e+00
3.963526181894697631e-01 6.194449012748808325e-01 1.955222761619754612e+00
4.186113523016349314e-01 6.001378116042874744e-01 2.043848090341242152e+00
4.408700864138000997e-01 5.812002694972555616e-01 2.137685789322976149e+00
4.608509974129869069e-01 5.645383155274383835e-01 2.226533366070241104e+00
4.808704107809060324e-01 5.481864543176416804e-01 2.320066216159188954e+00
5.008898241488251024e-01 5.321990732730949025e-01 2.418222403993133707e+00
5.209092375167441169e-01 5.165990055224028987e-01 2.521070600349712532e+00
5.384501493926358018e-01 5.032673238420771744e-01 2.615060695010387182e+00
5.560253918788817806e-01 4.902425877694851497e-01 2.712842305905102780e+00
5.736006343651277595e-01 4.775683336536644674e-01 2.814169611500780821e+00
5.911758768513737383e-01 4.652622009568940786e-01 2.918926241095199270e+00
6.068343840870915606e-01 4.546229572781891881e-01 3.015005385585656228e+00
6.225139117364524299e-01 4.442898035784585975e-01 3.113630803574275241e+00
6.381934393858132992e-01 4.342906853647182652e-01 3.214454474629485858e+00
6.538729670351741685e-01 4.246392978574266008e-01 3.317200664374566177e+00
6.695524946845350378e-01 4.153495415457810203e-01 3.421533294284448079e+00
6.834123128793808677e-01 4.074502861769967454e-01 3.514758759538742172e+00
6.972856549853532204e-01 3.998471053962833199e-01 3.608680734465962825e+00
7.111589970913255732e-01 3.925577018979207744e-01 3.702841277907333861e+00
7.250323391972979259e-01 3.855919237800929378e-01 3.796827787844133439e+00
7.389056813032702786e-01 3.789595759054824042e-01 3.890182358236365712e+00
7.527790234092426314e-01 3.726703740449768265e-01 3.982402785323793104e+00
7.650865374555723131e-01 3.673859650690752265e-01 4.062827787924572220e+00
7.773995190810045752e-01 3.623835572121666959e-01 4.141561575563591724e+00
7.897125007064368374e-01 3.576719777428420954e-01 4.218141238707367791e+00
8.020254823318690995e-01 3.532574587292622859e-01 4.292122647801595470e+00
8.143384639573013617e-01 3.491460119836082288e-01 4.363048893869561518e+00
8.266514455827336239e-01 3.453433932735599510e-01 4.430455585835743726e+00
8.389644272081658860e-01 3.418550659775691503e-01 4.493876901329781681e+00
8.499204187237291430e-01 3.390195907583117840e-01 4.546584704855909820e+00
8.608766721701458513e-01 3.364403366196072054e-01 4.595457115363345224e+00
8.718329256165625596e-01 3.341205019645921426e-01 4.640188514074919723e+00
8.827891790629792679e-01 3.320629472626279166e-01 4.680491000150105663e+00
8.937454325093959762e-01 3.302702480825221998e-01 4.716097404509547175e+00
9.047016859558126844e-01 3.287446785869369004e-01 4.746765484204603425e+00
9.145208743806445550e-01 3.276060324369779453e-01 4.769878907914923083e+00
9.243400628054764256e-01 3.266847081774886252e-01 4.788722506531954082e+00
9.341592512303082962e-01 3.259816714597852383e-01 4.803187549832356851e+00
9.439784396551401668e-01 3.254976633786387796e-01 4.813189655026683056e+00
9.537976280799720374e-01 3.252331962887061167e-01 4.818670006253133131e+00
9.623560198951289779e-01 3.251819788515911136e-01 4.819732582919459496e+00
9.709144117102859184e-01 3.252978013969313742e-01 4.817330256454717130e+00
9.795804038736609654e-01 3.255851873842263156e-01 4.811378314075549056e+00
9.885080393873647564e-01 3.260599985956275093e-01 4.801572256362618418e+00
9.976773277848481891e-01 3.267360663560525125e-01 4.787668734687861694e+00
1.007071822893312874e+00 3.276261043969951881e-01 4.769469796729808309e+00
1.016677921148736896e+00 3.287418647422074014e-01 4.746822365787000564e+00
1.026484352810358436e+00 3.300942625320719137e-01 4.719617837947395422e+00
1.036481842284513899e+00 3.316934861465546391e-01 4.687791422092325355e+00
1.046662881353564778e+00 3.335491018408641151e-01 4.651321020020890096e+00
1.057021580161466412e+00 3.356701588010893023e-01 4.610225540372084652e+00
1.067553568830170496e+00 3.380652973903310321e-01 4.564562631914739654e+00
1.078255932615914681e+00 3.407428618105571849e-01 4.514425877757411776e+00
1.089127166132337177e+00 3.437110164699893611e-01 4.459941548779113418e+00
1.100167137713584209e+00 3.469778646655951593e-01 4.401265038373114002e+00
1.111377057842653171e+00 3.505515676685771465e-01 4.338577113130348550e+00
1.122759447382453590e+00 3.544404619629993314e-01 4.272080115118909838e+00
1.134318104372409097e+00 3.586531728709920208e-01 4.201994231572294680e+00
1.146058069133233381e+00 3.631987230909470843e-01 4.128553928043581678e+00
1.157985588677157507e+00 3.680866352872528280e-01 4.052004614321746523e+00
1.170108081603729255e+00 3.733270282591428235e-01 3.972599589855705382e+00
1.182434105185149908e+00 3.789307067894472358e-01 3.890597291545064174e+00
1.194973326542427383e+00 3.849092457743834017e-01 3.806258847122641509e+00
1.207736498745567211e+00 3.912750691041107509e-01 3.719845929811888219e+00
1.220735443438804468e+00 3.980415243681231785e-01 3.631618894043629808e+00
1.233983040478346060e+00 4.052229541460122264e-01 3.541835172033140466e+00
1.247493225357243496e+00 4.128347648884689303e-01 3.450747904731610749e+00
1.261280994481747575e+00 4.208934940731808294e-01 3.358604783413980055e+00
1.275362418601671433e+00 4.294168764236195313e-01 3.265647076210293598e+00
1.289754664403325757e+00 4.384239097655917017e-01 3.172108816751294746e+00
1.304476023901115056e+00 4.479349207541905020e-01 3.078216136109719336e+00
1.319545952045881210e+00 4.579716310531322110e-01 2.984186716106690174e+00
1.334985111975740546e+00 4.685572237817034469e-01 2.890229350778076078e+00
1.350815428050120337e+00 4.797164102962841459e-01 2.796543600308433408e+00
1.367060146998911208e+00 4.914754973402745142e-01 2.703319523059724450e+00
1.383743906898994513e+00 5.038624539511259437e-01 2.610737477307849996e+00
1.400892815174516803e+00 5.169069783441617716e-01 2.518967977978857853e+00
1.418534535915431993e+00 5.306405641397761164e-01 2.428171601785694467e+00
1.436698388439544116e+00 5.450965662733960881e-01 2.338498928229632678e+00
1.455415459289810087e+00 5.603102669544921532e-01 2.250090507059495426e+00
1.474718731239587965e+00 5.763189429259497620e-01 2.163076841235640480e+00
1.494643235090747257e+00 5.931619369223917193e-01 2.077578371599746454e+00
1.515226232460112898e+00 6.108807381485209520e-01 1.993705449359979953e+00
1.536507442779779353e+00 6.295190808627693091e-01 1.911558276003783030e+00
1.558529334293349278e+00 6.491230760146249334e-01 1.831226785980667682e+00
1.581337508905626965e+00 6.697414001252645077e-01 1.752790440591182719e+00
1.604981228679444927e+00 6.914255823276267421e-01 1.676317883412445031e+00
1.629514156928301150e+00 7.142304544753607098e-01 1.601866392430489450e+00
1.654995431281365725e+00 7.382148717081962186e-01 1.529481026894826012e+00
1.681491258626745644e+00 7.634428806955537716e-01 1.459193312590526981e+00
1.709077347636266397e+00 7.899856340775982533e-01 1.391019213760219309e+00
1.737842717963133721e+00 8.179245650023390102e-01 1.324955973895534322e+00
1.767895838459615732e+00 8.473567333994087569e-01 1.260977104524139358e+00
1.799374831994867918e+00 8.784040088514059041e-01 1.199024251401147545e+00
1.832464983983085327e+00 9.112291833171694000e-01 1.138993725902039067e+00
1.867429366985198014e+00 9.460645106746689015e-01 1.080714424725877310e+00
1.904659439989576653e+00 9.832587673480502888e-01 1.023917678616883986e+00
1.944713430893589390e+00 1.023308711806294902e+00 9.682570324861999866e-01
1.987853651364679841e+00 1.066383783789332407e+00 9.139470909427807044e-01
2.031399766025227649e+00 1.109689833728986885e+00 8.644059542361279824e-01
2.069029574137992711e+00 1.146883699390116806e+00 8.254159709180070026e-01
2.106980928658776619e+00 1.184101578991381798e+00 7.893242682535436261e-01
2.140781227268018228e+00 1.216937801054192025e+00 7.596687575851902574e-01
2.174737579754001171e+00 1.249572353031080052e+00 7.320386797085960406e-01
2.208693932239984115e+00 1.281795033351549318e+00 7.064053532770462329e-01
2.238249089094870747e+00 1.309459562106892738e+00 6.856004154628725367e-01
2.267922603282182870e+00 1.336834607514872486e+00 6.660260994763685938e-01
2.297596117469494992e+00 1.363766084752635610e+00 6.476854781821983487e-01
2.323888832502716273e+00 1.387223065729621618e+00 6.324048299205525803e-01
2.350256141113147734e+00 1.410329992070687988e+00 6.179466207090104080e-01
2.376623449723579196e+00 1.432986357769907126e+00 6.043118657658088644e-01
2.400203828321124444e+00 1.452838036532120514e+00 5.927832423274789209e-01
2.423837040239031015e+00 1.472318882201662626e+00 5.818316814055106700e-01
2.447470252156937587e+00 1.491357029071595397e+00 5.714598519452499525e-01
2.471103464074844158e+00 1.509924518079783562e+00 5.616459969794189711e-01
2.491664699008725670e+00 1.525673081912296336e+00 5.535462622503501962e-01
2.512273842912978949e+00 1.541058959290867891e+00 5.458245224095114034e-01
2.532882986817232229e+00 1.556024457120260385e+00 5.384892200804337614e-01
2.553492130721485509e+00 1.570548390337203504e+00 5.315304499694423201e-01
2.571690277015375337e+00 1.582988702197946074e+00 5.256916254937950006e-01
2.589918623467113434e+00 1.595072007226606914e+00 5.201248328000612764e-01
2.608146969918851532e+00 1.606761512575954010e+00 5.148349379507018986e-01
2.626375316370589630e+00 1.618041045919796694e+00 5.098173976147976072e-01
2.642718715704341026e+00 1.627792105733599115e+00 5.055469409774372425e-01
2.659080062587401816e+00 1.637198440298407220e+00 5.014852327575061164e-01
2.675441409470462606e+00 1.646236937082744545e+00 4.976347749116240560e-01
2.691802756353523396e+00 1.654895288229956130e+00 4.939935435452932899e-01
2.708164103236584186e+00 1.663161136175743682e+00 4.905597825599908868e-01
2.722720817859452414e+00 1.670175315510791680e+00 4.876779447017521862e-01
2.737288028032829335e+00 1.676865055660161863e+00 4.849563380875167029e-01
2.751855238206206256e+00 1.683216574768786611e+00 4.823963369592428330e-01
2.766422448379583177e+00 1.689221380106075365e+00 4.799973090147993671e-01
2.780989658552960098e+00 1.694871138140825906e+00 4.777587416228638584e-01
2.795556868726337019e+00 1.700157721879195449e+00 4.756802310206681983e-01
2.808541589358963364e+00 1.704557466288677547e+00 4.739621858886491901e-01
2.821529356314608883e+00 1.708657956743459660e+00 4.723705497020179722e-01
2.834517123270254402e+00 1.712452980172325390e+00 4.709056292718710734e-01
2.847504890225899921e+00 1.715937648028848184e+00 4.695673544521068998e-01
2.860492657181545439e+00 1.719107360712020860e+00 4.683556893792011344e-01
2.873480424137190958e+00 1.721957838742265157e+00 4.672706258531625911e-01
2.886468191092836477e+00 1.724485153190691511e+00 4.663121769050690979e-01
2.897968414041568685e+00 1.726450381476490437e+00 4.655692180016177129e-01
2.909468636990300894e+00 1.728157246442007855e+00 4.649255789481844259e-01
2.920968859939033102e+00 1.729603813618084240e+00 4.643812884095799842e-01
2.932469082887765310e+00 1.730788425027092403e+00 4.639363752870420687e-01
2.943969305836497519e+00 1.731709710074626152e+00 4.635908664385767208e-01
2.954292156949451797e+00 1.732311517706892179e+00 4.633654090735566666e-01
2.964615008062406076e+00 1.732699718910737818e+00 4.632200755653996249e-01
2.974937859175360355e+00 1.732873945673641725e+00 4.631548745181877091e-01
2.985260710288314634e+00 1.732834032492320153e+00 4.631698098766920402e-01
2.995583561401268913e+00 1.732580017300004105e+00 4.632648807326545382e-01
3.005906412514223192e+00 1.732112141253701942e+00 4.634400813692302057e-01
3.016229263627177470e+00 1.731430847384608951e+00 4.636954015429393117e-01
3.026638167852932604e+00 1.730528432976311759e+00 4.640339597867911836e-01
3.037284977669118202e+00 1.729382480186911542e+00 4.644644973181663028e-01
3.048156701714034078e+00 1.727980866577819574e+00 4.649920190694417643e-01
3.059242824860782139e+00 1.726312254900331578e+00 4.656213707424100012e-01
3.070535072364174667e+00 1.724365948528754799e+00 4.663573078678834305e-01
3.082027246507873741e+00 1.722131746104205385e+00 4.672045657360476278e-01
3.093715111085850289e+00 1.719599793473456151e+00 4.681679313513721907e-01
3.105596302673057085e+00 1.716760433678402142e+00 4.692523176357089598e-01
3.117670253371818578e+00 1.713604057443971262e+00 4.704628395235713190e-01
3.129938119771235705e+00 1.710120956056087493e+00 4.718048918555177718e-01
3.142402711999546572e+00 1.706301179479401853e+00 4.732842286521221631e-01
3.155068422954529161e+00 1.702134401326010682e+00 4.749070438630900726e-01
3.167941157689654563e+00 1.697609792096129722e+00 4.766800538049552061e-01
3.181028265395160926e+00 1.692715900966500708e+00 4.786105820033596525e-01
3.194338474279355022e+00 1.687440546650792239e+00 4.807066471371225225e-01
3.207881832669190469e+00 1.681770716347684713e+00 4.829770554773361035e-01
3.221669657084905047e+00 1.675692472229439511e+00 4.854314991857212602e-01
3.235714488417103407e+00 1.669190864517092976e+00 4.880806621733640993e-01
3.250030057256110272e+00 1.662249849964870796e+00 4.909363355349316560e-01
3.264631258598653218e+00 1.654852214788627984e+00 4.940115447646693525e-01
3.279534135887367974e+00 1.646979501179910654e+00 4.973206912511679012e-01
3.294755874725374678e+00 1.638611936366642263e+00 5.008797110320348800e-01
3.310314805349826361e+00 1.629728363909746847e+00 5.047062539800395431e-01
3.326230414030466598e+00 1.620306176508869989e+00 5.088198873618503537e-01
3.342523363115872392e+00 1.610321249942167299e+00 5.132423282931880548e-01
3.359215518683642987e+00 1.599747878434762516e+00 5.179977102022046420e-01
3.376329986534987171e+00 1.588558710893155146e+00 5.231128898671019156e-01
3.393891155853900887e+00 1.576724688478541525e+00 5.286178024720534774e-01
3.411924751245172249e+00 1.564214983342627541e+00 5.345458740612498705e-01
3.430457893411904102e+00 1.550996938828026250e+00 5.409345026135848888e-01
3.449519169917914407e+00 1.537036010834289756e+00 5.478256218286772228e-01
3.469138718380124775e+00 1.522295709531169550e+00 5.552663652764920910e-01
3.489348325269458151e+00 1.506737540078049387e+00 5.633098530814513172e-01
3.510181545501307898e+00 1.490320939546766921e+00 5.720161295963862580e-01
3.531673851793848851e+00 1.473003204174825331e+00 5.814532895008696078e-01
3.553862825862313279e+00 1.454739398251605254e+00 5.916988412798974695e-01
3.576788411128585476e+00 1.435482229185790715e+00 6.028413745179329597e-01
3.600493257382901824e+00 1.415181863242800153e+00 6.149826227074568497e-01
3.625023203727475885e+00 1.393785641162547773e+00 6.282400506789082018e-01
3.650427973425663719e+00 1.371237626504457463e+00 6.427501543657653249e-01
3.676762197718137060e+00 1.347477876991654222e+00 6.586727535345184847e-01
3.704086959125366452e+00 1.322441256783734920e+00 6.761967116977074532e-01
3.732472171316490339e+00 1.296055482541361936e+00 6.955477803736076492e-01
3.762000339453964948e+00 1.268237871815230289e+00 7.169997347793664044e-01
3.792772665577117230e+00 1.238889846363260272e+00 7.408908460689367370e-01
3.824919271918220787e+00 1.207887444761180706e+00 7.676494553143078381e-01
3.858616885903805027e+00 1.175064551176789873e+00 7.978359201168555570e-01
3.894120160071488979e+00 1.140182778109384731e+00 8.322153698039904679e-01
3.931814837643850868e+00 1.102880082431564768e+00 8.718873747109933126e-01
3.972265573547795636e+00 1.062626248912258431e+00 9.184747986882264570e-01
4.015766794925533567e+00 1.019180554736321298e+00 9.737521270705394860e-01
4.059512835928726027e+00 9.754396250649468580e-01 1.035426911909548497e+00
4.096782208296376737e+00 9.382223479206056593e-01 1.093381993213047965e+00
4.134409855022672886e+00 9.007716442097534193e-01 1.157549071845892952e+00
4.167635973114177439e+00 8.678680680631776223e-01 1.219452270919386905e+00
4.201032195015146797e+00 8.350119506794936308e-01 1.287153175300847829e+00
4.234428416916116156e+00 8.024309487090073301e-01 1.360909548760247167e+00
4.263189198361806653e+00 7.746394582968468834e-01 1.429751427395575147e+00
4.292079399727556144e+00 7.470151913314125869e-01 1.504315023399960038e+00
4.320969601093305634e+00 7.197270335781572603e-01 1.584765683174081952e+00
4.346351902211472051e+00 6.960654452340174769e-01 1.660695066653784080e+00
4.371814933570759010e+00 6.726567625714413579e-01 1.742164188162544924e+00
4.397277964930045968e+00 6.496107415443156397e-01 1.829302481419377235e+00
4.419894127584237609e+00 6.294742156528012611e-01 1.911749021164294016e+00
4.442566769717471331e+00 6.096290713330935196e-01 1.999438560044409341e+00
4.465239411850705054e+00 5.901535448802454065e-01 2.092420526583540052e+00
4.485561744330809120e+00 5.730346421307376259e-01 2.180453209093886624e+00
4.505924726015635429e+00 5.562242632724160307e-01 2.273265174360574736e+00
4.526287707700461738e+00 5.397796416385498564e-01 2.370810811618296210e+00
4.546650689385288047e+00 5.237243601621991429e-01 2.473182217512078118e+00
4.564456075973498450e+00 5.100239150671393995e-01 2.566688962660215623e+00
4.582297810981485142e+00 4.966299356023918810e-01 2.664121013813077976e+00
4.600139545989471834e+00 4.835883672992482563e-01 2.765246278203829178e+00
4.617981280997458526e+00 4.709174067159304089e-01 2.869970011284292077e+00
4.633845160452493950e+00 4.599774883588889085e-01 2.965983915276486194e+00
4.649731417881096007e+00 4.493441203403107931e-01 3.064709477195546761e+00
4.665617675309698065e+00 4.390468115940110438e-01 3.165809961817526386e+00
4.681503932738300122e+00 4.290996882952826108e-01 3.269027103450037330e+00
4.697390190166902180e+00 4.195171119830376494e-01 3.374041714425761729e+00
4.711398966573821845e+00 4.113810952231191087e-01 3.467831106446239708e+00
4.725422319839648999e+00 4.035419535434859317e-01 3.562507859002894683e+00
4.739445673105476153e+00 3.960184674879890232e-01 3.657618334218568190e+00
4.753469026371303308e+00 3.888208139486624693e-01 3.752759153178852447e+00
4.767492379637130462e+00 3.819591459998784022e-01 3.847479556378205601e+00
4.781515732902957616e+00 3.754435467388581027e-01 3.941281896820536979e+00
4.793927752585720903e+00 3.699733160383888442e-01 4.023105644143913473e+00
4.806345860845286921e+00 3.647863235557035622e-01 4.103420591252922911e+00
4.818763969104852940e+00 3.598919857190195914e-01 4.181758555456132065e+00
4.831182077364418959e+00 3.552967918224931299e-01 4.257671981458303279e+00
4.843600185623984977e+00 3.510070206849716379e-01 4.330697763214921281e+00
4.856018293883550996e+00 3.470287037392679741e-01 4.400362376574409318e+00
4.868436402143117014e+00 3.433675873237011511e-01 4.466187835339126444e+00
4.879477119882008829e+00 3.403833249882059486e-01 4.521103123798318357e+00
4.890518308355680688e+00 3.376575535409777618e-01 4.572281311360931966e+00
4.901559496829352547e+00 3.351937330632938639e-01 4.619401953061037958e+00
4.912600685303024406e+00 3.329949247368667042e-01 4.662161781638305413e+00
4.923641873776696265e+00 3.310639045067162445e-01 4.700276797987195110e+00
4.934683062250368124e+00 3.294031452599844312e-01 4.733486705409704953e+00
4.944601559285559667e+00 3.281434734714153700e-01 4.758945385200259004e+00
4.954520056320751209e+00 3.271049694913842898e-01 4.780111214043743395e+00
4.964438553355942751e+00 3.262887401698787437e-01 4.796860382903598286e+00
4.974357050391134294e+00 3.256956611548540437e-01 4.809093687199576195e+00
4.984275547426325836e+00 3.253263718736521537e-01 4.816737979212726728e+00
4.992980443478558961e+00 3.251869809164160685e-01 4.819628790458841294e+00
5.001685339530792085e+00 3.252203931566577388e-01 4.818935587310173574e+00
5.010390235583025209e+00 3.254265806886794676e-01 4.814661597417597250e+00
5.019196707015600722e+00 3.258108091473226886e-01 4.806714374871607909e+00
5.028253772499240881e+00 3.263898914832920051e-01 4.794779282567819045e+00
5.037543441450735848e+00 3.271770499612267069e-01 4.778636928265349582e+00
5.047050840296456009e+00 3.281844752251922293e-01 4.758113023085932092e+00
5.056763644855506001e+00 3.294234644921206767e-01 4.733077956505532313e+00
5.066671669146184165e+00 3.309045372137006669e-01 4.703446290789194961e+00
5.076766590265632928e+00 3.326375413632777223e-01 4.669175878325768636e+00
5.087041766637678819e+00 3.346317578154359706e-01 4.630266449904769210e+00
5.097492118149985707e+00 3.368960068292217169e-01 4.586757621272729679e+00
5.108114047396340673e+00 3.394387586030693238e-01 4.538726333447530514e+00
5.118905386152500903e+00 3.422682479949576417e-01 4.486283801417162209e+00
5.129865356126603437e+00 3.453925923904634931e-01 4.429572082205575967e+00
5.140994535935543119e+00 3.488199108306674900e-01 4.368760396249124156e+00
5.152294829737845028e+00 3.525584423759404729e-01 4.304041336836530895e+00
5.163769434767700339e+00 3.566166616352803298e-01 4.235627094754687683e+00
5.175422807386824253e+00 3.610033899338881969e-01 4.163745802471263247e+00
5.187260627414410408e+00 3.657279007105640467e-01 4.088638084190814759e+00
5.199289762674112580e+00 3.708000187661738001e-01 4.010553864295658855e+00
5.211518234961877383e+00 3.762302131228445479e-01 3.929749469428452713e+00
5.223955188964434448e+00 3.820296837328535644e-01 3.846485038243264931e+00
5.236610865902988188e+00 3.882104427586272610e-01 3.761022234797802621e+00
5.249496582980812676e+00 3.947853911587231868e-01 3.673622253446975350e+00
5.262624719570839993e+00 4.017683914613833784e-01 3.584544095156192878e+00
5.276008710958818959e+00 4.091743377101339507e-01 3.494043090207756386e+00
5.289663049797731276e+00 4.170192233016656314e-01 3.402369643664910459e+00
5.303603295730505707e+00 4.253202076024233391e-01 3.309768176836836773e+00
5.317846093082488679e+00 4.340956818929342931e-01 3.216476242106566019e+00
5.332409196607549973e+00 4.433653351371044105e-01 3.122723789195126720e+00
5.347311505248565133e+00 4.531502199455689772e-01 3.028732562951826246e+00
5.362573103624742821e+00 4.634728187929036403e-01 2.934715616468094534e+00
5.378215311534013665e+00 4.743571107533401388e-01 2.840876921901694718e+00
5.394260741222422162e+00 4.858286384935835978e-01 2.747411067158043174e+00
5.410733362494107190e+00 4.979145752488710608e-01 2.654503026665679943e+00
5.427658576487432107e+00 5.106437918440639434e-01 2.562327992539313648e+00
5.445063298245048422e+00 5.240469231061524180e-01 2.471051259090077057e+00
5.462976049989583416e+00 5.381564341046459754e-01 2.380828146621014607e+00
5.481427066171346674e+00 5.530066858179745193e-01 2.291803958891686754e+00
5.500448413947339077e+00 5.686340016081458115e-01 2.204113959747679541e+00
5.520074133315355347e+00 5.850767362162149210e-01 2.117883358783745340e+00
5.540340403904884248e+00 6.023753511221960899e-01 2.033227291796304570e+00
5.561285749099925901e+00 6.205725031667369551e-01 1.950250778613636493e+00
5.582951293659287550e+00 6.397131581316118920e-01 1.869048636587654189e+00
5.605381099398822897e+00 6.598447485760399189e-01 1.789705321585185471e+00
5.628622617476767509e+00 6.810174081709350347e-01 1.712294655384728470e+00
5.652727316316787487e+00 7.032843341727805786e-01 1.636879384611338084e+00
5.677751578965100521e+00 7.267023628142652569e-01 1.563510487981988994e+00
5.703758021076779094e+00 7.513328975302890900e-01 1.492226103687388061e+00
5.730817475991295318e+00 7.772434217917890686e-01 1.423049879611274493e+00
5.759012064406532794e+00 8.045099932176028590e-01 1.355988416892815129e+00
5.788440072591676255e+00 8.332214109002695768e-01 1.291027253249312334e+00
5.819223941351594931e+00 8.634863036041577899e-01 1.228124415583269791e+00
5.851523773854013122e+00 8.954454441462129655e-01 1.167199831879651706e+00
5.885560826266426737e+00 9.292935392210623924e-01 1.108117759095806232e+00
5.921658162282607663e+00 9.653171790146031217e-01 1.050659401222183709e+00
5.960297345580331196e+00 1.003946568012649143e+00 9.945008549209894966e-01
6.002035549175978701e+00 1.045662626730533118e+00 9.394026468074362368e-01
6.045998909512043440e+00 1.089481169699534124e+00 8.869361987212048826e-01
6.084928702031811909e+00 1.128086081603405955e+00 8.447357274682523176e-01
6.124163624402820361e+00 1.166720225471799433e+00 8.058358471131306100e-01
6.158782405903403756e+00 1.200513716174432588e+00 7.742585735737368413e-01
6.193588579595946442e+00 1.234148760122013355e+00 7.448785774921575786e-01
6.228394753288489127e+00 1.267380088915474934e+00 7.176792142042226486e-01
6.258536194177255929e+00 1.295782747575870752e+00 6.957527464141461948e-01
6.288808245503212824e+00 1.323913237029229695e+00 6.751443938362946540e-01
6.319080296829169718e+00 1.351603265489176531e+00 6.558598942929576570e-01
6.345852035203601638e+00 1.375687654548996885e+00 6.398412335992976763e-01
6.372703123707060158e+00 1.399427979026406366e+00 6.246967210072493781e-01
6.399554212210518678e+00 1.422717640816331564e+00 6.104270872399324421e-01
6.423536079745566951e+00 1.443108317730510626e+00 5.983861020762070160e-01
6.447573602096509759e+00 1.463129998428054357e+00 5.869538010543884354e-01
6.471611124447452568e+00 1.482707052201995834e+00 5.761326734857531440e-01
6.495648646798395376e+00 1.501810564595773334e+00 5.658988128788446925e-01
6.516526070349573985e+00 1.517995108382296676e+00 5.574699718883420196e-01
6.537453948654253111e+00 1.533817070547167427e+00 5.494358666125308543e-01
6.558381826958932237e+00 1.549215673833761686e+00 5.418054445534469243e-01
6.579309705263611363e+00 1.564169045155273885e+00 5.345678529502674303e-01
6.597756607184607880e+00 1.576962582463467211e+00 5.285061627390003069e-01
6.616235467376713864e+00 1.589397990246246284e+00 5.227262100861351790e-01
6.634714327568819847e+00 1.601436453427292461e+00 5.172332147529221658e-01
6.653193187760925831e+00 1.613061279889756117e+00 5.120221948616449081e-01
6.669731509008951065e+00 1.623100653590566322e+00 5.075938672590277756e-01
6.686288987115499793e+00 1.632793677893509710e+00 5.033802426882790781e-01
6.702846465222048522e+00 1.642115924285816986e+00 4.993840444061226069e-01
6.719403943328597251e+00 1.651054677349456323e+00 4.956030401579994971e-01
6.735961421435145979e+00 1.659597147194618483e+00 4.920352854314796742e-01
6.750661093168653260e+00 1.666838704900713175e+00 4.890451913488553237e-01
6.765372185088298629e+00 1.673754111907533870e+00 4.862187251316813508e-01
6.780083277007943998e+00 1.680328708753196620e+00 4.835574220037324733e-01
6.794794368927589368e+00 1.686553687935642865e+00 4.810605695756018929e-01
6.809505460847234737e+00 1.692420385971313834e+00 4.787275849429100671e-01
6.824216552766880106e+00 1.697920331572083441e+00 4.765580035655787028e-01
6.837305210650059806e+00 1.702498727935495282e+00 4.747647709728179399e-01
6.850397402673339187e+00 1.706775804557423948e+00 4.730999817831961773e-01
6.863489594696618568e+00 1.710744900347492603e+00 4.715640015324754630e-01
6.876581786719897949e+00 1.714400881518005848e+00 4.701567397203648135e-01
6.889673978743177329e+00 1.717738897698062983e+00 4.688781444283040001e-01
6.902766170766456710e+00 1.720754414567646773e+00 4.677281953742508658e-01
6.915858362789736091e+00 1.723443245940628810e+00 4.667068971183179205e-01
6.927454981437678683e+00 1.725549014525688873e+00 4.659097296627798257e-01
6.939051600085621274e+00 1.727393099964655176e+00 4.652135410466826659e-01
6.950648218733563866e+00 1.728973389613738032e+00 4.646183596364233948e-01
6.962244837381506457e+00 1.730288050895437468e+00 4.641242152602815807e-01
6.973841456029449049e+00 1.731335543416938849e+00 4.637311366709683802e-01
6.985438074677391640e+00 1.732114629371273029e+00 4.634391493695332320e-01
6.995593553847492707e+00 1.732575713252310745e+00 4.632664919067945308e-01
7.005749033017593774e+00 1.732829818450842829e+00 4.631713868029462833e-01
7.015904512187694841e+00 1.732876711487583377e+00 4.631538395918664563e-01
7.026059991357795909e+00 1.732716349228743180e+00 4.632138513064025798e-01
7.036215470527896976e+00 1.732348879120165108e+00 4.633514184294595939e-01
7.046370949697998043e+00 1.731774638387625798e+00 4.635665330610644341e-01
7.056662718444973059e+00 1.730982278381311579e+00 4.638636379442848678e-01
7.067199452601329313e+00 1.729952392604361844e+00 4.642502941405313721e-01
7.077966883972442780e+00 1.728672438766103436e+00 4.647316055101045063e-01
7.088953366777206000e+00 1.727130728666617099e+00 4.653124839591590289e-01
7.100149597154906900e+00 1.725316282450969574e+00 4.659977187985254732e-01
7.111548417599110827e+00 1.723218684170546799e+00 4.667920460103782698e-01
7.123144681773070808e+00 1.720827935069892733e+00 4.677002191633696238e-01
7.134935156148268121e+00 1.718134304119262490e+00 4.687270826324880235e-01
7.146918437557706838e+00 1.715128178184422758e+00 4.698776467617076236e-01
7.159094880617256074e+00 1.711799913339711043e+00 4.711571649989361732e-01
7.171466526734090685e+00 1.708139690315037873e+00 4.725712125140463238e-01
7.184037033535416228e+00 1.704137375971092272e+00 4.741257662675277262e-01
7.196811603801507751e+00 1.699782392599171965e+00 4.758272865761599690e-01
7.209796916160543745e+00 1.695063595610580842e+00 4.776828007489548611e-01
7.223001057945014125e+00 1.689969160319751085e+00 4.796999893805738990e-01
7.236433463951730261e+00 1.684486476881098094e+00 4.818872766256671603e-01
7.250104860372799997e+00 1.678602053603005739e+00 4.842539254431210138e-01
7.264027217298988148e+00 1.672301426964582616e+00 4.868101397065630054e-01
7.278213709748102112e+00 1.665569077653339836e+00 4.895671748897108544e-01
7.292678687776556146e+00 1.658388351598968802e+00 4.925374594182067023e-01
7.307437656245200586e+00 1.650741384859619076e+00 4.957347291356866137e-01
7.322507263954075363e+00 1.642609031604884473e+00 4.991741775469030751e-01
7.337905302141984443e+00 1.633970794371335300e+00 5.028726249799536641e-01
7.353650711530504758e+00 1.624804756319302657e+00 5.068487101219443236e-01
7.369763598564034623e+00 1.615087514547648428e+00 5.111231083319794921e-01
7.386265259293716134e+00 1.604794114928868254e+00 5.157187813387321684e-01
7.403178211732307723e+00 1.593897987770443780e+00 5.206612644088405295e-01
7.420526235699192341e+00 1.582370884862523974e+00 5.259789977315924014e-01
7.438334420930599933e+00 1.570182817615921378e+00 5.317037106304927097e-01
7.456629223565925280e+00 1.557301996586824666e+00 5.378708688036910601e-01
7.475438531909604833e+00 1.543694772381249303e+00 5.445201972512963007e-01
7.494791743669590112e+00 1.529325577166393169e+00 5.516962948631795038e-01
7.514719856485132965e+00 1.514156866414218650e+00 5.594493602204743121e-01
7.535255577268819671e+00 1.498149057845091114e+00 5.678360543683727002e-01
7.556433456236219648e+00 1.481260464135787158e+00 5.769205330087189276e-01
7.578290056309953115e+00 1.463447212045306367e+00 5.867756912251774759e-01
7.600864174040966148e+00 1.444663135715500424e+00 5.974846783463645394e-01
7.624197136461553725e+00 1.424859624233438593e+00 6.091427613917174133e-01
7.648333211597893033e+00 1.403985390956632440e+00 6.218596465448792410e-01
7.673320192534090367e+00 1.381986110841224358e+00 6.357624158905479383e-01
7.699210247974683341e+00 1.358803839595535301e+00 6.509993102904282347e-01
7.726061191449301369e+00 1.334376070542916626e+00 6.677447110343902592e-01
7.753938416758948904e+00 1.308634190630183713e+00 6.862058749293461490e-01
7.782917921135945605e+00 1.281500925318889816e+00 7.066323344899542169e-01
7.813091148859185431e+00 1.252886054066552513e+00 7.293295244073918493e-01
7.844572982159534469e+00 1.222679091135280283e+00 7.546794432000758501e-01
7.877515354552434346e+00 1.190736493592528866e+00 7.831736557569787260e-01
7.912131161897942633e+00 1.156858796497747921e+00 8.154690929325383308e-01
7.948736376291996919e+00 1.120749950378995496e+00 8.524870302782684428e-01
7.987811895179463662e+00 1.081957854363683635e+00 8.955823344393641916e-01
8.029935279922764124e+00 1.039947868696668110e+00 9.466377148181837065e-01
8.074216542233658700e+00 9.956814638581847898e-01 1.006077436265292224e+00
8.112862448902822265e+00 9.570541331400689300e-01 1.063380998334679584e+00
8.151855491530538345e+00 9.181722444463821242e-01 1.126953964260262619e+00
8.185943028135447719e+00 8.843252178253437901e-01 1.187799631956359070e+00
8.220234752068252604e+00 8.504730924095981193e-01 1.254513072222694037e+00
8.254526476001057489e+00 8.168815374766451587e-01 1.327325039213558711e+00
8.283896662638660757e+00 7.883673272916688068e-01 1.395018399643815910e+00
8.313409727282421002e+00 7.599979152202986921e-01 1.468461750059919302e+00
8.342922791926181247e+00 7.319577454378177750e-01 1.547816902445868115e+00
8.368795431904191062e+00 7.076843637481715632e-01 1.622648901150491207e+00
8.394754092221960562e+00 6.836545771105022595e-01 1.703054647962959134e+00
8.420712752539730062e+00 6.599848350140700148e-01 1.789173515547492599e+00
8.443733833517852005e+00 6.393245994189641346e-01 1.870639147506852673e+00
8.466814504736548841e+00 6.189514350551935662e-01 1.957405463220345920e+00
8.489895175955245676e+00 5.989476843281962282e-01 2.049536012657559247e+00
8.510553895368079935e+00 5.813806427950223288e-01 2.136757343357783778e+00
8.531255425998535813e+00 5.641203406523552788e-01 2.228843302365259404e+00
8.551956956628991691e+00 5.472268805406743652e-01 2.325763811397615122e+00
8.572658487259447568e+00 5.307245902748100042e-01 2.427633407805153354e+00
8.590724443479640371e+00 5.166626830250233837e-01 2.520635608354094614e+00
8.608828770691225429e+00 5.029066232501703260e-01 2.617686917965958759e+00
8.626933097902810488e+00 4.895047813371468104e-01 2.718568537951221220e+00
8.645037425114395546e+00 4.764759044035739022e-01 2.823206723997659484e+00
8.661103637348757545e+00 4.652416764327824139e-01 2.919106521893530370e+00
8.677193588682632353e+00 4.543143634084295113e-01 3.017872902194121298e+00
8.693283540016507160e+00 4.437250484050673793e-01 3.119180278987069954e+00
8.709373491350381968e+00 4.334882815062420236e-01 3.222787671685611866e+00
8.725463442684256776e+00 4.236188780804350795e-01 3.328392785893764305e+00
8.739618834373343859e+00 4.152518100164400705e-01 3.422660731608080376e+00
8.753789863516152181e+00 4.071823371452890639e-01 3.517997260017464711e+00
8.767960892658960503e+00 3.994303295645367236e-01 3.613953380140302762e+00
8.782131921801768826e+00 3.920062855665670254e-01 3.710135380284479645e+00
8.796302950944577148e+00 3.849206990062169487e-01 3.806100291898275589e+00
8.810473980087385470e+00 3.781840129405684148e-01 3.901355875618758073e+00
8.822988269389854921e+00 3.725332813114432540e-01 3.984454677510046672e+00
8.835509281388160829e+00 3.671669233820425982e-01 4.066221472569811368e+00
8.848030293386466738e+00 3.620949536985028083e-01 4.146183688082235363e+00
8.860551305384772647e+00 3.573241113265513413e-01 4.223891450872908848e+00
8.873072317383078556e+00 3.528609348538289670e-01 4.298876685724258628e+00
8.885593329381384464e+00 3.487117244469708499e-01 4.370658060000295109e+00
8.898114341379690373e+00 3.448825028694425532e-01 4.438746815715870930e+00
8.909236122780704648e+00 3.417541621531440810e-01 4.495734571746899277e+00
8.920358596955219710e+00 3.388863890674168600e-01 4.549086795680739037e+00
8.931481071129734772e+00 3.362829078698943430e-01 4.598469265828321717e+00
8.942603545304249835e+00 3.339469752023890292e-01 4.643564477529523060e+00
8.953726019478764897e+00 3.318815627686336756e-01 4.684072656755161823e+00
8.964848493653279959e+00 3.300893382421571376e-01 4.719716408747592240e+00
8.975970967827795022e+00 3.285726476062644785e-01 4.750245222148666180e+00
8.985762268700762334e+00 3.274671256319266477e-01 4.772711787036785225e+00
8.995553569573729646e+00 3.265778373349246810e-01 4.790916567306695129e+00
9.005344870446696959e+00 3.259057103076251627e-01 4.804754941007929325e+00
9.015136171319664271e+00 3.254514495000226937e-01 4.814146539599508223e+00
9.024927472192631583e+00 3.252155332578255953e-01 4.819036404921404504e+00
9.033443740542322686e+00 3.251880841011227652e-01 4.819605899976697749e+00
9.041960008892013789e+00 3.253260298965834907e-01 4.816745067793969604e+00
9.050662434230750009e+00 3.256377331095595129e-01 4.810291422571011388e+00
9.059623594420260773e+00 3.261387908447504480e-01 4.799948310454031919e+00
9.068824009726373703e+00 3.268428733497441563e-01 4.785478531466284657e+00
9.078247653261312777e+00 3.277625570900514207e-01 4.766690181096632450e+00
9.087881259937537592e+00 3.289094749043189880e-01 4.743436180581748651e+00
9.097713844471131850e+00 3.302944381262634677e-01 4.715613856239914803e+00
9.107736379865063014e+00 3.319275455683677323e-01 4.683164226183466283e+00
9.117941582541396528e+00 3.338182879022699723e-01 4.646070809305667737e+00
9.128323771511503537e+00 3.359756530245600059e-01 4.604357860605951203e+00
9.138878775554045930e+00 3.384082348972101695e-01 4.558088027760321737e+00
9.149603871548338319e+00 3.411243467544008978e-01 4.507359480004791585e+00
9.160497740408468204e+00 3.441321378473212178e-01 4.452302611781346897e+00
9.171560432579546784e+00 3.474397123765449735e-01 4.393076443414047461e+00
9.182793336383653582e+00 3.510552483954808012e-01 4.329864858820760887e+00
9.194199146040105575e+00 3.549871146314665937e-01 4.262872810971686910e+00
9.205781828509724818e+00 3.592439835972787154e-01 4.192322606839144150e+00
9.217546588273203056e+00 3.638349393233061280e-01 4.118450369181259063e+00
9.229499831627206774e+00 3.687695790585144295e-01 4.041502738473900180e+00
9.241649131848062027e+00 3.740581085973890274e-01 3.961733857630437061e+00
9.254003196908614726e+00 3.797114314047370098e-01 3.879402659707355649e+00
9.266571840933348625e+00 3.857412318616157965e-01 3.794770464457466019e+00
9.279365961387773254e+00 3.921600536543882742e-01 3.708098870076836473e+00
9.292397522407243926e+00 3.989813738759532824e-01 3.619647926648392744e+00
9.305679545600725078e+00 4.062196740143404483e-01 3.529674564679726956e+00
9.319226108419478294e+00 4.138905085080346047e-01 3.438431256463054364e+00
9.333052350570305578e+00 4.220105717619321295e-01 3.346164883576922655e+00
9.347174488539385706e+00 4.305977642861029686e-01 3.253115786499776618e+00
9.361609838193922783e+00 4.396712584873619378e-01 3.159516973940168949e+00
9.376376845376265479e+00 4.492515645019188875e-01 3.065593471489442390e+00
9.391495124481709311e+00 4.593605963719477048e-01 2.971561790773796119e+00
9.406985504713372137e+00 4.700217385128302450e-01 2.877629504386824077e+00
9.422870084323353268e+00 4.812599126398193761e-01 2.783994910258615896e+00
9.439172292594378177e+00 4.931016447620314436e-01 2.690846774891710869e+00
9.455916960234013402e+00 5.055751322726269592e-01 2.598364141651376080e+00
9.473130398335662505e+00 5.187103105894234067e-01 2.506716195897098043e+00
9.490840487300250317e+00 5.325389194758552991e-01 2.416062174433807552e+00
9.509076776877508408e+00 5.470945687911964450e-01 2.326551311570214331e+00
9.527870600308865789e+00 5.624128046070671072e-01 2.238322808770280226e+00
9.547255205965637259e+00 5.785311767915957137e-01 2.151505818894141164e+00
9.567265912742444200e+00 5.954893113242037961e-01 2.066219430145743718e+00
9.587940297905822362e+00 6.133289925829621403e-01 1.982572635390111637e+00
9.609318431430333263e+00 6.320942653989143345e-01 1.900664265672395770e+00
9.631443177387776444e+00 6.518315725454654208e-01 1.820582863778124949e+00
9.654360594756481007e+00 6.725899541410484961e-01 1.742406462066448558e+00
9.678120487654638282e+00 6.944213520207248580e-01 1.666202215322133418e+00
9.702777182960268476e+00 7.173810887393520241e-01 1.592025818733842746e+00
9.728390660441332827e+00 7.415286360446444736e-01 1.519920603119019553e+00
9.755028237989490592e+00 7.669288622807437505e-01 1.449916142336449276e+00
9.782767151256296145e+00 7.936540799798871282e-01 1.382026101984781263e+00
9.811698607719884890e+00 8.217874469983097452e-01 1.316244882765114088e+00
9.841934346478474538e+00 8.514287087135331555e-01 1.252542279421458238e+00
9.873617590703680946e+00 8.827040890199701062e-01 1.190854785482590161e+00
9.906941911168459569e+00 9.157836896268743976e-01 1.131071173030149479e+00
9.942184208653271682e+00 9.509122522489392715e-01 1.073009036653834736e+00
9.979757818101468558e+00 9.884584203152948501e-01 1.016384966004464596e+00
1.000000000000000000e+01 1.008700089483178131e+00 9.879457945984884137e-01
