-57.8594 1.08736
-57.8748 1.12305

-57.874 1.12305
-57.8928 1.1792

-57.893 1.1792
-57.9079 1.23535

-57.9155 1.27555
-57.9185 1.2915

-57.9184 1.2915
-57.9245 1.34766

-57.9155 1.27531
-57.9081 1.23535

-57.9252 1.34766
-57.9259 1.40381

-57.9257 1.40381
-57.92 1.45996

-57.9207 1.45996
-57.9155 1.48212

-57.9155 1.48197
-57.9075 1.51611

-57.9073 1.51611
-57.8856 1.57227

-57.8865 1.57227
-57.8594 1.61984

-57.4102 0.30839
-57.4274 0.336914

-57.4663 0.411162
-57.4872 0.449219

-57.4245 0.336914
-57.4553 0.393066

-57.4663 0.411114
-57.4564 0.393066

-57.7471 0.871945
-57.7634 0.898438

-57.6909 0.783119
-57.6929 0.786133

-57.6348 0.696641
-57.6564 0.72998

-57.6909 0.782802
-57.6567 0.72998

-57.6927 0.786133
-57.7283 0.842285

-57.7471 0.872104
-57.7289 0.842285

-57.5225 0.512474
-57.5505 0.561523

-57.5786 0.60819
-57.5843 0.617676

-57.5842 0.617676
-57.6197 0.673828

-57.5786 0.609155
-57.5499 0.561523

-57.4858 0.449219
-57.5171 0.505371

-57.5225 0.514166
-57.5173 0.505371

-57.6348 0.697835
-57.6192 0.673828

-57.354 0.201798
-57.3712 0.224609

-57.2979 0.142264
-57.3184 0.168457

-57.354 0.202008
-57.3286 0.168457

-57.2417 0.08068
-57.2681 0.112305

-57.1857 0
-57.2089 0.0561523

-57.2417 0.0860581
-57.2167 0.0561523

-57.2979 0.150933
-57.2609 0.112305

-57.3597 0.224609
-57.3899 0.280762

-57.4102 0.309298
-57.3936 0.280762

-57.1855 0.0184791
-57.1779 0

-57.8032 0.968797
-57.8252 1.01074

-57.763 0.898438
-57.7952 0.95459

-57.8032 0.968609
-57.7959 0.95459

-57.8249 1.01074
-57.8511 1.06689

-57.8594 1.08647
-57.8515 1.06689

-57.8594 1.62256
-57.8563 1.62842

-57.8561 1.62842
-57.8202 1.68457

-57.8196 1.68457
-57.8032 1.70679

-57.8032 1.70681
-57.7783 1.74072

-57.7783 1.74072
-57.7471 1.77931

-57.7471 1.77926
-57.7328 1.79688

-56.0625 1.54643
-56.0786 1.57227

-56.231 1.79409
-56.2327 1.79688

-56.1748 1.70963
-56.1963 1.74072

-56.231 1.79377
-56.1974 1.74072

-56.1187 1.62993
-56.1575 1.68457

-56.0785 1.57227
-56.1166 1.62842

-56.1187 1.63128
-56.1166 1.62842

-56.1748 1.70888
-56.1592 1.68457

-57.732 1.79688
-57.6909 1.84503

-57.6909 1.845
-57.6841 1.85303

-57.6842 1.85303
-57.6351 1.90918

-57.6348 1.9092
-57.585 1.96533

-57.585 1.96533
-57.5786 1.97249

-57.5786 1.97287
-57.5349 2.02148

-57.5343 2.02148
-57.5225 2.03467

-57.5225 2.03472
-57.4835 2.07764

-57.4834 2.07764
-57.4663 2.09662

-57.4663 2.09652
-57.4328 2.13379

-57.4319 2.13379
-57.4102 2.15972

-57.4102 2.15933
-57.3833 2.18994

-57.383 2.18994
-57.354 2.22523

-57.354 2.22422
-57.336 2.24609

-57.3356 2.24609
-57.2979 2.29888

-57.2979 2.29828
-57.2949 2.30225

-57.2946 2.30225
-57.2564 2.3584

-57.256 2.3584
-57.2417 2.38202

-57.2417 2.38219
-57.222 2.41455

-57.2223 2.41455
-57.1922 2.4707

-57.192 2.4707
-57.1855 2.48442

-57.1855 2.48474
-57.1654 2.52686

-57.1657 2.52686
-57.1412 2.58301

-57.1419 2.58301
-57.1294 2.61179

-57.1294 2.612
-57.1176 2.63916

-57.1173 2.63916
-57.0922 2.69531

-57.0964 2.69531
-57.0732 2.73104

-57.0732 2.73583
-57.0652 2.75146

-57.0652 2.75146
-57.0289 2.80762

-57.0346 2.80762
-57.0171 2.82529

-57.0171 2.82577
-56.9792 2.86377

-56.9781 2.86377
-56.9609 2.88095

-56.5117 2.20846
-56.5437 2.24609

-56.5679 2.28448
-56.5792 2.30225

-56.5788 2.30225
-56.6019 2.3584

-56.5679 2.28421
-56.5437 2.24609

-56.6017 2.3584
-56.6136 2.41455

-56.6135 2.41455
-56.6147 2.4707

-56.6131 2.4707
-56.6071 2.52686

-56.607 2.52686
-56.5975 2.58301

-56.5953 2.58301
-56.5869 2.63916

-56.5862 2.63916
-56.5844 2.69531

-56.2871 1.90615
-56.2884 1.90918

-56.2871 1.91309
-56.3099 1.96533

-56.3093 1.96533
-56.3392 2.02148

-56.3994 2.09591
-56.4366 2.13379

-56.4556 2.15103
-56.4936 2.18994

-56.5117 2.21109
-56.4938 2.18994

-56.4556 2.15114
-56.4385 2.13379

-56.3433 2.03126
-56.3784 2.07764

-56.3994 2.09532
-56.3823 2.07764

-56.3433 2.03032
-56.3366 2.02148

-56.2335 1.79688
-56.2635 1.85303

-56.2871 1.90842
-56.263 1.85303

-56.2871 1.91685
-56.283 1.90918

-56.9609 2.87902
-56.9048 2.91206

-56.9048 2.90966
-56.8705 2.91992

-56.8744 2.91992
-56.8486 2.93234

-56.8486 2.93185
-56.7363 2.92123

-56.6802 2.89149
-56.7363 2.91992

-56.624 2.83771
-56.645 2.86377

-56.6802 2.8888
-56.6439 2.86377

-56.5848 2.69531
-56.59 2.75146

-56.5864 2.75146
-56.6051 2.80762

-56.624 2.83594
-56.6079 2.80762

-55.8379 0.619124
-55.8686 0.673828

-55.894 0.767134
-55.8976 0.786133

-55.868 0.673828
-55.8879 0.72998

-55.894 0.766383
-55.8872 0.72998

-55.8969 0.786133
-55.9015 0.842285

-55.9008 0.842285
-55.9022 0.898438

-55.7817 0.552036
-55.7914 0.561523

-55.7817 0.551024
-55.7256 0.506056

-55.8379 0.617226
-55.7914 0.561523

-55.8379 0.621231
-55.8359 0.617676

-55.6694 0.478209
-55.7179 0.505371

-55.7256 0.509096
-55.7189 0.505371

-55.6694 0.477844
-55.6133 0.45331

-55.5571 0.43409
-55.6007 0.449219

-55.5571 0.434248
-55.501 0.41899

-55.501 0.419735
-55.4448 0.408847

-55.4448 0.408964
-55.3887 0.400721

-55.3887 0.400864
-55.3325 0.394746

-55.2764 0.390346
-55.3101 0.393066

-55.3325 0.394868
-55.3102 0.393066

-55.2764 0.390409
-55.2202 0.38711

-55.2202 0.387193
-55.1641 0.384826

-55.6133 0.456383
-55.5903 0.449219

-55.9016 0.898438
-55.9023 0.95459

-55.9024 0.95459
-55.9036 1.01074

-55.9031 1.01074
-55.9054 1.06689

-55.9055 1.06689
-55.9099 1.12305

-55.9502 1.3156
-55.961 1.34766

-55.9095 1.12305
-55.9168 1.1792

-55.9167 1.1792
-55.9275 1.23535

-55.9502 1.31484
-55.9262 1.23535

-56.0063 1.44766
-56.0124 1.45996

-55.9607 1.34766
-55.9841 1.40381

-56.0063 1.44759
-55.9848 1.40381

-56.012 1.45996
-56.0434 1.51611

-56.0625 1.54542
-56.0443 1.51611

-55.9502 1.34812
-55.95 1.34766

-55.1641 0.384923
-55.1079 0.383126

-55.1079 0.383255
-55.0518 0.381579

-55.0518 0.381747
-54.9956 0.379597

-54.9956 0.37978
-54.9395 0.376452

-54.9395 0.376572
-54.8833 0.371459

-54.8833 0.371416
-54.8271 0.364362

-54.8271 0.364146
-54.771 0.35567

-54.771 0.355749
-54.7148 0.346128

-54.6587 0.333198
-54.677 0.336914

-54.6587 0.333239
-54.6025 0.322928

-54.7148 0.346035
-54.6612 0.336914

-54.6025 0.323465
-54.5464 0.316622

-54.5464 0.316749
-54.4902 0.312047

-54.4902 0.312117
-54.4341 0.309162

-54.4341 0.309314
-54.3779 0.307664

-54.3779 0.307788
-54.3218 0.306891

-54.3218 0.306966
-54.2656 0.306422

-54.2656 0.306468
-54.2095 0.306036

-54.2095 0.306061
-54.1533 0.305598

-54.1533 0.305611
-54.0972 0.30504

-54.0972 0.30504
-54.041 0.304337

-54.041 0.304332
-53.9849 0.303506

-53.9849 0.303497
-53.9287 0.302574

-53.9287 0.302566
-53.8726 0.301582

-53.8726 0.301574
-53.8164 0.300563

-53.8164 0.300556
-53.7603 0.299548

-53.7603 0.299543
-53.7041 0.298562

-53.7041 0.298558
-53.6479 0.297621

-53.6479 0.297619
-53.5918 0.296739

-53.5918 0.296738
-53.5356 0.295922

-53.5356 0.295922
-53.4795 0.295171

-53.4795 0.295172
-53.4233 0.294484

-53.4233 0.294486
-53.3672 0.293857

-53.3672 0.293859
-53.311 0.293284

-53.311 0.293286
-53.2549 0.292755

-53.2549 0.292758
-53.1987 0.292263

-53.1987 0.292266
-53.1426 0.291798

-53.1426 0.2918
-53.0864 0.291352

-53.0864 0.291353
-53.0303 0.290916

-53.0303 0.290917
-52.9741 0.290485

-52.9741 0.290486
-52.918 0.290054

-52.918 0.290055
-52.8618 0.289619

-52.8618 0.28962
-52.8057 0.289178

-52.8057 0.289178
-52.7495 0.288728

-52.7495 0.288728
-52.6934 0.288267

-52.6934 0.288267
-52.6372 0.287794

-52.6372 0.287794
-52.5811 0.287307

-52.5811 0.287307
-52.5249 0.286805

-52.5249 0.286806
-52.4688 0.286288

-52.4688 0.286288
-52.4126 0.285754

-52.4126 0.285754
-52.3564 0.285203

-52.3564 0.285203
-52.3003 0.284637

-52.3003 0.284637
-52.2441 0.284053

-52.2441 0.284052
-52.188 0.283454

-52.188 0.283451
-52.1318 0.282845

-52.1318 0.282841
-52.0757 0.282242

-52.0757 0.282249
-52.0195 0.281651

-52.0195 0.28168
-51.9634 0.281012

-51.9072 0.280209
-51.9464 0.280762

-51.9634 0.281031
-51.9443 0.280762

-51.9072 0.280189
-51.8511 0.279335

-51.8511 0.279333
-51.7949 0.278481

-51.7949 0.27848
-51.7388 0.277636

-51.7388 0.277636
-51.6826 0.276801

-51.6826 0.2768
-51.6265 0.275975

-51.6265 0.275974
-51.5703 0.275162

-51.5703 0.275161
-51.5142 0.274365

-51.5142 0.274364
-51.458 0.273586

-51.458 0.273585
-51.4019 0.272828

-51.4019 0.272828
-51.3457 0.272092

-51.3457 0.272092
-51.2896 0.271379

-51.2896 0.271379
-51.2334 0.270689

-51.2334 0.270689
-51.1772 0.270022

-51.1772 0.270022
-51.1211 0.269378

-51.1211 0.269378
-51.0649 0.268758

-51.0649 0.268758
-51.0088 0.268161

-51.0088 0.268161
-50.9526 0.267589

-50.9526 0.267589
-50.8965 0.267042

-50.8965 0.267042
-50.8403 0.266521

-50.8403 0.266521
-50.7842 0.266029

-50.7842 0.266028
-50.728 0.265566

-50.728 0.265566
-50.6719 0.265137

-50.6719 0.265136
-50.6157 0.264742

-50.6157 0.264742
-50.5596 0.264385

-50.5596 0.264384
-50.5034 0.264069

-50.5034 0.264068
-50.4473 0.263796

-50.4473 0.263795
-50.3911 0.263569

-50.3911 0.263568
-50.335 0.263393

-50.335 0.263392
-50.2788 0.263271

-50.2788 0.26327
-50.2227 0.263206

-50.2227 0.263205
-50.1665 0.263201

-50.1665 0.263201
-50.1104 0.263258

-50.1104 0.263258
-50.0542 0.263378

-50.0542 0.263379
-49.998 0.263559

-49.998 0.26356
-49.9419 0.263799

-49.9419 0.2638
-49.8857 0.264092

-49.8857 0.264093
-49.8296 0.264432

-49.8296 0.264434
-49.7734 0.264812

-49.7734 0.264814
-49.7173 0.265224

-49.7173 0.265226
-49.6611 0.265659

-49.6611 0.265661
-49.605 0.266108

-49.605 0.26611
-49.5488 0.26656

-49.5488 0.266563
-49.4927 0.267007

-49.4927 0.26701
-49.4365 0.267437

-49.4365 0.26744
-49.3804 0.26784

-49.3804 0.267842
-49.3242 0.268205

-49.3242 0.268208
-49.2681 0.268524

-49.2681 0.268525
-49.2119 0.268786

-49.2119 0.268788
-49.1558 0.268987

-49.1558 0.268988
-49.0996 0.26912

-49.0996 0.269121
-49.0435 0.269184

-49.0435 0.269183
-48.9873 0.269176

-48.9873 0.269176
-48.9312 0.269099

-48.9312 0.269098
-48.875 0.268955

-48.875 0.268953
-48.8188 0.268747

-48.8188 0.268746
-48.7627 0.268482

-48.7627 0.268481
-48.7065 0.268165

-48.7065 0.268163
-48.6504 0.267802

-48.6504 0.267801
-48.5942 0.2674

-48.5942 0.267399
-48.5381 0.266965

-48.5381 0.266964
-48.4819 0.266502

-48.4819 0.266501
-48.4258 0.266016

-48.4258 0.266015
-48.3696 0.265509

-48.3696 0.265509
-48.3135 0.264986

-48.3135 0.264985
-48.2573 0.264448

-48.2573 0.264448
-48.2012 0.263897

-48.2012 0.263897
-48.145 0.263335

-48.145 0.263335
-48.0889 0.262766

-48.0889 0.262765
-48.0327 0.262193

-48.0327 0.262191
-47.9766 0.261623

-47.9766 0.26162
-47.9204 0.261064

-47.9204 0.261061
-47.8643 0.260526

-47.8643 0.260523
-47.8081 0.260024

-47.8081 0.26002
-47.752 0.25957

-47.752 0.259566
-47.6958 0.25918

-47.6958 0.259177
-47.6396 0.258871

-47.6396 0.258867
-47.5835 0.258657

-47.5835 0.258653
-47.5273 0.258551

-47.5273 0.258548
-47.4712 0.258565

-47.4712 0.258563
-47.415 0.258709

-47.415 0.258708
-47.3589 0.25899

-47.3589 0.258989
-47.3027 0.259413

-47.3027 0.259412
-47.2466 0.25998

-47.2466 0.25998
-47.1904 0.260694

-47.1904 0.260694
-47.1343 0.261556

-47.1343 0.261556
-47.0781 0.262565

-47.0781 0.262566
-47.022 0.263721

-47.022 0.263722
-46.9658 0.265019

-46.9658 0.265021
-46.9097 0.266454

-46.9097 0.266457
-46.8535 0.268016

-46.8535 0.268021
-46.7974 0.269693

-46.7974 0.269699
-46.7412 0.271464

-46.7412 0.271471
-46.6851 0.273303

-46.6851 0.273308
-46.6289 0.27518

-46.6289 0.27518
-46.5728 0.277084

-46.5728 0.277073
-46.5166 0.279033

-46.5166 0.279041
-46.468 0.280762

-46.471 0.280762
-46.4604 0.281136

-46.4604 0.281129
-46.4043 0.282925

-46.4043 0.282894
-46.3481 0.284395

-46.3481 0.284388
-46.292 0.28567

-46.292 0.285648
-46.2358 0.286769

-46.2358 0.28675
-46.1797 0.287792

-46.1797 0.287784
-46.1235 0.288802

-46.1235 0.2888
-46.0674 0.289815

-46.0674 0.289815
-46.0112 0.290833

-46.0112 0.290832
-45.9551 0.291853

-45.9551 0.291852
-45.8989 0.292879

-45.8989 0.292879
-45.8428 0.293913

-45.8428 0.293915
-45.7866 0.294951

-45.7866 0.294956
-45.7305 0.295981

-45.7305 0.295988
-45.6743 0.296976

-45.6743 0.296984
-45.6182 0.297906

-45.6182 0.297915
-45.562 0.298738

-45.562 0.298747
-45.5059 0.299438

-45.5059 0.299445
-45.4497 0.299971

-45.4497 0.299978
-45.3936 0.30031

-45.3936 0.300314
-45.3374 0.300431

-45.3374 0.300432
-45.2812 0.300325

-45.2812 0.30032
-45.2251 0.299999

-45.2251 0.299989
-45.1689 0.299482

-45.1689 0.299468
-45.1128 0.298822

-45.1128 0.298807
-45.0566 0.298077

-45.0566 0.298064
-45.0005 0.297304

-45.0005 0.297295
-44.9443 0.296551

-44.9443 0.296546
-44.8882 0.295847

-44.8882 0.295847
-44.832 0.295201

-44.832 0.295203
-44.7759 0.294606

-44.7759 0.294609
-44.7197 0.294048

-44.7197 0.294049
-44.6636 0.293517

-44.6636 0.293515
-44.6074 0.293016

-44.6074 0.293011
-44.5513 0.292563

-44.5513 0.292557
-44.4951 0.292182

-44.4951 0.292179
-44.439 0.291894

-44.439 0.291899
-44.3828 0.2917

-44.3828 0.291713
-44.3267 0.291565

-44.3267 0.291586
-44.2705 0.291422

-44.2705 0.291448
-44.2144 0.291171

-44.2144 0.291199
-44.1582 0.290701

-44.1582 0.290727
-44.1021 0.2899

-44.1021 0.289918
-44.0459 0.288675

-44.0459 0.288682
-43.9897 0.286973

-43.9897 0.28697
-43.9336 0.284786

-43.9336 0.284784
-43.8774 0.282135

-43.8213 0.279044
-43.8532 0.280762

-43.8774 0.282122
-43.8522 0.280762

-43.8213 0.279033
-43.7651 0.275809

-43.7651 0.275815
-43.709 0.272448

-43.709 0.272425
-43.6528 0.268951

-43.6528 0.268923
-43.5967 0.265443

-43.5967 0.265423
-43.5405 0.262033

-43.5405 0.262019
-43.4844 0.258787

-43.4844 0.258775
-43.4282 0.255755

-43.4282 0.255752
-43.3721 0.252975

-43.3721 0.252971
-43.3159 0.250448

-43.3159 0.250448
-43.2598 0.248186

-43.2598 0.248194
-43.2036 0.246174

-43.2036 0.246182
-43.1475 0.244374

-43.1475 0.244379
-43.0913 0.242756

-43.0913 0.242762
-43.0352 0.241301

-43.0352 0.241308
-42.979 0.239982

-42.979 0.239991
-42.9229 0.23877

-42.9229 0.238773
-42.8667 0.23763

-42.8667 0.237634
-42.8105 0.236557

-42.8105 0.236788
-42.6982 0.23383

-42.6982 0.233629
-42.5859 0.229835

-42.3613 0.224182
-42.3793 0.224609

-42.5859 0.229386
-42.4736 0.226058

-42.4736 0.226401
-42.411 0.224609

-42.3613 0.22415
-42.3052 0.221707

-42.3052 0.221574
-42.249 0.217756

-42.249 0.217792
-42.1929 0.21279

-42.1929 0.212787
-42.1367 0.206535

-42.1367 0.206467
-42.0806 0.199106

-42.0806 0.198973
-42.0244 0.190908

-42.0244 0.190762
-41.9683 0.18255

-41.9683 0.182501
-41.9121 0.17453

-41.856 0.166718
-41.8687 0.168457

-41.9121 0.174599
-41.8673 0.168457

-41.856 0.166769
-41.7998 0.159512

-41.7998 0.159627
-41.7437 0.152772

-41.7437 0.152795
-41.6875 0.146065

-41.6875 0.146056
-41.6313 0.139423

-41.6313 0.139362
-41.5752 0.132965

-41.5752 0.133009
-41.519 0.12688

-41.519 0.12851
-41.4629 0.119302

-41.4067 0.102319
-41.448 0.112305

-41.4067 0.102851
-41.3506 0.0906625

-41.4629 0.120334
-41.4224 0.112305

-41.3506 0.0919252
-41.2944 0.082377

-41.2944 0.0820901
-41.2383 0.0732306

-41.2383 0.0730513
-41.1821 0.0658128

-41.1821 0.0663077
-41.126 0.060059

-41.0698 0.0548599
-41.0785 0.0561523

-41.126 0.0611352
-41.0788 0.0561523

-41.0698 0.0549041
-41.0137 0.047736

-41.0698 0.0561973
-41.0692 0.0561523

-41.0137 0.050926
-40.9575 0.0489353

-40.9575 0.0495388
-40.9014 0.0491199

-40.9014 0.049215
-40.8452 0.0498085

-40.8452 0.0495073
-40.7891 0.0503384

-40.7891 0.0504528
-40.7329 0.0502329

-40.7329 0.0496837
-40.6768 0.0497221

-40.6768 0.0463229
-40.6206 0.0544396

-40.6206 0.054283
-40.612 0.0561523

-40.6139 0.0561523
-40.5645 0.0643793

-40.5645 0.0637249
-40.5083 0.0744283

-40.5083 0.0737919
-40.4521 0.0857681

-40.4521 0.0867539
-40.396 0.0993044

-40.396 0.0994518
-40.3398 0.109938

-40.3505 0.112305
-40.3398 0.114261

-40.3398 0.109018
-40.3094 0.112305

-40.2275 0.111954
-40.2452 0.112305

-40.2476 0.112305
-40.2275 0.153455

-40.1714 0.109315
-40.1965 0.112305

-40.1714 0.109008
-40.1152 0.098264

-40.118 0.112305
-40.1152 0.117911

-40.1152 0.0971223
-40.0591 0.083449

-40.0591 0.0829402
-40.0029 0.0696388

-40.0029 0.0699861
-39.9468 0.0573795

-39.8906 0.0544535
-39.9359 0.0561523

-39.9468 0.0589337
-39.8906 0.0571917

-39.8906 0.0502466
-39.8767 0.0561523

-39.8615 0.0561523
-39.8345 0.0759733

-39.8345 0.0671673
-39.815 0.112305

-39.8269 0.112305
-39.8001 0.168457

-39.7973 0.168457
-39.7783 0.217787

-39.7899 0.224609
-39.7783 0.23494

-39.7783 0.239442
-39.7538 0.280762

-39.7445 0.280762
-39.7222 0.316928

-39.7222 0.308918
-39.685 0.336914

-39.6895 0.336914
-39.666 0.351758

-39.666 0.349263
-39.6099 0.378025

-39.6099 0.377419
-39.5693 0.393066

-39.5696 0.393066
-39.5537 0.399203

-39.5537 0.398707
-39.4976 0.415178

-39.4976 0.414569
-39.4414 0.427882

-39.4414 0.427943
-39.3853 0.439195

-39.3853 0.439068
-39.3291 0.448391

-39.3291 0.448313
-39.3232 0.449219

-39.3197 0.449219
-39.2168 0.465291

-39.2168 0.465508
-39.1606 0.473916

-39.1606 0.473912
-39.1045 0.481535

-39.1045 0.48156
-39.0483 0.488356

-39.0483 0.488384
-38.9922 0.494248

-38.9922 0.494295
-38.936 0.499081

-38.936 0.499099
-38.8799 0.502677

-38.8799 0.502648
-38.8237 0.505039

-38.8237 0.504935
-38.8056 0.505371

-38.8091 0.505371
-38.7676 0.50637

-38.7676 0.506302
-38.7114 0.506794

-38.7114 0.506773
-38.6553 0.506534

-38.6553 0.506503
-38.5991 0.505633

-38.543 0.504125
-38.5844 0.505371

-38.5991 0.50546
-38.5962 0.505371

-38.543 0.504024
-38.4868 0.501358

-38.4868 0.501369
-38.4307 0.497795

-38.4307 0.497772
-38.3745 0.493314

-38.3745 0.49328
-38.3184 0.488052

-38.3184 0.48803
-38.2622 0.482143

-38.2622 0.482124
-38.2061 0.475662

-38.2061 0.475589
-38.1499 0.468738

-38.1499 0.468796
-38.0938 0.461587

-37.9814 0.445135
-38.0087 0.449219

-37.9814 0.445033
-37.9253 0.436795

-37.9253 0.436825
-37.8691 0.42931

-37.8691 0.429266
-37.813 0.422502

-37.813 0.422411
-37.7568 0.416667

-37.7568 0.416627
-37.7007 0.412166

-37.7007 0.412167
-37.6445 0.409067

-38.0938 0.461707
-38.0052 0.449219

-37.6445 0.409072
-37.5884 0.40732

-37.5884 0.407337
-37.5322 0.406893

-37.5322 0.406932
-37.4761 0.407684

-37.4761 0.407748
-37.4199 0.40949

-37.4199 0.409584
-37.3638 0.412002

-37.3638 0.412119
-37.3076 0.41479

-37.3076 0.414921
-37.2515 0.417345

-37.2515 0.417463
-37.1953 0.419142

-37.1953 0.419259
-37.1392 0.419727

-37.1392 0.419819
-37.083 0.418658

-37.083 0.418699
-37.0269 0.415639

-37.0269 0.415597
-36.9707 0.410638

-36.9707 0.410523
-36.9146 0.403979

-36.9146 0.403823
-36.8584 0.396237

-36.8022 0.388102
-36.8382 0.393066

-36.8584 0.396121
-36.8363 0.393066

-36.8022 0.387959
-36.7461 0.381081

-36.7461 0.380898
-36.6899 0.375744

-36.6899 0.375536
-36.6338 0.372884

-36.6338 0.372824
-36.5776 0.373209

-36.5776 0.373299
-36.5215 0.376662

-36.5215 0.376852
-36.4653 0.382632

-36.4653 0.382743
-36.4092 0.39034

-36.4092 0.390274
-36.3912 0.393066

-36.3939 0.393066
-36.353 0.399427

-36.353 0.399334
-36.2969 0.408709

-36.2969 0.408663
-36.2407 0.418707

-36.2407 0.418757
-36.1846 0.429463

-36.1846 0.429462
-36.1284 0.440733

-36.1284 0.44065
-36.0895 0.449219

-35.8726 0
-35.8477 0.0219251

-36.0868 0.449219
-36.0723 0.452334

-36.0723 0.452892
-36.0161 0.466736

-36.0161 0.466589
-35.96 0.482087

-35.96 0.482041
-35.9038 0.499576

-35.9038 0.499521
-35.8868 0.505371

-35.8877 0.505371
-35.8477 0.519166

-35.8477 0.0226181
-35.8276 0

-35.8477 0.519073
-35.7915 0.539866

-35.7915 0.539847
-35.7368 0.561523

-35.7384 0.561523
-35.7354 0.562681

-35.7354 0.562603
-35.6792 0.585313

-35.6792 0.585087
-35.623 0.607738

-35.623 0.607676
-35.5978 0.617676

-35.5998 0.617676
-35.5669 0.630733

-35.5669 0.630469
-35.5107 0.651437

-35.5107 0.651138
-35.4546 0.671251

-35.4546 0.670784
-35.4452 0.673828

-35.449 0.673828
-35.3984 0.690722

-35.3984 0.689555
-35.3423 0.70539

-35.3423 0.705566
-35.2861 0.720128

-35.2861 0.719871
-35.2432 0.72998

-35.2452 0.72998
-35.23 0.733562

-35.23 0.733359
-35.1738 0.745167

-35.1738 0.744968
-35.1177 0.75546

-35.1177 0.755492
-35.0615 0.765

-35.0615 0.764882
-35.0054 0.773577

-35.0054 0.773382
-34.9492 0.781889

-34.9492 0.78174
-34.9207 0.786133

-34.9234 0.786133
-34.8369 0.799122

-34.8369 0.799152
-34.7808 0.80727

-34.7808 0.807272
-34.7246 0.815007

-34.7246 0.815011
-34.6685 0.82235

-34.6685 0.82231
-34.6123 0.829328

-34.6123 0.829264
-34.5562 0.836167

-34.5562 0.8362
-34.5057 0.842285

-34.5083 0.842285
-34.5 0.843288

-34.5 34.9274
-34.5213 34.9829

-34.5213 34.9829
-34.5428 35.0391

-34.6123 35.22
-34.6292 35.2637

-34.5562 35.074
-34.5643 35.0952

-34.5643 35.0952
-34.5858 35.1514

-34.5562 35.074
-34.5428 35.0391

-34.5858 35.1514
-34.6075 35.2075

-34.6123 35.22
-34.6075 35.2075

-34.6685 35.3646
-34.6729 35.376

-34.6292 35.2637
-34.651 35.3198

-34.6685 35.3646
-34.651 35.3198

-34.6729 35.376
-34.6949 35.4321

-34.6949 35.4321
-34.7169 35.4883

-34.7246 35.5078
-34.739 35.5444

-34.739 35.5444
-34.7612 35.6006

-34.7808 35.65
-34.7834 35.6567

-34.7834 35.6567
-34.8058 35.7129

-34.7808 35.65
-34.7612 35.6006

-34.8369 35.791
-34.8505 35.8252

-34.8505 35.8252
-34.8956 35.9375

-34.8058 35.7129
-34.8281 35.769

-34.8369 35.791
-34.8281 35.769

-34.7246 35.5078
-34.7169 35.4883

-36.2969 39.3705
-36.3638 39.5312

-35.3984 37.1993
-35.6151 37.7344

-34.9492 36.071
-34.9857 36.1621

-34.9857 36.1621
-35.0755 36.3867

-35.0756 36.3867
-35.2545 36.8359

-34.9492 36.071
-34.8957 35.9375

-35.3984 37.1942
-35.2534 36.8359

-36.2969 39.3716
-35.6148 37.7344

-36.3652 39.5312
-37.1386 41.3281

-37.1382 41.3281
-37.9335 43.125

-41.6875 51.1339
-42.1565 52.1094

-42.1544 52.1094
-43.0126 53.9062

-43.4844 54.8958
-43.8677 55.7031

-43.865 55.7031
-44.7147 57.5

-43.4844 54.8914
-43.0166 53.9062

-38.0938 43.4748
-38.7486 44.9219

-38.747 44.9219
-39.5772 46.7188

-39.8906 47.3804
-40.4256 48.5156

-40.425 48.5156
-41.2865 50.3125

-39.8906 47.3762
-39.5808 46.7188

-38.0938 43.4697
-37.9378 43.125

-41.6875 51.1279
-41.2955 50.3125

-66.8438 100.455
-66.9341 100.625

-63.25 93.77
-64.0067 95.2344

-63.9867 95.2344
-64.9454 97.0312

-65.0469 97.178
-65.9624 98.8281

-66.8438 100.449
-65.9832 98.8281

-65.0469 97.1791
-64.9649 97.0312

-70.4375 107.134
-70.7924 107.812

-74.0312 113.737
-74.6796 115

-72.2344 110.531
-72.7336 111.406

-70.7538 107.812
-71.6958 109.609

-72.2344 110.548
-71.6994 109.609

-72.7709 111.406
-73.7773 113.203

-74.0312 113.662
-73.7956 113.203

-68.6406 103.9
-68.8158 104.219

-66.9072 100.625
-67.8374 102.422

-68.6406 103.904
-67.8265 102.422

-68.8429 104.219
-69.8489 106.016

-70.4375 107.104
-69.8686 106.016

-48.875 66.2625
-48.983 66.4844

-48.9768 66.4844
-49.8596 68.2812

-50.6719 69.8888
-50.7679 70.0781

-50.7703 70.0781
-51.7118 71.875

-50.6719 69.8874
-49.8572 68.2812

-56.0625 80.113
-56.4496 80.8594

-56.4334 80.8594
-57.3589 82.6562

-57.8594 83.5957
-58.3138 84.4531

-58.3231 84.4531
-59.2787 86.25

-57.8594 83.5882
-57.3654 82.6562

-52.4688 73.2989
-52.6645 73.6719

-52.6575 73.6719
-53.5966 75.4688

-54.2656 76.7319
-54.5486 77.2656

-54.5537 77.2656
-55.5108 79.0625

-54.2656 76.7265
-53.5989 75.4688

-52.4688 73.2918
-51.7252 71.875

-56.0625 80.0963
-55.5263 79.0625

-45.2812 58.7003
-45.5606 59.2969

-45.5544 59.2969
-46.3905 61.0938

-47.0781 62.5541
-47.237 62.8906

-47.2358 62.8906
-48.1025 64.6875

-47.0781 62.5516
-46.3898 61.0938

-45.2812 58.6946
-44.7219 57.5

-48.875 66.259
-48.1102 64.6875

-59.6562 86.9763
-60.2095 88.0469

-60.189 88.0469
-61.1273 89.8438

-61.4531 90.4233
-62.114 91.6406

-62.1293 91.6406
-63.0889 93.4375

-61.4531 90.4171
-61.1419 89.8438

-59.6562 86.9488
-59.2951 86.25

-63.25 93.7248
-63.1015 93.4375

-34.5 0.843224
-34.4438 0.849273

-34.4438 0.849257
-34.3877 0.854186

-34.3877 0.854143
-34.3315 0.85807

-34.3315 0.858023
-34.2754 0.86113

-34.2754 0.861056
-34.2192 0.863585

-34.2192 0.863479
-34.1631 0.86579

-34.1631 0.865641
-34.1069 0.86824

-34.1069 0.868081
-34.0508 0.871584

-34.0508 0.871402
-33.9946 0.876493

-33.9946 0.876326
-33.9385 0.883702

-33.9385 0.883525
-33.8823 0.893875

-33.8823 0.894107
-33.8651 0.898438

-33.8652 0.898438
-33.8262 0.906908

-33.8262 0.908425
-33.77 0.925389

-33.77 0.925202
-33.7139 0.944082

-33.7139 0.9442
-33.6846 0.95459

-33.6874 0.95459
-33.6577 0.965126

-33.6577 0.964835
-33.6016 0.984269

-33.6016 0.983962
-33.5454 1.00311

-33.5454 1.00301
-33.5219 1.01074

-33.5249 1.01074
-33.4893 1.02249

-33.4893 1.02196
-33.4331 1.03898

-33.4331 1.03907
-33.377 1.05473

-33.377 1.0546
-33.3285 1.06689

-33.3303 1.06689
-33.3208 1.0693

-33.3208 1.06923
-33.2646 1.08163

-33.2646 1.08163
-33.2085 1.09153

-33.2085 1.09155
-33.1523 1.09894

-33.1523 1.09882
-33.0962 1.1039

-33.0962 1.10377
-33.04 1.10701

-33.04 1.10687
-32.9839 1.1088

-32.9839 1.10869
-32.9277 1.10977

-32.9277 1.10963
-32.8716 1.11038

-32.8716 1.11028
-32.8154 1.11115

-32.8154 1.11106
-32.7593 1.11243

-32.7593 1.11244
-32.7031 1.11447

-32.7031 1.11453
-32.647 1.11709

-32.647 1.11719
-32.5908 1.11996

-32.5908 1.12004
-32.5347 1.12268

-32.5347 1.12268
-32.5251 1.12305

-32.526 1.12305
-32.4785 1.12505

-32.4785 1.12472
-32.3662 1.12862

-32.3662 1.12826
-32.2539 1.13255

-32.2539 1.13248
-32.1978 1.1351

-32.1978 1.13521
-32.1416 1.13822

-32.1416 1.13831
-32.0854 1.14131

-32.0854 1.14132
-32.0293 1.14412

-32.0293 1.14409
-31.9731 1.14672

-31.9731 1.14668
-31.917 1.14926

-31.917 1.14921
-31.8608 1.15193

-31.8608 1.15187
-31.8047 1.15491

-31.8047 1.15486
-31.7485 1.15844

-31.7485 1.15837
-31.6924 1.16272

-31.6924 1.16265
-31.6362 1.16805

-31.6362 1.1679
-31.5801 1.17478

-31.5801 1.17467
-31.5506 1.1792

-31.5521 1.1792
-31.5239 1.18353

-31.5239 1.18353
-31.4678 1.19365

-31.4678 1.19386
-31.4116 1.2048

-31.4116 1.20495
-31.3555 1.21597

-31.3555 1.21593
-31.2993 1.22681

-31.2993 1.22677
-31.2543 1.23535

-31.2569 1.23535
-31.2432 1.23796

-31.2432 1.23769
-31.187 1.24788

-31.187 1.24785
-31.1309 1.25735

-31.1309 1.25731
-31.0747 1.26627

-31.0747 1.26628
-31.0186 1.27474

-31.0186 1.27472
-30.9624 1.28269

-30.9624 1.28261
-30.9062 1.29029

-30.9062 1.29029
-30.8967 1.2915

-30.8983 1.2915
-30.8501 1.29767

-30.8501 1.29758
-30.7939 1.30404

-30.7939 1.30401
-30.7378 1.3099

-30.7378 1.30984
-30.6816 1.31536

-30.6816 1.31534
-30.6255 1.32063

-30.6255 1.32069
-30.5693 1.32564

-30.5693 1.32572
-30.5132 1.33002

-30.5132 1.33005
-30.457 1.33346

-30.457 1.33344
-30.4009 1.33593

-30.4009 1.33584
-30.3447 1.33764

-30.3447 1.3375
-30.2886 1.33906

-30.2886 1.33897
-30.2324 1.34074

-30.2324 1.34068
-30.1763 1.34296

-30.1763 1.34304
-30.1201 1.34579

-30.1201 1.34588
-30.0873 1.34766

-30.0831 1.34766
-30.0078 1.35218

-30.0078 1.35209
-29.8955 1.36115

-29.8955 1.36136
-29.8394 1.36689

-29.8394 1.3668
-29.7832 1.37309

-29.7832 1.37309
-29.7271 1.3803

-29.7271 1.38027
-29.6709 1.38845

-29.6709 1.38839
-29.6147 1.39774

-29.6147 1.39771
-29.5827 1.40381

-29.5828 1.40381
-29.5586 1.40842

-29.5586 1.40847
-29.5024 1.42037

-29.5024 1.42047
-29.4463 1.43326

-29.4463 1.4333
-29.3901 1.44667

-29.3901 1.44661
-29.3364 1.45996

-29.3372 1.45996
-29.334 1.46073

-29.334 1.46075
-29.2778 1.47507

-29.2778 1.47498
-29.2217 1.48949

-29.2217 1.48942
-29.1655 1.50441

-29.1655 1.50436
-29.1233 1.51611

-29.1239 1.51611
-29.1094 1.52016

-29.1094 1.52012
-29.0532 1.53626

-29.0532 1.53614
-28.9971 1.55286

-28.9971 1.5528
-28.9409 1.57046

-28.9409 1.57052
-28.9357 1.57227

-28.9363 1.57227
-28.8848 1.58887

-28.8848 1.58924
-28.8286 1.60855

-28.8286 1.60838
-28.7726 1.62842

-28.7735 1.62842
-28.7725 1.62878

-28.7725 1.62875
-28.7163 1.64937

-28.7163 1.64932
-28.6602 1.67005

-28.6602 1.67008
-28.621 1.68457

-28.6215 1.68457
-28.5479 1.71153

-28.5479 1.71127
-28.4917 1.73158

-28.4917 1.73152
-28.4664 1.74072

-28.467 1.74072
-28.4355 1.75218

-28.4355 1.75202
-28.3794 1.77252

-28.3794 1.7724
-28.3232 1.79329

-28.3232 1.79329
-28.3138 1.79688

-28.314 1.79688
-28.2671 1.81477

-28.2671 1.81466
-28.2109 1.83671

-28.2109 1.83663
-28.171 1.85303

-28.1709 1.85303
-28.1548 1.85966

-28.1548 1.85968
-28.0986 1.88398

-28.0986 1.88392
-28.0434 1.90918

-28.0435 1.90918
-27.9863 1.93674

-27.9863 1.93743
-27.9348 1.96533

-27.9348 1.96533
-27.9302 1.96781

-27.9302 1.9678
-27.874 2.00028

-27.874 2.00018
-27.8395 2.02148

-27.8399 2.02148
-27.8179 2.0351

-27.8179 2.035
-27.7617 2.07186

-27.7617 2.0722
-27.7537 2.07764

-27.754 2.07764
-27.7056 2.11028

-27.7056 2.10998
-27.6703 2.13379

-27.671 2.13379
-27.6494 2.14824

-27.6494 2.14818
-27.5933 2.18615

-27.5933 2.18581
-27.5871 2.18994

-27.5878 2.18994
-27.5371 2.22385

-27.5371 2.22365
-27.503 2.24609

-27.5034 2.24609
-27.481 2.26084

-27.481 2.2607
-27.4248 2.29705

-27.4248 2.29675
-27.4162 2.30225

-27.4168 2.30225
-27.3687 2.33283

-27.3687 2.33266
-27.3275 2.3584

-27.3278 2.3584
-27.3125 2.36803

-29.1094 6.92425
-29.1298 6.96289

-29.2217 7.14134
-29.2455 7.1875

-29.1655 7.03214
-29.1877 7.0752

-29.1296 6.96289
-29.1588 7.01904

-29.1655 7.03211
-29.1588 7.01904

-29.1877 7.0752
-29.2166 7.13135

-29.2217 7.14136
-29.2165 7.13135

-27.7617 5.34207
-27.8162 5.39062

-27.3125 4.90201
-27.3461 4.94141

-27.5371 5.13505
-27.5699 5.16602

-27.6494 5.24053
-27.691 5.27832

-27.7056 5.29181
-27.753 5.33447

-27.7617 5.34203
-27.7533 5.33447

-27.7056 5.29173
-27.6909 5.27832

-27.5933 5.18839
-27.6296 5.22217

-27.6494 5.24024
-27.63 5.22217

-27.5933 5.18828
-27.5699 5.16602

-27.4248 5.02276
-27.4543 5.05371

-27.481 5.08003
-27.5114 5.10986

-27.5371 5.13456
-27.5119 5.10986

-27.481 5.07978
-27.4546 5.05371

-27.3687 4.9644
-27.3997 4.99756

-27.4248 5.02316
-27.3998 4.99756

-27.3687 4.96487
-27.3467 4.94141

-28.7163 6.26275
-28.7364 6.28906

-28.6602 6.19226
-28.6933 6.23291

-28.7163 6.26273
-28.6935 6.23291

-28.2671 5.78963
-28.3216 5.83984

-28.2109 5.73936
-28.26 5.78369

-28.2671 5.78978
-28.2603 5.78369

-28.5479 6.06374
-28.5485 6.06445

-28.4355 5.94758
-28.44 5.95215

-28.4917 6.00569
-28.4943 6.0083

-28.5479 6.06426
-28.4947 6.0083

-28.4917 6.00543
-28.4392 5.95215

-28.604 6.1262
-28.6476 6.17676

-28.548 6.06445
-28.599 6.12061

-28.604 6.12615
-28.5992 6.12061

-28.6602 6.19234
-28.6475 6.17676

-28.3794 5.89458
-28.3809 5.896

-28.4355 5.94827
-28.3816 5.896

-28.3794 5.8945
-28.3232 5.84171

-28.3232 5.84191
-28.321 5.83984

-28.9971 6.71608
-29.0094 6.73828

-28.9409 6.61507
-28.9471 6.62598

-28.8848 6.51718
-28.9153 6.56982

-28.9409 6.61506
-28.9153 6.56982

-28.947 6.62598
-28.9783 6.68213

-28.9971 6.71605
-28.9783 6.68213

-28.7725 6.34032
-28.776 6.34521

-28.7765 6.34521
-28.8141 6.40137

-28.8286 6.42505
-28.8491 6.45752

-28.8492 6.45752
-28.8829 6.51367

-28.8286 6.42449
-28.814 6.40137

-28.7725 6.33978
-28.7362 6.28906

-28.8848 6.51708
-28.8828 6.51367

-29.0532 6.81882
-29.0704 6.85059

-29.0093 6.73828
-29.04 6.79443

-29.0532 6.8188
-29.0401 6.79443

-29.0703 6.85059
-29.1002 6.90674

-29.1094 6.92414
-29.1002 6.90674

-28.0425 5.5898
-28.0713 5.61523

-27.9863 5.54057
-28.0074 5.55908

-28.0425 5.58982
-28.0075 5.55908

-28.1548 5.68894
-28.198 5.72754

-28.0986 5.63948
-28.1347 5.67139

-28.1548 5.68904
-28.1349 5.67139

-28.2109 5.73947
-28.1976 5.72754

-28.0986 5.63954
-28.0711 5.61523

-27.9302 5.49107
-27.9437 5.50293

-27.874 5.44184
-27.8796 5.44678

-27.9302 5.49113
-27.8798 5.44678

-27.9863 5.54061
-27.9435 5.50293

-27.874 5.44188
-27.8179 5.3922

-27.8179 5.39219
-27.8161 5.39062

-29.5586 7.80337
-29.5846 7.86133

-29.6709 8.07935
-29.6734 8.08594

-29.6147 7.93379
-29.6309 7.97363

-29.5843 7.86133
-29.608 7.91748

-29.6147 7.93377
-29.6081 7.91748

-29.6309 7.97363
-29.6526 8.02979

-29.6709 8.07938
-29.6527 8.02979

-29.334 7.35583
-29.3637 7.41211

-29.4463 7.5697
-29.4802 7.63672

-29.3901 7.46196
-29.3935 7.46826

-29.3936 7.46826
-29.423 7.52441

-29.3901 7.46191
-29.3638 7.41211

-29.4463 7.56984
-29.4229 7.52441

-29.2778 7.24958
-29.3042 7.2998

-29.2455 7.1875
-29.2747 7.24365

-29.2778 7.24952
-29.2748 7.24365

-29.3042 7.2998
-29.3339 7.35596

-29.5024 7.68304
-29.5072 7.69287

-29.5074 7.69287
-29.5339 7.74902

-29.5024 7.68273
-29.48 7.63672

-29.5586 7.80308
-29.5339 7.74902

-29.7832 8.4617
-29.8006 8.53516

-29.6733 8.08594
-29.6928 8.14209

-29.6929 8.14209
-29.7112 8.19824

-29.7271 8.25012
-29.7284 8.25439

-29.7284 8.25439
-29.7446 8.31055

-29.7271 8.25016
-29.7111 8.19824

-29.7445 8.31055
-29.7596 8.3667

-29.7597 8.3667
-29.7739 8.42285

-29.7832 8.46134
-29.7739 8.42285

-29.8003 8.53516
-29.8126 8.59131

-29.8126 8.59131
-29.8245 8.64746

-29.8394 8.72113
-29.847 8.75977

-29.8244 8.64746
-29.8359 8.70361

-29.8394 8.72112
-29.8359 8.70361

-29.847 8.75977
-29.8578 8.81592

-29.8578 8.81592
-29.8685 8.87207

-29.8685 8.87207
-29.879 8.92822

-29.879 8.92822
-29.8893 8.98438

-30.0078 9.67302
-30.0227 9.77051

-30.0227 9.77051
-30.031 9.82666

-30.031 9.82666
-30.0391 9.88281

-30.0391 9.88281
-30.047 9.93896

-30.047 9.93896
-30.0547 9.99512

-30.064 10.0653
-30.0694 10.1074

-30.0547 9.99512
-30.0621 10.0513

-30.064 10.0653
-30.0621 10.0513

-30.0694 10.1074
-30.0765 10.1636

-30.0765 10.1636
-30.0833 10.2197

-30.0833 10.2197
-30.0899 10.2759

-30.0899 10.2759
-30.0963 10.332

-30.0963 10.332
-30.1026 10.3882

-30.1026 10.3882
-30.1086 10.4443

-30.1086 10.4443
-30.1144 10.5005

-30.1144 10.5005
-30.12 10.5566

-30.1201 10.5572
-30.1308 10.6689

-30.1307 10.6689
-30.1359 10.7251

-30.1359 10.7251
-30.1408 10.7812

-30.1201 10.5576
-30.12 10.5566

-29.8955 9.01833
-29.9098 9.09668

-29.9097 9.09668
-29.9198 9.15283

-29.9198 9.15283
-29.9298 9.20898

-29.8955 9.01833
-29.8893 8.98438

-29.9298 9.20898
-29.9398 9.26514

-29.9398 9.26514
-29.9496 9.32129

-29.9517 9.33318
-29.9593 9.37744

-29.9593 9.37744
-29.9689 9.43359

-29.9517 9.33315
-29.9496 9.32129

-29.9689 9.43359
-29.9783 9.48975

-29.9783 9.48975
-29.9875 9.5459

-29.9875 9.5459
-29.9966 9.60205

-29.9966 9.60205
-30.0055 9.6582

-30.0078 9.67329
-30.0055 9.6582

-30.1408 10.7812
-30.1456 10.8374

-30.1456 10.8374
-30.1504 10.8936

-30.1503 10.8936
-30.155 10.9497

-30.155 10.9497
-30.1595 11.0059

-30.1595 11.0059
-30.1641 11.062

-30.1641 11.062
-30.1687 11.1182

-30.1763 11.2085
-30.1782 11.2305

-30.1686 11.1182
-30.1733 11.1743

-30.1763 11.2084
-30.1733 11.1743

-30.1781 11.2305
-30.1832 11.2866

-30.1832 11.2866
-30.1884 11.3428

-30.1884 11.3428
-30.194 11.3989

-30.194 11.3989
-30.1999 11.4551

-30.1999 11.4551
-30.2062 11.5112

-30.2062 11.5112
-30.2129 11.5674

-30.2129 11.5674
-30.22 11.6235

-30.22 11.6235
-30.2274 11.6797

-30.2324 11.7153
-30.2432 11.792

-30.2434 11.792
-30.2517 11.8481

-30.2517 11.8481
-30.2603 11.9043

-30.2603 11.9043
-30.269 11.9604

-30.269 11.9604
-30.2778 12.0166

-30.2886 12.0845
-30.2956 12.1289

-30.2778 12.0166
-30.2867 12.0728

-30.2886 12.0845
-30.2867 12.0728

-30.2324 11.7157
-30.2274 11.6797

-30.2956 12.1289
-30.3045 12.1851

-30.3045 12.1851
-30.3133 12.2412

-30.3133 12.2412
-30.3221 12.2974

-30.3221 12.2974
-30.3307 12.3535

-30.3447 12.4459
-30.3477 12.4658

-30.3477 12.4658
-30.3561 12.522

-30.3561 12.522
-30.3643 12.5781

-30.3307 12.3535
-30.3393 12.4097

-30.3447 12.4458
-30.3393 12.4097

-30.457 13.2255
-30.4609 13.252

-30.4609 13.252
-30.4693 13.3081

-30.4693 13.3081
-30.4777 13.3643

-30.4777 13.3643
-30.4862 13.4204

-30.4862 13.4204
-30.4948 13.4766

-30.3643 12.5781
-30.3725 12.6343

-30.3725 12.6343
-30.3806 12.6904

-30.3806 12.6904
-30.3886 12.7466

-30.3886 12.7466
-30.3966 12.8027

-30.4009 12.8334
-30.4045 12.8589

-30.4045 12.8589
-30.4124 12.915

-30.4009 12.8333
-30.3965 12.8027

-30.4124 12.915
-30.4204 12.9712

-30.4204 12.9712
-30.4284 13.0273

-30.4284 13.0273
-30.4364 13.0835

-30.4364 13.0835
-30.4445 13.1396

-30.4445 13.1396
-30.4527 13.1958

-30.457 13.2255
-30.4527 13.1958

-30.4948 13.4766
-30.5034 13.5327

-30.5034 13.5327
-30.5121 13.5889

-30.5132 13.5956
-30.5209 13.645

-30.5209 13.645
-30.5296 13.7012

-30.5132 13.5955
-30.5121 13.5889

-30.5296 13.7012
-30.5383 13.7573

-30.5383 13.7573
-30.5469 13.8135

-30.5469 13.8135
-30.5556 13.8696

-30.5556 13.8696
-30.5642 13.9258

-30.5693 13.9598
-30.5812 14.0381

-30.5812 14.0381
-30.5896 14.0942

-30.5896 14.0942
-30.598 14.1504

-30.5693 13.9598
-30.5642 13.9258

-30.598 14.1504
-30.6064 14.2065

-30.6064 14.2065
-30.6147 14.2627

-30.6255 14.3361
-30.6312 14.375

-30.6147 14.2627
-30.623 14.3188

-30.6255 14.3361
-30.623 14.3188

-27.3125 2.36777
-27.2563 2.40248

-27.2563 2.4023
-27.2364 2.41455

-27.2367 2.41455
-27.2002 2.43702

-27.2002 2.43697
-27.1453 2.4707

-27.1448 2.4707
-27.0879 2.50613

-27.0879 2.50617
-27.0555 2.52686

-27.055 2.52686
-27.0317 2.5417

-27.0317 2.54179
-26.9756 2.579

-26.9756 2.57926
-26.9703 2.58301

-26.969 2.58301
-26.9194 2.61827

-26.9194 2.61855
-26.8935 2.63916

-26.8921 2.63916
-26.8633 2.66207

-26.8633 2.66253
-26.8272 2.69531

-26.8264 2.69531
-26.8071 2.71276

-26.8071 2.71361
-26.7691 2.75146

-26.7694 2.75146
-26.751 2.77333

-26.751 2.77338
-26.7221 2.80762

-26.7224 2.80762
-26.6948 2.8467

-26.6948 2.84676
-26.6828 2.86377

-26.6829 2.86377
-26.6499 2.91992

-26.6499 2.91992
-26.6387 2.94459

-26.6387 2.94371
-26.6227 2.97607

-26.6226 2.97607
-26.5996 3.03223

-26.5997 3.03223
-26.5825 3.08487

-26.5825 3.08469
-26.5813 3.08838

-26.5814 3.08838
-26.5676 3.14453

-26.5674 3.14453
-26.5583 3.20068

-26.5583 3.20068
-26.554 3.25684

-26.5541 3.25684
-26.5546 3.31299

-26.5545 3.31299
-26.5599 3.36914

-26.5825 3.47759
-26.5835 3.48145

-26.5602 3.36914
-26.5699 3.42529

-26.5825 3.47769
-26.5698 3.42529

-26.5838 3.48145
-26.6009 3.5376

-26.6009 3.5376
-26.621 3.59375

-26.8633 4.0949
-26.8934 4.15527

-26.9194 4.20987
-26.9202 4.21143

-26.9203 4.21143
-26.9465 4.26758

-26.9194 4.2098
-26.8932 4.15527

-26.9756 4.33184
-26.9975 4.37988

-27.0317 4.45702
-27.0478 4.49219

-26.9971 4.37988
-27.0223 4.43604

-27.0317 4.45704
-27.0221 4.43604

-26.9464 4.26758
-26.9721 4.32373

-26.9756 4.33162
-26.972 4.32373

-26.6387 3.63617
-26.6677 3.70605

-26.6948 3.76282
-26.7218 3.81836

-26.6685 3.70605
-26.6945 3.76221

-26.6948 3.76292
-26.6945 3.76221

-26.751 3.87537
-26.7789 3.93066

-26.8071 3.98492
-26.8081 3.98682

-26.8081 3.98682
-26.8369 4.04297

-26.8071 3.98498
-26.7792 3.93066

-26.7219 3.81836
-26.7502 3.87451

-26.751 3.876
-26.7502 3.87451

-26.6387 3.63765
-26.621 3.59375

-26.8633 4.09495
-26.837 4.04297

-27.0879 4.57498
-27.1027 4.60449

-27.144 4.67716
-27.1686 4.7168

-27.1028 4.60449
-27.1341 4.66064

-27.144 4.67707
-27.1339 4.66064

-27.2002 4.76203
-27.2077 4.77295

-27.2074 4.77295
-27.2501 4.8291

-27.2563 4.83634
-27.2969 4.88525

-27.3125 4.90262
-27.2971 4.88525

-27.2563 4.83691
-27.2499 4.8291

-27.2002 4.7624
-27.1687 4.7168

-27.0476 4.49219
-27.0744 4.54834

-27.0879 4.57517
-27.0742 4.54834

-30.6816 14.7352
-30.693 14.8242

-30.6312 14.375
-30.6393 14.4312

-30.6394 14.4312
-30.6474 14.4873

-30.6474 14.4873
-30.6554 14.5435

-30.6554 14.5435
-30.6633 14.5996

-30.6633 14.5996
-30.671 14.6558

-30.671 14.6558
-30.6786 14.7119

-30.6816 14.7356
-30.6786 14.7119

-30.693 14.8242
-30.6998 14.8804

-30.6998 14.8804
-30.7062 14.9365

-30.7063 14.9365
-30.7124 14.9927

-30.7124 14.9927
-30.7181 15.0488

-30.7181 15.0488
-30.7234 15.105

-30.7234 15.105
-30.7284 15.1611

-30.7284 15.1611
-30.7329 15.2173

-30.7329 15.2173
-30.737 15.2734

-30.7378 15.2849
-30.7408 15.3296

-30.7408 15.3296
-30.7441 15.3857

-30.7378 15.2849
-30.737 15.2734

-30.7441 15.3857
-30.7472 15.4419

-30.7472 15.4419
-30.7498 15.498

-30.7498 15.498
-30.7522 15.5542

-30.7522 15.5542
-30.7543 15.6104

-30.7543 15.6104
-30.7561 15.6665

-30.7561 15.6665
-30.7577 15.7227

-30.7577 15.7227
-30.7591 15.7788

-30.7591 15.7788
-30.7603 15.835

-30.7603 15.835
-30.7614 15.8911

-30.7614 15.8911
-30.7624 15.9473

-30.7624 15.9473
-30.7633 16.0034

-30.7633 16.0034
-30.7642 16.0596

-30.7642 16.0596
-30.7649 16.1157

-30.7649 16.1157
-30.7656 16.1719

-30.7656 16.1719
-30.7662 16.228

-30.7662 16.228
-30.7668 16.2842

-30.7668 16.2842
-30.7673 16.3403

-30.7673 16.3403
-30.7678 16.3965

-30.7678 16.3965
-30.7681 16.4526

-30.7681 16.4526
-30.7684 16.5088

-30.7684 16.5088
-30.7686 16.5649

-30.7686 16.5649
-30.7687 16.6211

-30.7687 16.6211
-30.7687 16.6772

-30.7687 16.6772
-30.7685 16.7334

-30.7685 16.7334
-30.7683 16.7896

-30.7683 16.7896
-30.7679 16.8457

-30.7679 16.8457
-30.7675 16.9019

-30.7675 16.9019
-30.7669 16.958

-30.7669 16.958
-30.7662 17.0142

-30.7662 17.0142
-30.7655 17.0703

-30.7655 17.0703
-30.7646 17.1265

-30.7646 17.1265
-30.7637 17.1826

-30.7637 17.1826
-30.7626 17.2388

-30.7626 17.2388
-30.7615 17.2949

-30.7615 17.2949
-30.7602 17.3511

-30.7602 17.3511
-30.7588 17.4072

-30.7588 17.4072
-30.7573 17.4634

-30.7573 17.4634
-30.7555 17.5195

-30.7555 17.5195
-30.7537 17.5757

-30.7537 17.5757
-30.7516 17.6318

-30.7516 17.6318
-30.7494 17.688

-30.7494 17.688
-30.747 17.7441

-30.747 17.7441
-30.7444 17.8003

-30.7444 17.8003
-30.7416 17.8564

-30.7416 17.8564
-30.7387 17.9126

-30.7387 17.9126
-30.7378 17.9297

-30.7378 17.9297
-30.7357 17.9688

-30.7357 17.9688
-30.7325 18.0249

-30.7325 18.0249
-30.7292 18.0811

-30.7292 18.0811
-30.7259 18.1372

-30.7259 18.1372
-30.7224 18.1934

-30.7224 18.1934
-30.719 18.2495

-30.719 18.2495
-30.7155 18.3057

-30.7155 18.3057
-30.712 18.3618

-30.712 18.3618
-30.7086 18.418

-30.7086 18.418
-30.7053 18.4741

-30.7053 18.4741
-30.7019 18.5303

-30.7019 18.5303
-30.6987 18.5864

-30.6987 18.5864
-30.6955 18.6426

-30.6955 18.6426
-30.6893 18.7549

-30.6893 18.7549
-30.6832 18.8672

-30.6832 18.8672
-30.6816 18.8945

-30.6816 18.8947
-30.6801 18.9233

-30.6801 18.9233
-30.6769 18.9795

-30.6769 18.9795
-30.6737 19.0356

-30.6737 19.0356
-30.6704 19.0918

-30.6704 19.0918
-30.667 19.1479

-30.667 19.1479
-30.6635 19.2041

-30.6635 19.2041
-30.66 19.2603

-30.66 19.2603
-30.6564 19.3164

-30.6564 19.3164
-30.6528 19.3726

-30.6528 19.3726
-30.6492 19.4287

-30.6492 19.4287
-30.6457 19.4849

-30.6457 19.4849
-30.6422 19.541

-30.6422 19.541
-30.6388 19.5972

-30.6388 19.5972
-30.6355 19.6533

-30.6355 19.6533
-30.6324 19.7095

-30.6324 19.7095
-30.6294 19.7656

-30.6294 19.7656
-30.6266 19.8218

-30.6266 19.8218
-30.6255 19.847

-30.6255 19.847
-30.6241 19.8779

-30.6241 19.8779
-30.6217 19.9341

-30.6217 19.9341
-30.6196 19.9902

-30.6196 19.9902
-30.6176 20.0464

-30.6176 20.0464
-30.6159 20.1025

-30.6159 20.1025
-30.6144 20.1587

-30.6144 20.1587
-30.6132 20.2148

-30.6132 20.2148
-30.6121 20.271

-30.6121 20.271
-30.6113 20.3271

-30.6113 20.3271
-30.6108 20.3833

-30.6108 20.3833
-30.6105 20.4395

-30.6105 20.4395
-30.6106 20.4956

-30.6106 20.4956
-30.611 20.5518

-30.611 20.5518
-30.6118 20.6079

-30.6118 20.6079
-30.613 20.6641

-30.6129 20.6641
-30.6145 20.7202

-30.6145 20.7202
-30.6165 20.7764

-30.6165 20.7764
-30.6188 20.8325

-30.6188 20.8325
-30.6216 20.8887

-30.6255 20.9575
-30.6282 21.001

-30.6216 20.8887
-30.6247 20.9448

-30.6255 20.9575
-30.6247 20.9448

-30.6282 21.001
-30.632 21.0571

-30.632 21.0571
-30.6361 21.1133

-30.6361 21.1133
-30.6405 21.1694

-30.6405 21.1694
-30.6451 21.2256

-30.6451 21.2256
-30.65 21.2817

-30.65 21.2817
-30.6552 21.3379

-30.6552 21.3379
-30.6605 21.394

-30.6605 21.394
-30.6661 21.4502

-30.6661 21.4502
-30.6719 21.5063

-30.6719 21.5063
-30.6779 21.5625

-30.9062 23.0521
-30.9215 23.1348

-30.9215 23.1348
-30.9319 23.1909

-30.9319 23.1909
-30.9425 23.2471

-30.9624 23.3517
-30.9639 23.3594

-30.9425 23.2471
-30.9531 23.3032

-30.9624 23.3517
-30.9531 23.3032

-30.9639 23.3594
-30.9747 23.4155

-30.9747 23.4155
-30.9858 23.4717

-30.9858 23.4717
-30.997 23.5278

-30.997 23.5278
-31.0084 23.584

-31.0186 23.6332
-31.0316 23.6963

-31.0317 23.6963
-31.0435 23.7524

-31.0435 23.7524
-31.0554 23.8086

-31.0186 23.6334
-31.0084 23.584

-31.1309 24.1686
-31.1492 24.2578

-31.0747 23.8996
-31.0792 23.9209

-31.0554 23.8086
-31.0673 23.8647

-31.0747 23.8996
-31.0673 23.8647

-31.0792 23.9209
-31.0911 23.9771

-31.0911 23.9771
-31.1029 24.0332

-31.1028 24.0332
-31.1145 24.0894

-31.1145 24.0894
-31.1261 24.1455

-31.1309 24.1685
-31.1261 24.1455

-31.1492 24.2578
-31.1608 24.314

-31.1608 24.314
-31.1725 24.3701

-31.187 24.4387
-31.1964 24.4824

-31.1725 24.3701
-31.1843 24.4263

-31.187 24.4387
-31.1843 24.4263

-31.2432 24.6923
-31.2465 24.707

-31.1964 24.4824
-31.2086 24.5386

-31.2086 24.5386
-31.221 24.5947

-31.221 24.5947
-31.2337 24.6509

-31.2432 24.6924
-31.2337 24.6509

-31.2465 24.707
-31.2595 24.7632

-31.2595 24.7632
-31.2727 24.8193

-31.2993 24.9306
-31.2996 24.9316

-31.2727 24.8193
-31.2861 24.8755

-31.2993 24.9306
-31.2861 24.8755

-31.2996 24.9316
-31.3132 24.9878

-31.3132 24.9878
-31.3269 25.0439

-31.3269 25.0439
-31.3408 25.1001

-31.3408 25.1001
-31.3547 25.1562

-31.8047 26.835
-31.8063 26.8408

-31.8063 26.8408
-31.8223 26.897

-31.8223 26.897
-31.8384 26.9531

-31.3555 25.1592
-31.3688 25.2124

-31.3688 25.2124
-31.3829 25.2686

-31.3829 25.2686
-31.3971 25.3247

-31.3971 25.3247
-31.4114 25.3809

-31.4678 25.599
-31.4695 25.6055

-31.4116 25.3816
-31.4258 25.437

-31.4258 25.437
-31.4403 25.4932

-31.4116 25.3816
-31.4114 25.3809

-31.4403 25.4932
-31.4548 25.5493

-31.4678 25.599
-31.4548 25.5493

-31.5801 26.0221
-31.5888 26.0547

-31.4695 25.6055
-31.4842 25.6616

-31.4842 25.6616
-31.4989 25.7178

-31.5239 25.8121
-31.5287 25.8301

-31.4989 25.7178
-31.5138 25.7739

-31.5239 25.8121
-31.5138 25.7739

-31.5287 25.8301
-31.5436 25.8862

-31.5436 25.8862
-31.5587 25.9424

-31.5587 25.9424
-31.5737 25.9985

-31.5801 26.0222
-31.5737 25.9985

-31.3555 25.1592
-31.3547 25.1562

-31.5888 26.0547
-31.604 26.1108

-31.604 26.1108
-31.6192 26.167

-31.6362 26.2294
-31.6499 26.2793

-31.6192 26.167
-31.6345 26.2231

-31.6362 26.2294
-31.6345 26.2231

-31.6924 26.4337
-31.7118 26.5039

-31.6499 26.2793
-31.6653 26.3354

-31.6653 26.3354
-31.6807 26.3916

-31.6924 26.4337
-31.6808 26.3916

-31.7118 26.5039
-31.7275 26.5601

-31.7275 26.5601
-31.7431 26.6162

-31.7485 26.6355
-31.7588 26.6724

-31.7588 26.6724
-31.7746 26.7285

-31.7485 26.6355
-31.7431 26.6162

-31.7746 26.7285
-31.7904 26.7847

-31.8047 26.835
-31.7904 26.7847

-31.8608 27.0313
-31.8707 27.0654

-31.8384 26.9531
-31.8545 27.0093

-31.8608 27.0313
-31.8545 27.0093

-31.8707 27.0654
-31.8869 27.1216

-31.8869 27.1216
-31.9032 27.1777

-31.917 27.2252
-31.9358 27.29

-31.9359 27.29
-31.9522 27.3462

-31.9522 27.3462
-31.9687 27.4023

-31.917 27.2253
-31.9032 27.1777

-32.0293 27.6094
-32.0344 27.627

-32.0344 27.627
-32.0509 27.6831

-32.0509 27.6831
-32.0673 27.7393

-32.0854 27.8012
-32.1002 27.8516

-32.0673 27.7393
-32.0838 27.7954

-32.0854 27.8012
-32.0838 27.7954

-31.9731 27.4177
-31.9851 27.4585

-31.9851 27.4585
-32.0015 27.5146

-31.9731 27.4177
-31.9686 27.4023

-32.0015 27.5146
-32.018 27.5708

-32.0293 27.6094
-32.018 27.5708

-32.2539 28.3718
-32.2663 28.4131

-32.2663 28.4131
-32.2833 28.4692

-32.2833 28.4692
-32.3003 28.5254

-32.3662 28.7408
-32.369 28.75

-32.3101 28.5574
-32.3174 28.5815

-32.3174 28.5815
-32.3345 28.6377

-32.3101 28.5574
-32.3003 28.5254

-32.3345 28.6377
-32.3518 28.6938

-32.3662 28.7408
-32.3518 28.6938

-32.1416 27.993
-32.166 28.0762

-32.1002 27.8516
-32.1166 27.9077

-32.1166 27.9077
-32.1331 27.9639

-32.1416 27.993
-32.1331 27.9639

-32.1978 28.1836
-32.1992 28.1885

-32.166 28.0762
-32.1826 28.1323

-32.1978 28.1836
-32.1826 28.1323

-32.1992 28.1885
-32.2159 28.2446

-32.2159 28.2446
-32.2326 28.3008

-32.2326 28.3008
-32.2494 28.3569

-32.2539 28.3718
-32.2494 28.3569

-30.6816 21.5962
-30.6905 21.6748

-30.6905 21.6748
-30.6971 21.731

-30.6971 21.731
-30.7039 21.7871

-30.7039 21.7871
-30.711 21.8433

-30.711 21.8433
-30.7182 21.8994

-30.7182 21.8994
-30.7257 21.9556

-30.7257 21.9556
-30.7334 22.0117

-30.6816 21.5963
-30.6779 21.5625

-30.7378 22.0428
-30.7413 22.0679

-30.7413 22.0679
-30.7494 22.124

-30.7378 22.0428
-30.7334 22.0117

-30.7494 22.124
-30.7578 22.1802

-30.7578 22.1802
-30.7663 22.2363

-30.7939 22.4105
-30.8022 22.4609

-30.7663 22.2363
-30.775 22.2925

-30.775 22.2925
-30.7839 22.3486

-30.7839 22.3486
-30.793 22.4048

-30.7939 22.4107
-30.793 22.4048

-30.8022 22.4609
-30.8116 22.5171

-30.8116 22.5171
-30.8211 22.5732

-30.8211 22.5732
-30.8307 22.6294

-30.8307 22.6294
-30.8404 22.6855

-30.8501 22.7405
-30.8503 22.7417

-30.8503 22.7417
-30.8602 22.7979

-30.8501 22.7405
-30.8405 22.6855

-30.8602 22.7979
-30.8703 22.854

-30.8703 22.854
-30.8804 22.9102

-30.8804 22.9102
-30.8905 22.9663

-30.8906 22.9663
-30.9008 23.0225

-30.9062 23.0521
-30.9008 23.0225

-32.7031 29.8101
-32.7232 29.873

-32.7232 29.873
-32.7412 29.9292

-32.7412 29.9292
-32.7593 29.9854

-32.7593 29.9854
-32.7774 30.0415

-32.7774 30.0415
-32.7955 30.0977

-32.9277 30.5017
-32.9427 30.5469

-32.8154 30.159
-32.832 30.21

-32.832 30.21
-32.8503 30.2661

-32.8503 30.2661
-32.8687 30.3223

-32.7955 30.0977
-32.8137 30.1538

-32.8154 30.159
-32.8137 30.1538

-32.8716 30.3311
-32.8871 30.3784

-32.8871 30.3784
-32.9056 30.4346

-32.8716 30.3311
-32.8687 30.3223

-32.9056 30.4346
-32.9241 30.4907

-32.9277 30.5017
-32.9241 30.4907

-33.1523 31.1749
-33.1678 31.2207

-33.1678 31.2207
-33.1868 31.2769

-33.1868 31.2769
-33.2059 31.333

-33.2085 31.3406
-33.225 31.3892

-33.225 31.3892
-33.2442 31.4453

-33.2085 31.3406
-33.2059 31.333

-32.9427 30.5469
-32.9612 30.603

-32.9613 30.603
-32.9799 30.6592

-32.9839 30.6713
-32.9985 30.7153

-32.9985 30.7153
-33.0172 30.7715

-32.9839 30.6713
-32.9799 30.6592

-33.04 30.84
-33.0547 30.8838

-33.0547 30.8838
-33.0734 30.9399

-33.0734 30.9399
-33.0922 30.9961

-33.0172 30.7715
-33.0359 30.8276

-33.04 30.84
-33.0359 30.8276

-33.0962 31.0079
-33.111 31.0522

-33.111 31.0522
-33.1299 31.1084

-33.0962 31.008
-33.0922 30.9961

-33.1299 31.1084
-33.1488 31.1646

-33.1523 31.1749
-33.1488 31.1646

-33.377 31.8343
-33.3975 31.8945

-33.2646 31.505
-33.2826 31.5576

-33.3208 31.6694
-33.321 31.6699

-33.2826 31.5576
-33.3018 31.6138

-33.3208 31.6694
-33.3018 31.6138

-33.2442 31.4453
-33.2634 31.5015

-33.2646 31.5051
-33.2634 31.5015

-33.321 31.6699
-33.3401 31.7261

-33.3401 31.7261
-33.3592 31.7822

-33.377 31.8343
-33.3592 31.7822

-33.4331 31.9989
-33.4358 32.0068

-33.3975 31.8945
-33.4166 31.9507

-33.4331 31.9989
-33.4166 31.9507

-33.4358 32.0068
-33.4551 32.063

-33.4551 32.063
-33.4744 32.1191

-33.4893 32.1618
-33.5134 32.2314

-33.5454 32.3229
-33.5527 32.3438

-33.5134 32.2314
-33.533 32.2876

-33.5454 32.3229
-33.533 32.2876

-33.4893 32.1619
-33.4745 32.1191

-32.4785 29.1023
-32.4913 29.1431

-32.4913 29.1431
-32.5089 29.1992

-32.369 28.75
-32.3864 28.8062

-32.3864 28.8062
-32.4037 28.8623

-32.4224 28.9223
-32.4386 28.9746

-32.4037 28.8623
-32.4212 28.9185

-32.4224 28.9223
-32.4212 28.9185

-32.4386 28.9746
-32.4561 29.0308

-32.4561 29.0308
-32.4737 29.0869

-32.4785 29.1023
-32.4737 29.0869

-32.5347 29.2807
-32.5444 29.3115

-32.5089 29.1992
-32.5266 29.2554

-32.5347 29.2807
-32.5267 29.2554

-32.5444 29.3115
-32.5622 29.3677

-32.5622 29.3677
-32.5801 29.4238

-32.5908 29.4576
-32.6158 29.5361

-32.647 29.634
-32.6516 29.6484

-32.6158 29.5361
-32.6337 29.5923

-32.647 29.634
-32.6337 29.5923

-32.5908 29.4577
-32.5801 29.4238

-32.6516 29.6484
-32.6695 29.7046

-32.6695 29.7046
-32.6874 29.7607

-32.7031 29.8101
-32.6874 29.7607

-33.6016 32.4824
-33.6121 32.5122

-33.6121 32.5122
-33.6319 32.5684

-33.6577 32.6409
-33.6719 32.6807

-33.6319 32.5684
-33.6519 32.6245

-33.6577 32.6409
-33.6519 32.6245

-33.6719 32.6807
-33.6919 32.7368

-33.6919 32.7368
-33.7119 32.793

-33.8262 33.1108
-33.8331 33.1299

-33.8331 33.1299
-33.8534 33.186

-33.8534 33.186
-33.8737 33.2422

-33.7139 32.7984
-33.732 32.8491

-33.732 32.8491
-33.7522 32.9053

-33.77 32.9549
-33.7724 32.9614

-33.7724 32.9614
-33.7926 33.0176

-33.77 32.9549
-33.7522 32.9053

-33.7139 32.7984
-33.7119 32.793

-33.7926 33.0176
-33.8128 33.0737

-33.8262 33.1108
-33.8128 33.0737

-34.0508 33.7288
-34.0783 33.8037

-34.1069 33.8811
-34.1198 33.916

-34.0783 33.8037
-34.0991 33.8599

-34.1069 33.8811
-34.0991 33.8599

-34.1631 34.0325
-34.1824 34.0845

-34.1824 34.0845
-34.2033 34.1406

-34.1198 33.916
-34.1407 33.9722

-34.1407 33.9722
-34.1615 34.0283

-34.1631 34.0326
-34.1615 34.0283

-33.9385 33.421
-33.9551 33.4668

-33.8823 33.2661
-33.894 33.2983

-33.894 33.2983
-33.9143 33.3545

-33.8823 33.2661
-33.8737 33.2422

-33.9143 33.3545
-33.9347 33.4106

-33.9385 33.421
-33.9347 33.4106

-33.9946 33.5754
-33.996 33.5791

-33.9551 33.4668
-33.9755 33.5229

-33.9946 33.5754
-33.9755 33.5229

-33.996 33.5791
-34.0165 33.6353

-34.0165 33.6353
-34.037 33.6914

-34.0508 33.7288
-34.037 33.6914

-33.5527 32.3438
-33.5724 32.3999

-33.5724 32.3999
-33.5922 32.4561

-33.6016 32.4825
-33.5922 32.4561

-34.2754 34.3339
-34.2871 34.3652

-34.2871 34.3652
-34.3081 34.4214

-34.3081 34.4214
-34.3292 34.4775

-34.3315 34.4838
-34.3503 34.5337

-34.3503 34.5337
-34.3715 34.5898

-34.3315 34.4838
-34.3292 34.4775

-34.2192 34.1834
-34.2242 34.1968

-34.2242 34.1968
-34.2451 34.2529

-34.2192 34.1834
-34.2033 34.1406

-34.2451 34.2529
-34.2661 34.3091

-34.2754 34.3339
-34.2661 34.3091

-34.3877 34.6326
-34.414 34.7021

-34.4438 34.7804
-34.4568 34.8145

-34.4141 34.7021
-34.4354 34.7583

-34.4438 34.7804
-34.4354 34.7583

-34.3877 34.6326
-34.3715 34.5898

-34.4568 34.8145
-34.4783 34.8706

-34.4783 34.8706
-34.4998 34.9268

-34.5 34.9274
-34.4998 34.9268

-77.625 120.234
-77.7101 120.391

-77.6643 120.391
-78.5565 122.188

-81.2188 126.827
-81.6029 127.578

-81.5313 127.578
-82.3848 129.375

-79.4219 123.798
-79.5259 123.984

-79.5823 123.984
-80.6586 125.781

-79.4219 123.82
-78.5088 122.188

-81.2188 126.751
-80.7229 125.781

-84.8125 133.491
-85.419 134.766

-85.3123 134.766
-86.1886 136.562

-88.4062 139.775
-88.6529 140.156

-90.2031 142.322
-91.1991 143.75

-88.505 140.156
-89.6673 141.953

-90.2031 142.863
-89.5243 141.953

-86.6094 137.16
-87.3941 138.359

-88.4062 139.714
-87.5307 138.359

-86.6094 137.33
-86.1069 136.562

-83.0156 130.48
-83.4166 131.172

-83.5057 131.172
-84.5752 132.969

-83.0156 130.545
-82.3378 129.375

-84.8125 133.321
-84.6451 132.969

-75.8281 117.12
-76.693 118.594

-74.6362 115
-75.6016 116.797

-75.8281 117.171
-75.6083 116.797

-77.625 120.222
-76.7412 118.594

-92 144.482
-91.4895 143.75

