-41.6875 85.8757
-41.9211 86.25

-34.5 74.5244
-35.1118 75.4688

-36.2969 77.3149
-37.4098 79.0625

-35.1153 75.4688
-36.2668 77.2656

-36.2969 77.2851
-36.2845 77.2656

-38.0938 80.1498
-38.5409 80.8594

-38.5386 80.8594
-39.6669 82.6562

-39.8906 83.0102
-40.7983 84.4531

-41.6875 85.8696
-40.8033 84.4531

-39.8906 82.9838
-39.6846 82.6562

-38.0938 80.1371
-37.4166 79.0625

-50.6719 100.379
-50.8226 100.625

-48.875 97.4616
-49.7198 98.8281

-50.6719 100.375
-49.7232 98.8281

-56.0625 109.178
-56.3258 109.609

-56.3219 109.609
-57.4173 111.406

-57.8594 112.128
-58.5152 113.203

-58.5165 113.203
-59.6073 115

-57.8594 112.106
-57.4323 111.406

-52.4688 103.308
-53.0264 104.219

-54.2656 106.246
-55.228 107.812

-53.0242 104.219
-54.1224 106.016

-54.2656 106.216
-54.1425 106.016

-50.8201 100.625
-51.9241 102.422

-52.4688 103.29
-51.9372 102.422

-56.0625 109.169
-55.2351 107.812

-45.2812 91.6522
-46.3888 93.4375

-43.4844 88.7554
-44.1627 89.8438

-41.9184 86.25
-43.0407 88.0469

-43.4844 88.7343
-43.0559 88.0469

-44.1634 89.8438
-45.2752 91.6406

-47.0781 94.5531
-47.4991 95.2344

-47.4972 95.2344
-48.607 97.0312

-47.0781 94.5403
-46.3967 93.4375

-48.875 97.4342
-48.6259 97.0312

-20.125 52.6613
-20.9909 53.9062

-21.9219 55.2489
-22.2361 55.7031

-22.2361 55.7031
-23.4725 57.5

-21.9219 55.2458
-20.9952 53.9062

-12.9375 42.3901
-13.4668 43.125

-7.54688 35.1089
-8.18179 35.9375

-5.75 32.8038
-6.80415 34.1406

-7.54688 35.1089
-6.8049 34.1406

-9.34375 37.4969
-9.52162 37.7344

-9.51865 37.7344
-10.8516 39.5312

-11.1406 39.9207
-12.1729 41.3281

-12.9375 42.3875
-12.1745 41.3281

-11.1406 39.9165
-10.8581 39.5312

-9.34375 37.4968
-8.17579 35.9375

-18.3281 50.0734
-18.494 50.3125

-16.5312 47.4882
-17.2474 48.5156

-18.3281 50.0721
-17.2482 48.5156

-14.7344 44.9144
-14.7397 44.9219

-14.7362 44.9219
-15.9963 46.7188

-14.7344 44.9148
-13.4667 43.125

-16.5312 47.4813
-15.9997 46.7188

-18.4925 50.3125
-19.7408 52.1094

-20.125 52.6514
-19.748 52.1094

-2.15625 28.3974
-2.45056 28.75

1.4375 24.1271
1.42187 24.1455

1.38135 24.1933
1.37422 24.2017

1.3744 24.2017
1.32668 24.2578

1.38135 24.1934
1.42203 24.1455

0.988281 24.6574
0.946382 24.707

0.763672 24.9232
0.756528 24.9316

0.756718 24.9316
0.567804 25.1562

0.763672 24.9237
0.946517 24.707

1.15674 24.4581
1.13614 24.4824

1.21289 24.3918
1.18371 24.4263

1.15674 24.4583
1.18388 24.4263

1.10059 24.5246
1.04123 24.5947

0.988281 24.6573
1.04114 24.5947

1.10059 24.5247
1.13634 24.4824

1.26904 24.3257
1.23134 24.3701

1.3252 24.2595
1.2789 24.314

1.26904 24.3256
1.27894 24.314

1.21289 24.3919
1.23134 24.3701

1.3252 24.2595
1.32663 24.2578

-0.359375 26.2545
-0.947723 26.9531

-2.15625 28.3991
-0.949197 26.9531

0.0898438 25.7225
-0.190629 26.0547

0.539062 25.1912
0.189644 25.6055

0.0898438 25.7231
0.189152 25.6055

-0.359375 26.2586
-0.187652 26.0547

0.539062 25.1918
0.569048 25.1562

3.68359 21.4974
3.67586 21.5063

3.6763 21.5063
3.6278 21.5625

4.02051 21.1102
4.01784 21.1133

4.13281 20.9816
4.11585 21.001

4.07666 21.0458
4.06678 21.0571

4.02051 21.1104
4.06701 21.0571

4.07666 21.046
4.11602 21.001

3.85205 21.3038
3.8224 21.3379

3.9082 21.2391
3.87106 21.2817

3.85205 21.3038
3.87119 21.2817

3.73975 21.4331
3.72489 21.4502

3.7959 21.3681
3.77339 21.394

3.73975 21.433
3.77352 21.394

3.68359 21.498
3.72491 21.4502

3.7959 21.3685
3.82254 21.3379

3.96436 21.1748
3.92009 21.2256

4.01792 21.1133
3.96895 21.1694

3.96436 21.1748
3.96902 21.1694

3.9082 21.2392
3.92004 21.2256

4.41357 20.6613
4.41115 20.6641

4.46973 20.5964
4.45959 20.6079

4.41357 20.6609
4.46001 20.6079

4.52588 20.533
4.50933 20.5518

4.58203 20.469
4.55852 20.4956

4.52588 20.5328
4.55866 20.4956

4.46973 20.5969
4.50936 20.5518

5.03125 19.961
5.0053 19.9902

4.91895 20.0877
4.90583 20.1025

4.86279 20.1512
4.85619 20.1587

4.85645 20.1587
4.80678 20.2148

4.86279 20.1515
4.90605 20.1025

4.9751 20.0242
4.95546 20.0464

4.91895 20.088
4.95575 20.0464

4.9751 20.0245
5.00544 19.9902

4.63818 20.4055
4.60826 20.4395

4.69434 20.3419
4.65771 20.3833

4.63818 20.4056
4.65781 20.3833

4.75049 20.2786
4.70751 20.3271

4.80664 20.2149
4.75705 20.271

4.75049 20.2785
4.75712 20.271

4.69434 20.342
4.70744 20.3271

4.58203 20.4694
4.60843 20.4395

4.80664 20.215
4.80674 20.2148

4.24512 20.8532
4.21407 20.8887

4.35742 20.7249
4.31233 20.7764

4.30127 20.789
4.26322 20.8325

4.24512 20.8532
4.26321 20.8325

4.30127 20.789
4.3123 20.7764

4.18896 20.9173
4.1649 20.9448

4.13281 20.9819
4.16521 20.9448

4.18896 20.9177
4.21427 20.8887

4.41078 20.6641
4.36154 20.7202

4.35742 20.7249
4.36154 20.7202

8.625 16.1531
8.60457 16.1719

7.72656 17.0227
7.67978 17.0703

7.27734 17.489
7.24835 17.5195

7.05273 17.7275
7.03719 17.7441

6.94043 17.8479
6.93244 17.8564

6.88428 17.9083
6.88033 17.9126

6.88059 17.9126
6.82843 17.9688

6.88428 17.9087
6.9328 17.8564

6.99658 17.7876
6.98474 17.8003

6.94043 17.8482
6.98505 17.8003

6.99658 17.788
7.03752 17.7441

7.16504 17.6078
7.14237 17.6318

7.10889 17.6676
7.08972 17.688

7.05273 17.728
7.09013 17.688

7.10889 17.668
7.14277 17.6318

7.22119 17.5482
7.19522 17.5757

7.16504 17.6083
7.1957 17.5757

7.22119 17.5486
7.24863 17.5195

7.50195 17.2538
7.46234 17.2949

7.38965 17.371
7.35496 17.4072

7.3335 17.4299
7.30167 17.4634

7.27734 17.4891
7.30168 17.4634

7.3335 17.4299
7.35502 17.4072

7.4458 17.3123
7.40864 17.3511

7.38965 17.3709
7.40859 17.3511

7.4458 17.3122
7.46237 17.2949

7.61426 17.1377
7.57057 17.1826

7.55811 17.1956
7.51645 17.2388

7.50195 17.2538
7.5164 17.2388

7.55811 17.1956
7.57062 17.1826

7.67041 17.0801
7.62517 17.1265

7.61426 17.1377
7.62512 17.1265

7.67041 17.08
7.67985 17.0703

8.17578 16.5762
8.12973 16.6211

7.95117 16.7966
7.90207 16.8457

7.83887 16.9091
7.7902 16.958

7.78271 16.9658
7.73498 17.0142

7.72656 17.0227
7.73492 17.0142

7.78271 16.9657
7.79028 16.958

7.89502 16.8528
7.84605 16.9019

7.83887 16.909
7.84598 16.9019

7.89502 16.8527
7.90201 16.8457

8.06348 16.6857
8.0152 16.7334

8.00732 16.7412
7.95849 16.7896

7.95117 16.7968
7.95846 16.7896

8.00732 16.7412
8.0152 16.7334

8.11963 16.631
8.07234 16.6772

8.06348 16.6859
8.07228 16.6772

8.11963 16.631
8.12978 16.6211

8.40039 16.3618
8.36379 16.3965

8.28809 16.4682
8.24589 16.5088

8.23193 16.5222
8.18768 16.5649

8.17578 16.5763
8.1876 16.5649

8.23193 16.5222
8.24595 16.5088

8.34424 16.415
8.3047 16.4526

8.28809 16.4683
8.30459 16.4526

8.34424 16.415
8.36383 16.3965

8.5127 16.2564
8.48293 16.2842

8.45654 16.309
8.42317 16.3403

8.40039 16.3618
8.42328 16.3403

8.45654 16.3095
8.48381 16.2842

8.56885 16.2048
8.54367 16.228

8.5127 16.2572
8.54428 16.228

8.56885 16.2054
8.60539 16.1719

5.25586 19.7079
5.25447 19.7095

5.25476 19.7095
5.20469 19.7656

5.42432 19.5192
5.40489 19.541

5.48047 19.456
5.45473 19.4849

5.42432 19.5191
5.45486 19.4849

5.31201 19.6457
5.30526 19.6533

5.36816 19.5818
5.35449 19.5972

5.31201 19.6453
5.35489 19.5972

5.25586 19.7083
5.30494 19.6533

5.36816 19.5824
5.40499 19.541

5.64893 19.2677
5.60538 19.3164

5.70508 19.2049
5.65549 19.2603

5.64893 19.2677
5.65557 19.2603

5.81738 19.0799
5.80667 19.0918

5.92969 18.9548
5.90743 18.9795

5.87354 19.0173
5.85706 19.0356

5.81738 19.0802
5.85738 19.0356

5.87354 19.0176
5.90779 18.9795

5.76123 19.1423
5.75614 19.1479

5.75638 19.1479
5.7059 19.2041

5.76123 19.1426
5.80688 19.0918

5.70508 19.205
5.70589 19.2041

5.53662 19.3933
5.50506 19.4287

5.59277 19.3304
5.55505 19.3726

5.53662 19.3934
5.55517 19.3726

5.48047 19.4565
5.50527 19.4287

5.59277 19.3304
5.6053 19.3164

6.04199 18.8303
6.00876 18.8672

6.1543 18.7059
6.11003 18.7549

6.09814 18.7681
6.05941 18.811

6.04199 18.8303
6.05938 18.811

6.09814 18.768
6.11001 18.7549

6.2666 18.5815
6.26215 18.5864

6.26243 18.5864
6.21152 18.6426

6.32275 18.5204
6.31375 18.5303

6.37891 18.4579
6.36414 18.4741

6.32275 18.52
6.36449 18.4741

6.2666 18.5819
6.31355 18.5303

6.21045 18.6438
6.1608 18.6987

6.1543 18.7059
6.16078 18.6987

6.21045 18.6437
6.21148 18.6426

6.43506 18.3969
6.41578 18.418

6.49121 18.335
6.46666 18.3618

6.43506 18.3967
6.46688 18.3618

6.54736 18.2739
6.5183 18.3057

6.60352 18.2127
6.56972 18.2495

6.54736 18.274
6.5698 18.2495

6.49121 18.3356
6.51858 18.3057

6.65967 18.1517
6.62142 18.1934

6.71582 18.0906
6.67285 18.1372

6.65967 18.1517
6.67297 18.1372

6.77197 18.03
6.72481 18.0811

6.82812 17.969
6.77643 18.0249

6.77197 18.0299
6.77655 18.0249

6.71582 18.0907
6.72467 18.0811

6.60352 18.2128
6.62133 18.1934

6.37891 18.4585
6.4158 18.418

5.98584 18.8926
5.95817 18.9233

5.92969 18.9553
5.95841 18.9233

5.98584 18.8927
6.0088 18.8672

5.14355 19.8344
5.10487 19.8779

5.0874 19.8977
5.05512 19.9341

5.03125 19.961
5.05514 19.9341

5.0874 19.8976
5.10487 19.8779

5.19971 19.7713
5.15478 19.8218

5.14355 19.8344
5.15475 19.8218

5.19971 19.7712
5.20465 19.7656

6.82812 17.9691
6.82845 17.9688

2.11133 23.3345
2.09015 23.3594

2.33594 23.0702
2.32879 23.0786

2.32924 23.0786
2.28143 23.1348

2.22363 23.2027
2.18584 23.2471

2.16748 23.2687
2.13812 23.3032

2.11133 23.3349
2.13827 23.3032

2.16748 23.2687
2.1859 23.2471

2.27979 23.1367
2.2336 23.1909

2.22363 23.2026
2.2336 23.1909

2.27979 23.1366
2.28133 23.1348

2.89746 22.4121
2.85571 22.4609

2.95361 22.3468
2.95207 22.3486

3.00977 22.2804
2.99944 22.2925

2.95361 22.3465
2.9998 22.2925

2.95178 22.3486
2.90373 22.4048

2.89746 22.4121
2.90371 22.4048

3.06592 22.215
3.04767 22.2363

3.12207 22.1498
3.09597 22.1802

3.06592 22.2154
3.0961 22.1802

3.17822 22.0844
3.14426 22.124

3.23438 22.0189
3.19234 22.0679

3.17822 22.0844
3.19241 22.0679

3.12207 22.1498
3.14421 22.124

3.00977 22.2809
3.04795 22.2363

2.50439 22.8731
2.47284 22.9102

2.56055 22.8069
2.52052 22.854

2.50439 22.873
2.5206 22.854

2.67285 22.6749
2.6638 22.6855

2.78516 22.5435
2.75979 22.5732

2.729 22.6091
2.7117 22.6294

2.67285 22.6752
2.71189 22.6294

2.729 22.6094
2.75989 22.5732

2.6167 22.7409
2.61599 22.7417

2.61617 22.7417
2.56833 22.7979

2.6167 22.7411
2.66401 22.6855

2.56055 22.807
2.56835 22.7979

2.39209 23.0049
2.3771 23.0225

2.44824 22.9389
2.42484 22.9663

2.39209 23.0048
2.4249 22.9663

2.33594 23.0708
2.37711 23.0225

2.44824 22.939
2.4728 22.9102

2.84131 22.4779
2.8078 22.5171

2.78516 22.5436
2.80781 22.5171

2.84131 22.4778
2.85571 22.4609

1.71826 23.7967
1.70812 23.8086

1.77441 23.7304
1.75566 23.7524

1.71826 23.7965
1.75579 23.7524

1.83057 23.6646
1.80364 23.6963

1.88672 23.5983
1.85124 23.6401

1.83057 23.6646
1.85135 23.6401

1.77441 23.7307
1.80373 23.6963

1.5498 23.9948
1.51722 24.0332

1.66211 23.8621
1.65988 23.8647

1.66027 23.8647
1.61251 23.9209

1.60596 23.9286
1.56483 23.9771

1.5498 23.9948
1.56483 23.9771

1.60596 23.9285
1.61244 23.9209

1.49365 24.061
1.46965 24.0894

1.4375 24.1274
1.46975 24.0894

1.49365 24.0611
1.51731 24.0332

1.66211 23.8626
1.70808 23.8086

1.99902 23.4663
1.99447 23.4717

1.94287 23.5324
1.89895 23.584

1.99462 23.4717
1.94678 23.5278

1.94287 23.5323
1.9467 23.5278

2.05518 23.4004
2.04229 23.4155

1.99902 23.4665
2.04247 23.4155

2.05518 23.4006
2.09034 23.3594

1.88672 23.5984
1.89899 23.584

3.45898 21.7582
3.43405 21.7871

3.34668 21.8883
3.33711 21.8994

3.29053 21.9535
3.28876 21.9556

3.28895 21.9556
3.24062 22.0117

3.29053 21.9537
3.3373 21.8994

3.40283 21.8232
3.3855 21.8433

3.34668 21.8886
3.38572 21.8433

3.40283 21.8235
3.43417 21.7871

3.57129 21.628
3.53087 21.6748

3.51514 21.6931
3.48251 21.731

3.45898 21.7583
3.48252 21.731

3.51514 21.693
3.53086 21.6748

3.62744 21.5629
3.57932 21.6187

3.57129 21.628
3.57932 21.6187

3.62744 21.5628
3.62771 21.5625

3.23438 22.019
3.24064 22.0117

10.9834 14.3465
10.9391 14.375

11.0396 14.3106
11.0266 14.3188

10.9834 14.3469
11.0275 14.3188

11.0396 14.311
11.0957 14.2754

11.3203 14.1349
11.2953 14.1504

11.1519 14.24
11.1159 14.2627

11.208 14.2048
11.2052 14.2065

11.1519 14.24
11.2053 14.2065

11.0957 14.2755
11.1161 14.2627

11.208 14.2049
11.2642 14.1699

11.2642 14.17
11.2958 14.1504

11.7134 13.8961
11.6639 13.9258

11.7695 13.8624
11.7574 13.8696

11.7134 13.8963
11.7582 13.8696

11.3203 14.1353
11.3765 14.1006

11.4326 14.0659
11.3864 14.0942

11.3765 14.1006
11.3868 14.0942

11.4888 14.0318
11.4785 14.0381

11.4888 14.0319
11.5449 13.9976

11.4326 14.0662
11.4788 14.0381

11.6011 13.9635
11.5706 13.9819

11.5449 13.9978
11.5711 13.9819

11.6011 13.9638
11.6572 13.93

11.6572 13.93
11.6643 13.9258

11.8818 13.7958
11.8521 13.8135

11.7695 13.8627
11.8257 13.8293

11.8257 13.8294
11.8526 13.8135

11.8818 13.7962
11.938 13.7631

11.9941 13.7299
11.9474 13.7573

11.938 13.7631
11.9478 13.7573

12.1064 13.6644
12.0435 13.7012

12.1626 13.6315
12.1393 13.645

12.1064 13.6644
12.1398 13.645

12.1626 13.6318
12.2188 13.5992

11.9941 13.7302
12.0438 13.7012

13.9595 12.5727
13.9508 12.5781

13.9595 12.5728
14.0156 12.5373

12.4434 13.4691
12.4305 13.4766

12.4434 13.4694
12.4995 13.437

12.5557 13.4044
12.5279 13.4204

12.4995 13.437
12.5283 13.4204

12.668 13.3398
12.6255 13.3643

12.5557 13.4047
12.6118 13.3724

12.6118 13.3724
12.626 13.3643

12.8364 13.2429
12.8207 13.252

12.8364 13.2429
12.8926 13.2104

12.7241 13.3074
12.7229 13.3081

12.668 13.3401
12.7235 13.3081

12.7241 13.3075
12.7803 13.2751

12.7803 13.2754
12.821 13.252

12.9487 13.1779
12.9177 13.1958

12.8926 13.2105
12.9181 13.1958

12.9487 13.1781
13.0049 13.1457

13.061 13.1129
13.0151 13.1396

13.1172 13.0802
13.1116 13.0835

13.061 13.1129
13.1115 13.0835

13.0049 13.1457
13.0153 13.1396

12.2749 13.5665
12.2364 13.5889

12.2749 13.5665
12.3311 13.534

12.2188 13.5993
12.2367 13.5889

12.3872 13.5016
12.3332 13.5327

12.3311 13.5341
12.3335 13.5327

12.3872 13.5019
12.4312 13.4766

13.2295 13.0143
13.2072 13.0273

13.2295 13.0146
13.2856 12.9814

13.3418 12.948
13.3026 12.9712

13.2856 12.9814
13.303 12.9712

13.4541 12.8814
13.3975 12.915

13.3418 12.9483
13.3978 12.915

13.5103 12.8476
13.4913 12.8589

13.4541 12.8816
13.4921 12.8589

13.5103 12.8479
13.5664 12.8141

13.1172 13.0802
13.1733 13.0474

13.1733 13.0475
13.2077 13.0273

13.6226 12.7801
13.5852 12.8027

13.6787 12.7461
13.6779 12.7466

13.6226 12.7802
13.6779 12.7466

13.791 12.6773
13.7695 12.6904

13.6787 12.7461
13.7349 12.7119

13.7349 12.7119
13.7699 12.6904

13.5664 12.8142
13.5854 12.8027

13.791 12.6775
13.8472 12.6428

13.9033 12.6077
13.8606 12.6343

13.8472 12.6428
13.8609 12.6343

13.9033 12.608
13.9511 12.5781

14.1279 12.4656
14.1275 12.4658

14.0718 12.5015
14.0395 12.522

14.0156 12.5373
14.0399 12.522

14.0718 12.5017
14.1279 12.4659

14.1279 12.4658
14.1841 12.4296

14.2402 12.393
14.2145 12.4097

14.1841 12.4297
14.2149 12.4097

14.3525 12.3193
14.3007 12.3535

14.4087 12.2815
14.3849 12.2974

14.3525 12.3192
14.3852 12.2974

14.4087 12.2817
14.4648 12.2439

14.2402 12.3932
14.2964 12.3565

14.2964 12.3565
14.3008 12.3535

14.6895 12.0885
14.6316 12.1289

14.8018 12.008
14.7897 12.0166

14.7456 12.0482
14.7111 12.0728

14.6895 12.0883
14.7113 12.0728

14.7456 12.0485
14.7901 12.0166

14.8018 12.0082
14.8579 11.9673

14.9141 11.926
14.8672 11.9604

14.8579 11.9673
14.8673 11.9604

14.521 12.2055
14.4687 12.2412

14.5771 12.1667
14.5504 12.1851

14.521 12.2055
14.5508 12.1851

14.4648 12.2439
14.4687 12.2412

14.5771 12.1669
14.6318 12.1289

15.251 11.6676
15.2356 11.6797

15.3071 11.6225
15.3058 11.6235

15.251 11.6677
15.3061 11.6235

15.3071 11.6228
15.3633 11.5772

15.8125 11.1908
15.7682 11.2305

15.5317 11.4368
15.5101 11.4551

15.5879 11.3892
15.5765 11.3989

15.5317 11.437
15.5762 11.3989

15.4194 11.531
15.3752 11.5674

15.4756 11.4842
15.4431 11.5112

15.4194 11.531
15.4433 11.5112

15.3633 11.5772
15.3752 11.5674

15.4756 11.4844
15.5104 11.4551

15.644 11.34
15.6409 11.3428

15.644 11.3404
15.7002 11.2912

15.5879 11.389
15.6413 11.3428

15.7563 11.2412
15.7053 11.2866

15.7002 11.2911
15.7052 11.2866

15.7563 11.2412
15.7683 11.2305

14.9702 11.8842
14.9432 11.9043

15.0264 11.8421
15.0183 11.8481

14.9702 11.8842
15.0182 11.8481

15.1387 11.7561
15.0918 11.792

15.0264 11.842
15.0825 11.7993

15.0825 11.7993
15.0919 11.792

14.9141 11.926
14.9432 11.9043

15.1948 11.7119
15.1642 11.7358

15.1387 11.7558
15.1643 11.7358

15.1948 11.7122
15.236 11.6797

19.4062 6.34707
19.3822 6.40137

19.3501 6.47154
19.3306 6.51367

19.382 6.40137
19.3565 6.45752

19.3501 6.47152
19.3566 6.45752

19.2939 6.5914
19.2776 6.62598

19.2378 6.70774
19.2228 6.73828

19.2775 6.62598
19.2503 6.68213

19.2378 6.70771
19.2504 6.68213

19.3306 6.51367
19.3043 6.56982

19.2939 6.59159
19.3043 6.56982

19.1816 6.82022
19.1664 6.85059

19.1255 6.92975
19.1082 6.96289

19.1663 6.85059
19.1375 6.90674

19.1255 6.92973
19.1375 6.90674

19.0693 7.03597
19.0484 7.0752

19.0132 7.13978
18.9869 7.1875

19.0484 7.0752
19.0178 7.13135

19.0132 7.13977
19.0178 7.13135

19.1082 6.96289
19.0785 7.01904

19.0693 7.03618
19.0785 7.01904

19.2228 6.73828
19.1948 6.79443

19.1816 6.82038
19.1948 6.79443

20.4656 0
20.4655 0.0561523

20.4655 0.0561523
20.4653 0.112305

20.4653 0.112305
20.465 0.168457

20.465 0.168457
20.4646 0.224609

20.4646 0.224609
20.4641 0.280762

20.4641 0.280762
20.4635 0.336914

20.4635 0.336914
20.4627 0.393066

20.4627 0.393066
20.4619 0.449219

20.4619 0.449219
20.4609 0.505371

20.4609 0.505371
20.4598 0.561523

20.4598 0.561523
20.4586 0.617676

20.4586 0.617676
20.4573 0.673828

20.4573 0.673828
20.4559 0.72998

20.4559 0.72998
20.4543 0.786133

20.4543 0.786133
20.4527 0.842285

20.4527 0.842285
20.451 0.898438

20.451 0.898438
20.4491 0.95459

20.4491 0.95459
20.4472 1.01074

20.4472 1.01074
20.4451 1.06689

20.4451 1.06689
20.4429 1.12305

20.4429 1.12305
20.4406 1.1792

20.4406 1.1792
20.4382 1.23535

20.4382 1.23535
20.4356 1.2915

20.4356 1.2915
20.433 1.34766

20.433 1.34766
20.4302 1.40381

20.4302 1.40381
20.4272 1.45996

20.4272 1.45996
20.4242 1.51611

20.4242 1.51611
20.421 1.57227

20.417 1.63813
20.4142 1.68457

20.4142 1.68457
20.4069 1.79688

20.421 1.57227
20.4176 1.62842

20.417 1.63893
20.4176 1.62842

20.3047 2.89574
20.3018 2.91992

20.3018 2.91992
20.2877 3.03223

20.2876 3.03223
20.2803 3.08838

20.2803 3.08838
20.2728 3.14453

20.2728 3.14453
20.2651 3.20068

20.2651 3.20068
20.2572 3.25684

20.2485 3.3172
20.2409 3.36914

20.2572 3.25684
20.2492 3.31299

20.2485 3.3172
20.2492 3.31299

20.2409 3.36914
20.2323 3.42529

20.2324 3.42529
20.2236 3.48145

20.2236 3.48145
20.2147 3.5376

20.2147 3.5376
20.2056 3.59375

20.4068 1.79688
20.403 1.85303

20.403 1.85303
20.399 1.90918

20.399 1.90918
20.3948 1.96533

20.3948 1.96533
20.3906 2.02148

20.3906 2.02148
20.3862 2.07764

20.3862 2.07764
20.3816 2.13379

20.3816 2.13379
20.3769 2.18994

20.3769 2.18994
20.3721 2.24609

20.3721 2.24609
20.3671 2.30225

20.3671 2.30225
20.362 2.3584

20.3608 2.37046
20.3567 2.41455

20.3567 2.41455
20.3512 2.4707

20.3608 2.37046
20.362 2.3584

20.3512 2.4707
20.3456 2.52686

20.3456 2.52686
20.3399 2.58301

20.3399 2.58301
20.3339 2.63916

20.334 2.63916
20.3279 2.69531

20.3279 2.69531
20.3216 2.75146

20.3216 2.75146
20.3152 2.80762

20.3152 2.80762
20.3086 2.86377

20.3047 2.89591
20.3086 2.86377

20.1924 3.67241
20.1867 3.70605

20.1867 3.70605
20.1768 3.76221

20.1768 3.76221
20.1668 3.81836

20.2056 3.59375
20.1963 3.6499

20.1924 3.67266
20.1963 3.6499

20.1668 3.81836
20.1565 3.87451

20.1565 3.87451
20.146 3.93066

20.1362 3.98219
20.1353 3.98682

20.1353 3.98682
20.1243 4.04297

20.1362 3.98216
20.1461 3.93066

20.0801 4.25687
20.0778 4.26758

20.0778 4.26758
20.0654 4.32373

20.0654 4.32373
20.0528 4.37988

20.0528 4.37988
20.0399 4.43604

20.0399 4.43604
20.0268 4.49219

20.1243 4.04297
20.1131 4.09912

20.113 4.09912
20.1015 4.15527

20.1016 4.15527
20.0898 4.21143

20.0801 4.25689
20.0898 4.21143

19.8555 5.1324
19.8455 5.16602

19.8454 5.16602
19.8281 5.22217

19.8282 5.22217
19.8106 5.27832

19.7993 5.31363
19.7927 5.33447

19.7928 5.33447
19.7745 5.39062

19.7993 5.31388
19.8106 5.27832

20.0239 4.50426
20.0134 4.54834

20.0134 4.54834
19.9997 4.60449

20.0239 4.50423
20.0268 4.49219

19.9996 4.60449
19.9856 4.66064

19.9856 4.66064
19.9713 4.7168

19.9678 4.73033
19.9567 4.77295

19.9567 4.77295
19.9417 4.8291

19.9116 4.93881
19.9109 4.94141

19.9417 4.8291
19.9265 4.88525

19.9116 4.93882
19.9265 4.88525

19.9678 4.73049
19.9713 4.7168

19.9109 4.94141
19.895 4.99756

19.895 4.99756
19.8788 5.05371

19.8788 5.05371
19.8623 5.10986

19.8555 5.1326
19.8623 5.10986

19.6309 5.7985
19.6154 5.83984

19.7432 5.48431
19.7369 5.50293

19.7369 5.50293
19.7175 5.55908

19.7175 5.55908
19.6978 5.61523

19.7745 5.39062
19.7558 5.44678

19.7432 5.48438
19.7559 5.44678

19.687 5.64539
19.6777 5.67139

19.6778 5.67139
19.6574 5.72754

19.687 5.64565
19.6979 5.61523

19.6573 5.72754
19.6365 5.78369

19.6309 5.79875
19.6365 5.78369

19.5747 5.94464
19.5718 5.95215

19.6153 5.83984
19.5937 5.896

19.5747 5.94466
19.5937 5.896

19.5718 5.95215
19.5495 6.0083

19.5494 6.0083
19.5267 6.06445

19.5186 6.08414
19.5035 6.12061

19.5036 6.12061
19.4801 6.17676

19.4624 6.2181
19.4561 6.23291

19.4562 6.23291
19.4319 6.28906

19.4624 6.21835
19.4801 6.17676

19.5186 6.08432
19.5267 6.06445

19.4319 6.28906
19.4072 6.34521

19.4062 6.34739
19.4072 6.34521

16.2617 10.7616
16.2423 10.7812

16.7109 10.2894
16.6724 10.332

16.4863 10.5311
16.4622 10.5566

16.374 10.6477
16.3535 10.6689

16.3179 10.705
16.2981 10.7251

16.2617 10.7619
16.2984 10.7251

16.3179 10.7054
16.3538 10.6689

16.4302 10.5897
16.408 10.6128

16.374 10.648
16.4083 10.6128

16.4302 10.5901
16.4623 10.5566

16.5986 10.4117
16.5684 10.4443

16.5425 10.4717
16.5154 10.5005

16.4863 10.5314
16.5157 10.5005

16.5425 10.472
16.5685 10.4443

16.6548 10.351
16.6206 10.3882

16.5986 10.4118
16.6206 10.3882

16.6548 10.3511
16.6723 10.332

17.104 9.84002
17.0678 9.88281

17.1602 9.77324
17.1152 9.82666

17.104 9.83998
17.1153 9.82666

17.4409 9.43129
17.4391 9.43359

17.4971 9.36081
17.4838 9.37744

17.4409 9.43115
17.4839 9.37744

17.5532 9.29022
17.5287 9.32129

17.6094 9.21879
17.573 9.26514

17.5532 9.29024
17.5731 9.26514

17.4971 9.36102
17.5287 9.32129

17.2725 9.63791
17.2558 9.6582

17.3848 9.50064
17.3481 9.5459

17.3286 9.56964
17.3021 9.60205

17.2725 9.63819
17.3022 9.60205

17.3286 9.56977
17.3481 9.5459

17.2163 9.70576
17.2092 9.71436

17.2094 9.71436
17.1625 9.77051

17.2163 9.706
17.2559 9.6582

17.1602 9.77332
17.1625 9.77051

17.439 9.43359
17.3937 9.48975

17.3848 9.50075
17.3937 9.48975

16.8794 10.1012
16.8739 10.1074

16.9355 10.0361
16.9224 10.0513

16.8794 10.1008
16.9227 10.0513

16.8232 10.1644
16.7739 10.2197

16.7671 10.2273
16.7233 10.2759

16.7109 10.2895
16.7234 10.2759

16.7671 10.2273
16.7739 10.2197

16.8736 10.1074
16.824 10.1636

16.8232 10.1645
16.824 10.1636

16.9917 9.97138
16.9712 9.99512

17.0479 9.90604
17.0197 9.93896

16.9917 9.97162
17.0198 9.93896

16.9355 10.0365
16.9714 9.99512

17.0479 9.90606
17.0677 9.88281

18.4517 8.06024
18.4345 8.08594

18.5078 7.97562
18.472 8.02979

18.4517 8.06043
18.4721 8.02979

17.834 8.927
17.7906 8.98438

18.0586 8.62385
18.0415 8.64746

18.0024 8.70076
18.0004 8.70361

18.0005 8.70361
17.9591 8.75977

18.0024 8.701
18.0416 8.64746

17.8901 8.85244
17.8755 8.87207

17.9463 8.77699
17.9174 8.81592

17.8901 8.85235
17.9174 8.81592

17.834 8.92713
17.8754 8.87207

17.9463 8.77708
17.9591 8.75977

18.2832 8.3078
18.2813 8.31055

18.1709 8.46764
18.1628 8.479

18.1629 8.479
18.1228 8.53516

18.2271 8.38833
18.2028 8.42285

18.2814 8.31055
18.2422 8.3667

18.2271 8.38834
18.2423 8.3667

18.1709 8.46779
18.2028 8.42285

18.3955 8.1438
18.3587 8.19824

18.3394 8.22632
18.3201 8.25439

18.2832 8.30792
18.3202 8.25439

18.3394 8.22647
18.3587 8.19824

18.4346 8.08594
18.3968 8.14209

18.3955 8.144
18.3968 8.14209

18.1147 8.54631
18.0823 8.59131

18.0586 8.62412
18.0824 8.59131

18.1147 8.54643
18.1229 8.53516

18.7324 7.62231
18.7237 7.63672

18.957 7.24062
18.9237 7.2998

18.9009 7.33918
18.8912 7.35596

18.8914 7.35596
18.8587 7.41211

18.9009 7.33946
18.9237 7.2998

18.8447 7.43564
18.8255 7.46826

18.8255 7.46826
18.792 7.52441

18.7886 7.53008
18.7581 7.58057

18.7324 7.62247
18.7581 7.58057

18.7886 7.53026
18.7921 7.52441

18.8447 7.43577
18.8587 7.41211

18.6201 7.80183
18.5822 7.86133

18.6763 7.71307
18.6537 7.74902

18.7237 7.63672
18.6889 7.69287

18.6763 7.71306
18.6889 7.69287

18.6201 7.80197
18.6537 7.74902

18.564 7.88938
18.5458 7.91748

18.5459 7.91748
18.5091 7.97363

18.564 7.88955
18.5822 7.86133

18.5078 7.97567
18.5092 7.97363

18.957 7.24079
18.9868 7.1875

17.7217 9.07403
17.7043 9.09668

17.6655 9.14663
17.6607 9.15283

17.6609 9.15283
17.6171 9.20898

17.6655 9.14688
17.7044 9.09668

17.7778 9.00098
17.7476 9.04053

17.7217 9.07431
17.7477 9.04053

17.7778 9.00111
17.7906 8.98438

17.6094 9.21885
17.6171 9.20898

16.0371 10.9816
16.0113 11.0059

15.9248 11.0874
15.8913 11.1182

15.8687 11.1394
15.8304 11.1743

15.8125 11.1906
15.8303 11.1743

15.8687 11.1394
15.8916 11.1182

15.981 11.0348
15.9519 11.062

15.9248 11.0875
15.9521 11.062

15.981 11.0352
16.0119 11.0059

16.1494 10.8731
16.1282 10.8936

16.0933 10.9276
16.0702 10.9497

16.0371 10.9817
16.0704 10.9497

16.0933 10.9279
16.1286 10.8936

16.2056 10.8178
16.1856 10.8374

16.1494 10.8732
16.1858 10.8374

16.2056 10.818
16.2425 10.7812

8.7373 16.0514
8.72833 16.0596

8.68115 16.1022
8.6663 16.1157

8.625 16.1537
8.66677 16.1157

8.68115 16.1026
8.72888 16.0596

8.79346 16.0014
8.79122 16.0034

8.7373 16.0518
8.7914 16.0034

8.79346 16.0017
8.84961 15.9518

8.90576 15.9023
8.85467 15.9473

8.96191 15.8533
8.91875 15.8911

8.90576 15.9025
8.91876 15.8911

9.01807 15.8043
8.9827 15.835

9.07422 15.7561
9.04769 15.7788

9.01807 15.8047
9.04831 15.7788

8.96191 15.8533
8.98303 15.835

8.84961 15.9519
8.85482 15.9473

9.13037 15.7081
9.11334 15.7227

9.18652 15.661
9.17999 15.6665

9.13037 15.7084
9.17982 15.6665

9.29883 15.567
9.24689 15.6104

9.18652 15.6609
9.24268 15.6139

9.24268 15.6139
9.2469 15.6104

9.41113 15.4749
9.3828 15.498

9.52344 15.3848
9.52222 15.3857

9.46729 15.4297
9.45218 15.4419

9.41113 15.4755
9.45285 15.4419

9.46729 15.4301
9.52271 15.3857

9.35498 15.5211
9.31472 15.5542

9.29883 15.5672
9.31464 15.5542

9.35498 15.521
9.38321 15.498

9.07422 15.7566
9.11396 15.7227

9.69189 15.2528
9.66539 15.2734

9.74805 15.2095
9.73787 15.2173

9.69189 15.2528
9.73805 15.2173

9.97266 15.0401
9.96103 15.0488

9.86035 15.1242
9.81172 15.1611

9.74805 15.2098
9.8042 15.1669

9.8042 15.1669
9.81183 15.1611

9.9165 15.0819
9.88566 15.105

9.86035 15.1242
9.88597 15.105

9.9165 15.0822
9.96162 15.0488

10.3096 14.7973
10.2716 14.8242

10.3657 14.7581
10.3515 14.7681

10.3096 14.7978
10.3522 14.7681

10.3657 14.7586
10.4219 14.7195

9.97266 15.0405
10.0288 14.9991

10.085 14.9579
10.0375 14.9927

10.0288 14.9992
10.0377 14.9927

10.1411 14.9174
10.1147 14.9365

10.1973 14.877
10.1926 14.8804

10.1411 14.9173
10.1928 14.8804

10.085 14.958
10.1146 14.9365

10.1973 14.8773
10.2534 14.8373

10.2534 14.8374
10.2721 14.8242

9.52344 15.3851
9.57959 15.3406

9.63574 15.2965
9.59356 15.3296

9.57959 15.3407
9.5937 15.3296

9.63574 15.2965
9.66538 15.2734

10.6465 14.5666
10.5975 14.5996

10.478 14.6806
10.4326 14.7119

10.5342 14.6423
10.5143 14.6558

10.478 14.681
10.5151 14.6558

10.4219 14.7196
10.4331 14.7119

10.5342 14.6427
10.5903 14.6046

10.5903 14.6047
10.5979 14.5996

10.7026 14.5291
10.681 14.5435

10.6465 14.567
10.682 14.5435

10.7026 14.5296
10.7588 14.4924

10.8149 14.4554
10.7663 14.4873

10.8711 14.4188
10.852 14.4312

10.8149 14.4557
10.8528 14.4312

10.7588 14.4925
10.7667 14.4873

10.8711 14.4192
10.9272 14.3829

10.9272 14.3829
10.9396 14.375

-3.95312 30.5716
-5.3858 32.3438

-2.44964 28.75
-3.92963 30.5469

-3.95312 30.5761
-3.92952 30.5469

-5.75 32.8076
-5.38421 32.3438

-27.3125 63.2307
-28.2537 64.6875

-32.7031 71.7531
-32.7808 71.875

-30.9062 68.921
-31.6363 70.0781

-32.7031 71.7515
-31.6372 70.0781

-29.1094 66.0468
-29.3854 66.4844

-29.379 66.4844
-30.505 68.2812

-29.1094 66.0412
-28.2555 64.6875

-30.9062 68.9027
-30.5141 68.2812

-25.5156 60.5103
-25.907 61.0938

-23.7188 57.8585
-24.7003 59.2969

-25.5156 60.5052
-24.7052 59.2969

-25.9073 61.0938
-27.0916 62.8906

-27.3125 63.214
-27.1036 62.8906

-23.7188 57.8461
-23.4826 57.5

-32.7812 71.875
-33.944 73.6719

-34.5 74.5072
-33.9588 73.6719

-63.25 120.99
-63.9767 122.188

-66.8438 126.926
-67.2353 127.578

-67.2278 127.578
-68.2949 129.375

-65.0469 123.968
-65.0568 123.984

-65.0562 123.984
-66.1494 125.781

-65.0469 123.968
-63.9739 122.188

-66.8438 126.911
-66.1654 125.781

-70.4375 132.947
-70.4502 132.969

-72.2344 136.053
-72.5312 136.562

-70.4501 132.969
-71.4979 134.766

-72.2344 136.045
-71.4893 134.766

-74.0312 139.063
-74.6707 140.156

-75.8281 142.203
-76.7782 143.75

-74.6509 140.156
-75.6885 141.953

-75.8281 142.188
-75.6839 141.953

-72.5317 136.562
-73.6024 138.359

-74.0312 139.03
-73.6392 138.359

-68.6406 129.955
-69.3701 131.172

-70.4375 132.947
-69.3811 131.172

-68.6406 129.933
-68.3061 129.375

-84.8125 156.271
-84.8386 156.328

-84.8125 156.364
-85.5707 158.125

-81.2188 150.209
-81.7778 150.938

-77.625 145.053
-77.9368 145.547

-77.9202 145.547
-79.074 147.344

-79.4219 147.875
-80.3368 149.141

-81.2188 150.194
-80.4102 149.141

-79.4219 147.891
-79.0262 147.344

-83.0156 152.67
-83.0596 152.734

-83.058 152.734
-84.0528 154.531

-83.0156 152.672
-81.8279 150.938

-84.8125 156.268
-84.0254 154.531

-84.8125 156.358
-84.7998 156.328

-88.4062 162.928
-88.764 163.516

-88.7178 163.516
-89.7615 165.312

-86.6094 160.099
-87.6233 161.719

-85.5124 158.125
-86.4467 159.922

-86.6094 160.203
-86.4332 159.922

-88.4062 162.898
-87.6888 161.719

-90.2031 165.997
-90.8699 167.109

-92 168.834
-90.9668 167.109

-90.2031 166.058
-89.7564 165.312

-77.625 145.038
-76.8117 143.75

-61.4531 118.041
-61.7882 118.594

-59.6562 115.081
-60.6996 116.797

-61.4531 118.031
-60.7041 116.797

-61.7872 118.594
-62.882 120.391

-63.25 120.962
-62.9035 120.391

-59.6562 115.045
-59.6291 115

