-61.0807 0
-61.078 0.0561523

-61.0778 0.0561523
-61.0701 0.112305

-61.0703 0.112305
-61.0601 0.157679

-61.0601 0.158077
-61.0577 0.168457

-61.0576 0.168457
-61.0393 0.224609

-61.0395 0.224609
-61.015 0.280762

-61.0138 0.280762
-61.0039 0.29797

-61.0039 0.302619
-60.9842 0.336914

-60.9818 0.336914
-60.9478 0.387324

-60.9478 0.38727
-60.9438 0.393066

-60.9446 0.393066
-60.9026 0.449219

-60.898 0.449219
-60.8916 0.459469

-60.8916 0.459516
-60.8588 0.505371

-60.8599 0.505371
-60.8354 0.547586

-60.8354 0.545394
-60.8261 0.561523

-60.8271 0.561523
-60.8007 0.617676

-60.8002 0.617676
-60.7808 0.673828

-60.7827 0.673828
-60.7793 0.685873

-60.7793 0.686632
-60.7675 0.72998

-60.7672 0.72998
-60.7527 0.786133

-60.7534 0.786133
-60.739 0.842285

-60.7388 0.842285
-60.7235 0.898438

-60.7238 0.898438
-60.7231 0.900722

-60.7231 0.900991
-60.7073 0.95459

-60.7072 0.95459
-60.6886 1.01074

-60.6893 1.01074
-60.667 1.06829

-60.667 1.07049
-60.6457 1.12305

-60.6456 1.12305
-60.6204 1.1792

-60.62 1.1792
-60.6108 1.19782

-60.6108 1.19935
-60.5931 1.23535

-60.5926 1.23535
-60.5627 1.2915

-60.5624 1.2915
-60.5547 1.3051

-60.5547 1.30599
-60.531 1.34766

-60.5306 1.34766
-60.4985 1.40154

-60.4985 1.40161
-60.4972 1.40381

-60.4972 1.40381
-60.463 1.45996

-60.4623 1.45996
-60.4424 1.49374

-60.4424 1.49357
-60.4287 1.51611

-60.4284 1.51611
-60.3952 1.57227

-60.3947 1.57227
-60.3862 1.58769

-60.3862 1.5876
-60.3637 1.62842

-60.364 1.62842
-60.3359 1.68457

-60.3355 1.68457
-60.3301 1.69775

-60.3301 1.69718
-60.3107 1.74072

-60.3107 1.74072
-60.2894 1.79688

-60.2895 1.79688
-60.2739 1.84581

-60.2739 1.84551
-60.2715 1.85303

-60.2715 1.85303
-60.2571 1.90918

-60.2573 1.90918
-60.2462 1.96533

-60.2461 1.96533
-60.2379 2.02148

-60.2381 2.02148
-60.2328 2.07764

-60.2327 2.07764
-60.2301 2.13379

-60.2303 2.13379
-60.2302 2.18994

-60.2301 2.18994
-60.2323 2.24609

-60.2326 2.24609
-60.2368 2.30225

-60.2366 2.30225
-60.2425 2.3584

-60.2429 2.3584
-60.25 2.41455

-60.2498 2.41455
-60.2579 2.4707

-60.2739 2.58205
-60.2741 2.58301

-60.2586 2.4707
-60.2669 2.52686

-60.2739 2.58155
-60.2666 2.52686

-60.2747 2.58301
-60.2809 2.63916

-60.2807 2.63916
-60.2848 2.69531

-59.7686 2.35811
-59.7691 2.3584

-59.7704 2.3584
-59.8195 2.41455

-59.8143 2.41455
-59.8071 2.4707

-59.7686 2.35626
-59.7124 2.33009

-59.7124 2.32839
-59.6562 2.30568

-59.7686 2.36093
-59.7672 2.3584

-59.7979 2.4707
-59.7686 2.51929

-59.7686 2.51404
-59.7608 2.52686

-59.7603 2.52686
-59.7255 2.58301

-59.7259 2.58301
-59.7124 2.60833

-59.7124 2.608
-59.6958 2.63916

-59.6959 2.63916
-59.6701 2.69531

-60.2852 2.69531
-60.287 2.75146

-60.2867 2.75146
-60.2859 2.80762

-60.2865 2.80762
-60.2822 2.86377

-60.2818 2.86377
-60.2739 2.91657

-60.2739 2.91683
-60.2735 2.91992

-60.2747 2.91992
-60.2739 2.92291

-60.2739 2.923
-60.2606 2.97607

-60.2598 2.97607
-60.239 3.03223

-60.2392 3.03223
-60.2178 3.07921

-60.2178 3.07586
-60.211 3.08838

-60.2106 3.08838
-60.1668 3.14453

-60.1704 3.14453
-60.1616 3.15428

-60.1616 3.1531
-60.1061 3.20068

-60.1062 3.20068
-60.1055 3.20128

-59.6692 2.69531
-59.6562 2.72988

-59.6562 3.07288
-59.663 3.08838

-59.6613 3.08838
-59.7009 3.14453

-60.1055 3.195
-60.0948 3.20068

-60.0989 3.20068
-60.0493 3.22703

-60.0493 3.22725
-59.9932 3.24643

-59.9932 3.24628
-59.937 3.25398

-59.937 3.25423
-59.8809 3.25024

-59.8809 3.25051
-59.8247 3.23377

-59.8247 3.23411
-59.7686 3.20337

-59.7124 3.15648
-59.7633 3.20068

-59.7686 3.20207
-59.767 3.20068

-59.7124 3.1626
-59.6967 3.14453

-58.8701 0.432462
-58.8868 0.449219

-58.8701 0.433295
-58.814 0.394725

-58.7578 0.371124
-58.8075 0.393066

-58.814 0.396825
-58.8055 0.393066

-58.9824 0.566606
-59.0097 0.617676

-59.0088 0.617676
-59.0303 0.673828

-59.0386 0.705312
-59.0447 0.72998

-59.0441 0.72998
-59.0504 0.786133

-59.0386 0.707186
-59.0303 0.673828

-59.05 0.786133
-59.05 0.842285

-59.0501 0.842285
-59.0446 0.898438

-58.9263 0.489774
-58.9413 0.505371

-58.9395 0.505371
-58.9796 0.561523

-58.9263 0.4897
-58.8873 0.449219

-58.9824 0.572199
-58.9774 0.561523

-58.8701 0.450335
-58.8683 0.449219

-59.0438 0.898438
-59.0386 0.92825

-59.0386 0.928877
-59.034 0.95459

-59.0337 0.95459
-59.0215 1.01074

-59.0208 1.01074
-59.0081 1.06689

-59.0083 1.06689
-58.9961 1.12305

-58.9957 1.12305
-58.9844 1.1792

-58.9844 1.1792
-58.9824 1.19123

-58.9824 1.19202
-58.9748 1.23535

-58.9749 1.23535
-58.9679 1.2915

-58.9679 1.2915
-58.9636 1.34766

-58.9824 1.58237
-58.9948 1.62842

-58.9948 1.62842
-59.015 1.68457

-59.0386 1.73815
-59.0397 1.74072

-59.0401 1.74072
-59.0702 1.79688

-59.0386 1.73814
-59.0146 1.68457

-58.9636 1.34766
-58.9622 1.40381

-58.962 1.40381
-58.9639 1.45996

-58.9636 1.45996
-58.9695 1.51611

-58.9696 1.51611
-58.9797 1.57227

-58.9824 1.58816
-58.9774 1.57227

-58.7578 0.371942
-58.7017 0.356943

-58.7017 0.357236
-58.6455 0.350053

-58.6455 0.350099
-58.5894 0.350055

-58.5894 0.350379
-58.5332 0.356734

-58.5332 0.357694
-58.4771 0.367883

-58.4771 0.368816
-58.4209 0.379052

-58.4209 0.379929
-58.3647 0.386594

-58.3647 0.387041
-58.3086 0.387485

-58.3086 0.387473
-58.2524 0.380825

-58.2524 0.380692
-58.1963 0.367241

-58.084 0.32246
-58.1187 0.336914

-58.1963 0.366878
-58.1401 0.347614

-58.1401 0.348744
-58.1117 0.336914

-58.084 0.322138
-58.0278 0.298824

-57.9717 0.277694
-57.9805 0.280762

-58.0278 0.298713
-57.976 0.280762

-58.084 0.337312
-58.0828 0.336914

-57.9717 0.277552
-57.9155 0.2657

-57.9155 0.266772
-57.8594 0.263443

-59.4878 2.23715
-59.5056 2.24609

-59.4878 2.23771
-59.4316 2.20562

-59.207 1.99574
-59.2272 2.02148

-59.3193 2.1237
-59.3313 2.13379

-59.3755 2.16979
-59.4065 2.18994

-59.4316 2.206
-59.4069 2.18994

-59.3755 2.17268
-59.3294 2.13379

-59.2632 2.0632
-59.2757 2.07764

-59.3193 2.12118
-59.2751 2.07764

-59.2632 2.06373
-59.2264 2.02148

-59.3193 2.13496
-59.3183 2.13379

-59.6001 2.28835
-59.6403 2.30225

-59.6562 2.30669
-59.6434 2.30225

-59.6001 2.28961
-59.5439 2.26676

-59.5439 2.26713
-59.5045 2.24609

-59.0947 1.83724
-59.1044 1.85303

-59.1048 1.85303
-59.1427 1.90918

-59.1509 1.92073
-59.1834 1.96533

-59.207 1.99479
-59.1839 1.96533

-59.1509 1.92055
-59.1426 1.90918

-59.0947 1.83626
-59.0696 1.79688

-59.207 2.02172
-59.2068 2.02148

-59.6562 2.73174
-59.6318 2.80762

-59.6327 2.80762
-59.6229 2.86377

-59.6226 2.86377
-59.62 2.91992

-59.6199 2.91992
-59.6253 2.97607

-59.625 2.97607
-59.639 3.03223

-59.6562 3.0784
-59.6404 3.03223

-57.8594 0.264209
-57.8032 0.265725

-57.8032 0.266369
-57.7471 0.269909

-57.7471 0.27033
-57.6909 0.273765

-57.6909 0.273895
-57.6348 0.276122

-57.6348 0.276087
-57.5786 0.276914

-57.5786 0.276818
-57.5225 0.276506

-57.5225 0.276394
-57.4663 0.27536

-57.4663 0.275271
-57.4102 0.273918

-57.4102 0.273857
-57.354 0.272488

-57.354 0.272459
-57.2979 0.271256

-57.2979 0.271251
-57.2417 0.270283

-57.2417 0.27029
-57.1855 0.269556

-57.1855 0.269567
-57.1294 0.269032

-57.1294 0.269042
-57.0732 0.268663

-57.0732 0.268673
-57.0171 0.268407

-57.0171 0.268416
-56.9609 0.268226

-56.9609 0.268234
-56.9048 0.268088

-56.9048 0.268094
-56.8486 0.267962

-56.8486 0.267967
-56.7925 0.267828

-56.7925 0.267832
-56.7363 0.267668

-56.7363 0.267671
-56.6802 0.267472

-56.6802 0.267473
-56.624 0.267231

-56.624 0.267231
-56.5679 0.266941

-56.5679 0.266941
-56.5117 0.266602

-56.5117 0.266601
-56.4556 0.266213

-56.4556 0.266213
-56.3994 0.265778

-56.3994 0.265777
-56.3433 0.2653

-56.3433 0.265299
-56.2871 0.264782

-56.2871 0.264781
-56.231 0.264229

-56.231 0.264228
-56.1748 0.263646

-56.1748 0.263645
-56.1187 0.263036

-56.1187 0.263035
-56.0625 0.262404

-56.0625 0.262403
-56.0063 0.261753

-56.0063 0.261752
-55.9502 0.261086

-55.9502 0.261086
-55.894 0.260407

-55.894 0.260406
-55.8379 0.259717

-55.8379 0.259717
-55.7817 0.25902

-55.7817 0.25902
-55.7256 0.258318

-55.7256 0.258317
-55.6694 0.257612

-55.6694 0.257611
-55.6133 0.256906

-55.6133 0.256906
-55.5571 0.256203

-55.5571 0.256203
-55.501 0.255504

-55.501 0.255504
-55.4448 0.254807

-55.4448 0.254806
-55.3887 0.254112

-55.3887 0.254106
-55.3325 0.25343

-55.3325 0.25342
-55.2764 0.252795

-55.2764 0.252827
-55.2202 0.252211

-55.2202 0.252197
-55.1641 0.251553

-55.1641 0.251548
-55.1079 0.25091

-55.1079 0.250911
-55.0518 0.250288

-55.0518 0.250289
-54.9956 0.249676

-54.9956 0.249677
-54.9395 0.249072

-54.9395 0.249071
-54.8833 0.248474

-54.8833 0.248474
-54.8271 0.247888

-54.8271 0.247889
-54.771 0.247312

-54.771 0.247312
-54.7148 0.246745

-54.7148 0.246744
-54.6587 0.246188

-54.6587 0.246188
-54.6025 0.245646

-54.6025 0.245645
-54.5464 0.24512

-54.5464 0.245119
-54.4902 0.244614

-54.4902 0.244614
-54.4341 0.244131

-54.4341 0.24413
-54.3779 0.243674

-54.3779 0.243672
-54.3218 0.243246

-54.3218 0.243245
-54.2656 0.242854

-54.2656 0.242853
-54.2095 0.242501

-54.2095 0.2425
-54.1533 0.242192

-54.1533 0.242192
-54.0972 0.24193

-54.0972 0.241929
-54.041 0.241717

-54.041 0.241716
-53.9849 0.241557

-53.9849 0.241556
-53.9287 0.241452

-53.9287 0.241451
-53.8726 0.241408

-53.8726 0.241407
-53.8164 0.241426

-53.8164 0.241426
-53.7603 0.241509

-53.7603 0.241509
-53.7041 0.241659

-53.7041 0.241659
-53.6479 0.241873

-53.6479 0.241873
-53.5918 0.242152

-53.5918 0.242152
-53.5356 0.242492

-53.5356 0.242493
-53.4795 0.24289

-53.4795 0.242891
-53.4233 0.24334

-53.4233 0.243342
-53.3672 0.243837

-53.3672 0.243838
-53.311 0.244372

-53.311 0.244374
-53.2549 0.244938

-53.2549 0.24494
-53.1987 0.245526

-53.1987 0.245528
-53.1426 0.246128

-53.1426 0.24613
-53.0864 0.246733

-53.0864 0.246735
-53.0303 0.247332

-53.0303 0.247334
-52.9741 0.247915

-52.9741 0.247917
-52.918 0.248472

-52.918 0.248474
-52.8618 0.248997

-52.8618 0.248998
-52.8057 0.249483

-52.8057 0.249484
-52.7495 0.249924

-52.7495 0.249924
-52.6934 0.250315

-52.6934 0.250316
-52.6372 0.250654

-52.6372 0.250655
-52.5811 0.250938

-52.5811 0.250938
-52.5249 0.251163

-52.5249 0.251163
-52.4688 0.251328

-52.4688 0.251329
-52.4126 0.251432

-52.4126 0.251432
-52.3564 0.251474

-52.3564 0.251473
-52.3003 0.251453

-52.3003 0.251452
-52.2441 0.251375

-52.2441 0.251375
-52.188 0.25124

-52.188 0.251241
-52.1318 0.251048

-52.1318 0.251048
-52.0757 0.250795

-52.0757 0.250795
-52.0195 0.25048

-52.0195 0.25048
-51.9634 0.250105

-51.9634 0.250105
-51.9072 0.24967

-51.9072 0.24967
-51.8511 0.249176

-51.8511 0.249176
-51.7949 0.248625

-51.7949 0.248624
-51.7388 0.248016

-51.7388 0.248015
-51.6826 0.247353

-51.6826 0.247351
-51.6265 0.246639

-51.6265 0.246638
-51.5703 0.24588

-51.5703 0.245878
-51.5142 0.245083

-51.5142 0.245081
-51.458 0.244256

-51.458 0.244254
-51.4019 0.243407

-51.4019 0.243405
-51.3457 0.242543

-51.3457 0.242541
-51.2896 0.241671

-51.2896 0.24167
-51.2334 0.240801

-51.2334 0.240799
-51.1772 0.239938

-51.1772 0.239936
-51.1211 0.239091

-51.1211 0.239089
-51.0649 0.238267

-51.0649 0.238269
-51.0088 0.23747

-51.0088 0.237464
-50.9526 0.236694

-50.9526 0.236635
-50.8965 0.236022

-50.8965 0.235969
-50.7842 0.235502

-50.7842 0.236046
-50.6719 0.235494

-50.6719 0.23513
-50.5596 0.234135

-50.5596 0.234026
-50.4473 0.233533

-50.4473 0.233392
-50.335 0.233903

-50.335 0.233758
-50.2227 0.235845

-50.2227 0.236421
-50.1665 0.23798

-50.1665 0.237799
-50.1104 0.239084

-50.1104 0.239065
-50.0542 0.240474

-50.0542 0.240488
-49.998 0.242029

-49.998 0.242037
-49.9419 0.243666

-49.9419 0.243673
-49.8857 0.245361

-49.8857 0.245368
-49.8296 0.247088

-49.8296 0.247095
-49.7734 0.248819

-49.7734 0.248823
-49.7173 0.250526

-49.7173 0.250527
-49.6611 0.252198

-49.6611 0.252183
-49.605 0.253854

-49.605 0.253866
-49.5488 0.255545

-49.5488 0.255545
-49.4927 0.257211

-49.4927 0.25721
-49.4365 0.258864

-49.4365 0.258861
-49.3804 0.260509

-49.3804 0.260503
-49.3242 0.262162

-49.3242 0.262156
-49.2681 0.263847

-49.2681 0.263843
-49.2119 0.265588

-49.2119 0.265587
-49.1558 0.267396

-49.1558 0.267398
-49.0996 0.269266

-49.0996 0.269273
-49.0435 0.271182

-49.0435 0.27119
-48.9873 0.273111

-48.9873 0.273122
-48.9312 0.275014

-48.9312 0.275024
-48.875 0.276844

-48.875 0.276846
-48.8188 0.278571

-48.8188 0.278558
-48.7627 0.280213

-48.7627 0.280197
-48.742 0.280762

-48.7451 0.280762
-48.7065 0.281811

-48.7065 0.281797
-48.6504 0.283097

-48.6504 0.283103
-48.5942 0.284134

-48.5942 0.284142
-48.5381 0.284873

-48.5381 0.284866
-48.4819 0.285295

-48.4819 0.285281
-48.4258 0.28545

-48.4258 0.285432
-48.3696 0.285406

-48.3696 0.285391
-48.3135 0.285235

-48.3135 0.285228
-48.2573 0.284988

-48.2573 0.284988
-48.2012 0.284679

-48.2012 0.284684
-48.145 0.284295

-48.145 0.284299
-48.0889 0.283812

-48.0889 0.28381
-48.0327 0.283219

-48.0327 0.28321
-47.9766 0.282537

-47.9766 0.28252
-47.9204 0.281819

-47.9204 0.281809
-47.8643 0.281134

-47.8081 0.280496
-47.8331 0.280762

-47.8643 0.281133
-47.8293 0.280762

-47.8081 0.280478
-47.752 0.28008

-47.752 0.280072
-47.6958 0.279974

-47.6958 0.279973
-47.6396 0.280195

-47.6396 0.280211
-47.5835 0.280724

-47.5825 0.280762
-47.5273 0.281471

-47.5273 0.281487
-47.4712 0.282333

-47.4712 0.282354
-47.415 0.283249

-47.415 0.283274
-47.3589 0.284123

-47.3589 0.284147
-47.3027 0.284854

-47.3027 0.284873
-47.2466 0.285354

-47.2466 0.285367
-47.1904 0.28556

-47.1904 0.285568
-47.1343 0.285431

-47.1343 0.285433
-47.0781 0.284948

-47.0781 0.284944
-47.022 0.284114

-47.022 0.284106
-46.9658 0.282954

-46.9658 0.282953
-46.9097 0.281497

-46.8535 0.279752
-46.8867 0.280762

-46.9097 0.28149
-46.8857 0.280762

-46.8535 0.279756
-46.7974 0.27786

-46.7974 0.27787
-46.7412 0.275783

-46.7412 0.275778
-46.6851 0.273489

-46.6851 0.273483
-46.6289 0.271017

-46.6289 0.271012
-46.5728 0.26839

-46.5728 0.268385
-46.5166 0.265626

-46.5166 0.265621
-46.4604 0.262748

-46.4604 0.262744
-46.4043 0.259778

-46.4043 0.259773
-46.3481 0.256732

-46.3481 0.256723
-46.292 0.253635

-46.292 0.253635
-46.2358 0.250516

-46.2358 0.250486
-46.1797 0.247398

-46.1797 0.247372
-46.1235 0.244428

-46.1235 0.244395
-46.0674 0.241712

-46.0674 0.241675
-46.0112 0.239389

-46.0112 0.239363
-45.9551 0.237602

-45.9551 0.237625
-45.8989 0.236397

-45.8989 0.236296
-45.8428 0.235759

-45.8428 0.23604
-45.7305 0.235627

-45.7305 0.235814
-45.6182 0.235574

-45.6182 0.235632
-45.5059 0.235077

-45.5059 0.234951
-45.3936 0.234216

-45.3936 0.234512
-45.2812 0.233255

-45.2812 0.233037
-45.1689 0.231106

-45.1689 0.228684
-45.0566 0.231359

-45.0566 0.229212
-45.0005 0.235188

-45.0005 0.235555
-44.9443 0.249726

-44.9443 0.250448
-44.8882 0.270639

-44.8882 0.271191
-44.8646 0.280762

-44.8664 0.280762
-44.832 0.294711

-44.832 0.296136
-44.7759 0.31603

-44.7759 0.317615
-44.7197 0.328006

-44.7197 0.330315
-44.6636 0.323416

-44.6636 0.325566
-44.6074 0.292457

-44.4951 0.0838752
-44.5021 0.112305

-44.5016 0.112305
-44.5223 0.168457

-44.5199 0.168457
-44.5503 0.224609

-44.4951 0.103891
-44.4791 0

-44.4951 0.128936
-44.49 0.112305

-44.5536 0.224609
-44.5904 0.280762

-44.6074 0.290128
-44.6001 0.280762

-44.5513 0.224791
-44.5512 0.224609

-44.3828 0
-44.3828 0.224609

-44.1582 0
-44.1582 0.224609

-43.0861 0
-43.036 0.0561523

-43.037 0.0561523
-43.0352 0.0568502

-43.0352 0.0550492
-42.979 0.00658043

-42.979 0.0132979
-42.9743 0

-42.9229 0.00961986
-42.9196 0

-42.5868 0
-42.5859 0.000182464

-42.4178 0
-42.4175 0.00107406

-42.4175 0.00416987
-42.3731 0.0561523

-42.3764 0.0561523
-42.3613 0.062129

-42.3052 0.0324163
-42.3598 0.0561523

-42.3052 0.0418803
-42.2633 0

-42.249 0.0249938
-42.1929 0.00403442

-42.1929 0.0332952
-42.1626 0

-42.0254 0
-42.0254 0.112305

-41.6875 0
-41.6875 0.112305

-41.631 0
-41.6197 0.0561523

-41.6141 0.0561523
-41.5915 0.112305

-41.5865 0.112305
-41.5752 0.122743

-41.5752 0.123056
-41.519 0.144227

-41.519 0.15052
-41.4629 0.159105

-41.4629 0.156756
-41.4067 0.144868

-41.4067 0.140925
-41.3506 0.12115

-41.2961 0
-41.3065 0.0561523

-41.3096 0.0561523
-41.3305 0.112305

-41.2944 0.0229925
-41.2902 0

-41.3506 0.11395
-41.3487 0.112305

-41.2376 0
-41.2376 0.112305

-40.8986 0
-40.8979 0.0561523

-40.8981 0.0561523
-40.8957 0.112305

-40.8956 0.112305
-40.8911 0.168457

-40.892 0.168457
-40.8837 0.224609

-40.884 0.224609
-40.8695 0.280762

-40.8703 0.280762
-40.8475 0.336914

-40.8475 0.336914
-40.8452 0.34087

-40.8452 0.340667
-40.8146 0.393066

-40.8146 0.393066
-40.7891 0.426318

-40.7891 0.427103
-40.7721 0.449219

-40.7736 0.449219
-40.7329 0.489375

-40.7329 0.489295
-40.7139 0.505371

-40.7156 0.505371
-40.6768 0.538226

-40.6768 0.536723
-40.6383 0.561523

-40.6412 0.561523
-40.6206 0.574806

-40.6206 0.574739
-40.5645 0.598035

-40.5645 0.595216
-40.5083 0.608894

-40.5083 0.610236
-40.4521 0.617251

-40.4521 0.616746
-40.396 0.615425

-40.396 0.615404
-40.3398 0.606803

-40.3398 0.606105
-40.2837 0.591661

-40.2837 0.590732
-40.2275 0.5737

-40.1714 0.556642
-40.1874 0.561523

-40.1714 0.55644
-40.1152 0.539325

-40.2275 0.573173
-40.1891 0.561523

-40.1152 0.538957
-40.0591 0.52222

-40.0591 0.522322
-40.0029 0.506495

-39.9468 0.491654
-39.9999 0.505371

-40.0029 0.506609
-39.9981 0.505371

-39.9468 0.491776
-39.8906 0.479056

-39.7222 0.448722
-39.7253 0.449219

-39.7222 0.44876
-39.666 0.440825

-39.666 0.441312
-39.6099 0.435703

-39.6099 0.435759
-39.5537 0.431556

-39.5537 0.431513
-39.4976 0.428692

-39.4976 0.428776
-39.4414 0.427253

-39.8906 0.479136
-39.8345 0.467853

-39.8345 0.467628
-39.7783 0.45807

-39.7783 0.458402
-39.714 0.449219

-39.4414 0.427403
-39.3853 0.426709

-39.3853 0.426852
-39.3291 0.426403

-39.3291 0.426544
-39.2729 0.425774

-39.2729 0.425865
-39.2168 0.42431

-39.2168 0.424353
-39.1606 0.421749

-39.1606 0.421751
-39.1045 0.418007

-39.1045 0.418016
-39.0483 0.413108

-39.0483 0.413109
-38.9922 0.407014

-38.9922 0.406987
-38.936 0.399754

-38.8799 0.391521
-38.8906 0.393066

-38.936 0.399663
-38.8905 0.393066

-38.8799 0.391462
-38.8237 0.382768

-38.8237 0.382626
-38.7676 0.373794

-38.7676 0.373768
-38.7114 0.365134

-38.7114 0.365134
-38.6553 0.35675

-38.6553 0.356748
-38.5991 0.348615

-38.5991 0.348684
-38.543 0.340668

-38.4868 0.33201
-38.5196 0.336914

-38.4868 0.331711
-38.4307 0.324058

-38.543 0.341077
-38.5115 0.336914

-38.4307 0.324146
-38.3745 0.318543

-38.3745 0.31859
-38.3184 0.314766

-38.3184 0.314794
-38.2622 0.312596

-38.2622 0.312627
-38.2061 0.311939

-38.2061 0.31199
-38.1499 0.312648

-38.1499 0.312713
-38.0938 0.314485

-38.0938 0.314557
-38.0376 0.317166

-38.0376 0.317207
-37.9814 0.320427

-37.9814 0.320434
-37.9253 0.324168

-37.9253 0.324135
-37.8691 0.328434

-37.8691 0.32841
-37.813 0.33339

-37.813 0.333467
-37.7771 0.336914

-37.7799 0.336914
-37.7568 0.339014

-37.7568 0.338659
-37.6445 0.350757

-37.6445 0.350489
-37.5884 0.357415

-37.5884 0.357377
-37.5322 0.365795

-37.5322 0.365852
-37.4761 0.375726

-37.4761 0.375673
-37.4199 0.386997

-37.4199 0.386917
-37.3928 0.393066

-37.394 0.393066
-37.3638 0.39994

-37.3638 0.399827
-37.3076 0.413842

-37.3076 0.413782
-37.2515 0.429152

-37.2515 0.429233
-37.1953 0.445917

-36.9744 0
-36.9707 0.0102053

-37.1953 0.445999
-37.185 0.449219

-36.9707 0.00975529
-36.9146 0.00724024

-36.9146 0.00493568
-36.9129 0

-37.1852 0.449219
-37.1392 0.463624

-37.1392 0.46352
-37.083 0.481841

-37.083 0.481984
-37.0269 0.500968

-37.0269 0.500606
-37.0127 0.505371

-37.015 0.505371
-36.9707 0.520283

-36.9707 0.519963
-36.9146 0.538666

-36.9146 0.538638
-36.8584 0.557469

-36.8584 0.557431
-36.8461 0.561523

-36.8468 0.561523
-36.8022 0.576383

-36.8022 0.576314
-36.7461 0.594649

-36.7461 0.594694
-36.6899 0.612596

-36.6899 0.612264
-36.6721 0.617676

-36.6744 0.617676
-36.6338 0.630025

-36.6338 0.629735
-36.5776 0.645806

-36.5776 0.645768
-36.5215 0.661088

-36.5215 0.661013
-36.4726 0.673828

-36.4739 0.673828
-36.4092 0.689757

-36.4092 0.689234
-36.353 0.701075

-36.353 0.701252
-36.2969 0.711815

-36.2969 0.711723
-36.2407 0.720837

-36.2407 0.72074
-36.1846 0.728782

-36.1846 0.728704
-36.1738 0.72998

-36.1771 0.72998
-36.1284 0.735757

-36.1284 0.73563
-36.0723 0.740529

-36.0723 0.74055
-36.0161 0.743771

-36.0161 0.743707
-35.96 0.745336

-35.96 0.745254
-35.9038 0.745579

-35.9038 0.745469
-35.8477 0.744873

-35.8477 0.744734
-35.7915 0.743717

-35.7915 0.743568
-35.7354 0.742704

-35.7354 0.742536
-35.6792 0.742459

-35.6792 0.742305
-35.623 0.743661

-35.623 0.743522
-35.5669 0.746897

-35.5669 0.746814
-35.5107 0.752653

-35.5107 0.752614
-35.4546 0.76116

-35.4546 0.761128
-35.3984 0.772526

-35.3984 0.772502
-35.3446 0.786133

-35.3483 0.786133
-35.2861 0.802759

-35.2861 0.803997
-35.23 0.821836

-35.23 0.821662
-35.1738 0.840196

-35.1738 0.839883
-35.1666 0.842285

-35.1693 0.842285
-35.1177 0.859382

-35.1177 0.859181
-35.0615 0.877106

-35.0615 0.876985
-35.0054 0.894684

-35.0054 0.894399
-34.992 0.898438

-34.9946 0.898438
-34.9492 0.91225

-34.9492 0.911763
-34.8931 0.927542

-34.8931 0.927656
-34.8369 0.942543

-34.8369 0.942358
-34.7879 0.95459

-34.7895 0.95459
-34.7808 0.956776

-34.7808 0.956743
-34.7246 0.969557

-34.7246 0.969515
-34.6685 0.980594

-34.6685 0.980667
-34.6123 0.989951

-34.6123 0.989842
-34.5562 0.997402

-34.5562 0.997198
-34.5 1.00366

-34.5 31.3252
-34.5025 31.333

-34.5025 31.333
-34.5202 31.3892

-34.5202 31.3892
-34.5381 31.4453

-34.5562 31.502
-34.574 31.5576

-34.5381 31.4453
-34.556 31.5015

-34.5562 31.502
-34.556 31.5015

-34.574 31.5576
-34.592 31.6138

-34.592 31.6138
-34.6102 31.6699

-34.6123 31.6765
-34.6284 31.7261

-34.6284 31.7261
-34.6466 31.7822

-34.6685 31.8492
-34.6833 31.8945

-34.6466 31.7822
-34.6649 31.8384

-34.6685 31.8492
-34.6649 31.8384

-34.6123 31.6766
-34.6102 31.6699

-34.7246 32.0207
-34.7385 32.063

-34.7385 32.063
-34.757 32.1191

-34.7808 32.1912
-34.7941 32.2314

-34.757 32.1191
-34.7755 32.1753

-34.7808 32.1912
-34.7755 32.1753

-34.7941 32.2314
-34.8128 32.2876

-34.8128 32.2876
-34.8315 32.3438

-34.6833 31.8945
-34.7016 31.9507

-34.7016 31.9507
-34.72 32.0068

-34.7246 32.0207
-34.72 32.0068

-35.3984 33.9873
-35.4129 34.0283

-35.4129 34.0283
-35.4328 34.0845

-35.4328 34.0845
-35.4528 34.1406

-34.9492 32.6908
-34.965 32.7368

-34.965 32.7368
-34.9843 32.793

-35.0615 33.0169
-35.0618 33.0176

-35.0054 32.8541
-35.023 32.9053

-34.9843 32.793
-35.0037 32.8491

-35.0054 32.8541
-35.0037 32.8491

-35.023 32.9053
-35.0424 32.9614

-35.0615 33.0169
-35.0424 32.9614

-35.0618 33.0176
-35.0812 33.0737

-35.0812 33.0737
-35.1005 33.1299

-35.1177 33.1795
-35.1199 33.186

-35.1199 33.186
-35.1393 33.2422

-35.1177 33.1796
-35.1005 33.1299

-34.8369 32.3598
-34.8504 32.3999

-34.8503 32.3999
-34.8693 32.4561

-34.8931 32.5263
-34.9074 32.5684

-34.8693 32.4561
-34.8883 32.5122

-34.8931 32.5263
-34.8883 32.5122

-34.8369 32.3599
-34.8315 32.3438

-34.9074 32.5684
-34.9265 32.6245

-34.9265 32.6245
-34.9457 32.6807

-34.9492 32.6908
-34.9457 32.6807

-35.1738 33.3422
-35.1781 33.3545

-35.178 33.3545
-35.1974 33.4106

-35.1974 33.4106
-35.2168 33.4668

-35.2861 33.6668
-35.2947 33.6914

-35.23 33.5048
-35.2363 33.5229

-35.2362 33.5229
-35.2557 33.5791

-35.23 33.5048
-35.2168 33.4668

-35.2557 33.5791
-35.2752 33.6353

-35.2861 33.6668
-35.2752 33.6353

-35.1393 33.2422
-35.1587 33.2983

-35.1738 33.3423
-35.1587 33.2983

-35.2947 33.6914
-35.3143 33.7476

-35.3143 33.7476
-35.3339 33.8037

-35.3423 33.8277
-35.3535 33.8599

-35.3535 33.8599
-35.3733 33.916

-35.3423 33.8277
-35.3339 33.8037

-35.3733 33.916
-35.3931 33.9722

-35.3984 33.9874
-35.3931 33.9722

-35.5107 34.3022
-35.5334 34.3652

-35.4546 34.1456
-35.4729 34.1968

-35.4729 34.1968
-35.493 34.2529

-35.4546 34.1456
-35.4528 34.1406

-35.5107 34.3022
-35.493 34.2529

-35.5669 34.4575
-35.5742 34.4775

-35.5335 34.3652
-35.5538 34.4214

-35.5669 34.4575
-35.5538 34.4214

-35.5742 34.4775
-35.5946 34.5337

-35.5946 34.5337
-35.6151 34.5898

-35.623 34.6114
-35.6357 34.646

-35.6357 34.646
-35.6563 34.7021

-35.6792 34.7641
-35.6978 34.8145

-35.6563 34.7021
-35.677 34.7583

-35.6792 34.7642
-35.677 34.7583

-35.7354 34.9157
-35.7394 34.9268

-35.7394 34.9268
-35.7603 34.9829

-35.7603 34.9829
-35.7812 35.0391

-35.6978 34.8145
-35.7186 34.8706

-35.7354 34.9157
-35.7186 34.8706

-35.623 34.6115
-35.6151 34.5898

-35.8477 35.2172
-35.865 35.2637

-35.9038 35.3675
-35.907 35.376

-35.865 35.2637
-35.886 35.3198

-35.9038 35.3675
-35.886 35.3198

-35.907 35.376
-35.928 35.4321

-35.928 35.4321
-35.9491 35.4883

-36.0723 35.8152
-36.076 35.8252

-36.076 35.8252
-36.0972 35.8813

-36.0972 35.8813
-36.1184 35.9375

-35.96 35.5172
-35.9702 35.5444

-35.9702 35.5444
-35.9913 35.6006

-36.0161 35.6663
-36.0337 35.7129

-35.9913 35.6006
-36.0125 35.6567

-36.0161 35.6663
-36.0125 35.6567

-35.96 35.5172
-35.9491 35.4883

-36.0337 35.7129
-36.0549 35.769

-36.0723 35.8152
-36.0549 35.769

-35.7915 35.0666
-35.8021 35.0952

-35.8021 35.0952
-35.8231 35.1514

-35.7915 35.0666
-35.7812 35.0391

-35.8231 35.1514
-35.844 35.2075

-35.8477 35.2172
-35.844 35.2075

-38.0938 40.8772
-38.2819 41.3281

-38.282 41.3281
-39.0544 43.125

-36.2969 36.4099
-36.3094 36.4429

-36.3094 36.4429
-36.3307 36.499

-36.353 36.5575
-36.3736 36.6113

-36.3307 36.499
-36.3521 36.5552

-36.353 36.5575
-36.3521 36.5552

-36.4092 36.7046
-36.4165 36.7236

-36.4164 36.7236
-36.4379 36.7798

-36.4379 36.7798
-36.4594 36.8359

-36.3736 36.6113
-36.395 36.6675

-36.4092 36.7046
-36.395 36.6675

-36.7461 37.5732
-36.7654 37.6221

-36.8022 37.7149
-36.81 37.7344

-36.7654 37.6221
-36.7877 37.6782

-36.8022 37.7149
-36.7877 37.6782

-36.5215 36.9979
-36.5456 37.0605

-36.5776 37.1433
-36.5891 37.1729

-36.5456 37.0605
-36.5673 37.1167

-36.5776 37.1433
-36.5673 37.1167

-36.5891 37.1729
-36.611 37.229

-36.611 37.229
-36.6329 37.2852

-36.4653 36.8515
-36.4809 36.8921

-36.4809 36.8921
-36.5024 36.9482

-36.4653 36.8515
-36.4594 36.8359

-36.5215 36.9979
-36.5024 36.9482

-36.6338 37.2875
-36.6548 37.3413

-36.6548 37.3413
-36.6769 37.3975

-36.6899 37.4307
-36.6989 37.4536

-36.6989 37.4536
-36.7211 37.5098

-36.6899 37.4307
-36.6769 37.3975

-36.6338 37.2875
-36.6329 37.2852

-36.7211 37.5098
-36.7432 37.5659

-36.7461 37.5732
-36.7432 37.5659

-37.1953 38.7047
-37.5317 39.5312

-36.9707 38.1384
-36.9887 38.1836

-36.8584 37.8562
-36.8993 37.959

-36.81 37.7344
-36.8546 37.8467

-36.8584 37.8562
-36.8546 37.8467

-36.9707 38.1383
-36.8992 37.959

-36.9888 38.1836
-37.1681 38.6328

-37.1953 38.7001
-37.1679 38.6328

-36.1846 36.113
-36.2031 36.1621

-36.1284 35.9641
-36.1396 35.9937

-36.1396 35.9937
-36.1607 36.0498

-36.1284 35.9641
-36.1184 35.9375

-36.1607 36.0498
-36.1819 36.106

-36.1846 36.113
-36.1819 36.106

-36.2407 36.2617
-36.2455 36.2744

-36.2031 36.1621
-36.2243 36.2183

-36.2407 36.2617
-36.2243 36.2183

-36.2455 36.2744
-36.2668 36.3306

-36.2668 36.3306
-36.2881 36.3867

-36.2969 36.4099
-36.2881 36.3867

-38.0938 40.8782
-37.5318 39.5312

-41.6875 48.9366
-42.3302 50.3125

-45.2812 56.6282
-45.6841 57.5

-43.4844 52.7671
-44.017 53.9062

-42.3293 50.3125
-43.1725 52.1094

-43.4844 52.7618
-43.1793 52.1094

-44.0129 53.9062
-44.8493 55.7031

-45.2812 56.6213
-44.857 55.7031

-39.8906 45.0129
-40.6599 46.7188

-39.055 43.125
-39.8483 44.9219

-39.8906 45.0081
-39.8517 44.9219

-40.6581 46.7188
-41.4863 48.5156

-41.6875 48.9293
-41.4943 48.5156

-63.25 92.2734
-63.853 93.4375

-66.8438 99.0379
-67.656 100.625

-65.0469 95.7854
-65.727 97.0312

-63.8259 93.4375
-64.7471 95.2344

-65.0469 95.7874
-64.7449 95.2344

-65.7577 97.0312
-66.7393 98.8281

-66.8438 98.978
-66.767 98.8281

-70.4375 105.718
-70.598 106.016

-70.5676 106.016
-71.4699 107.812

-74.0312 112.357
-74.4757 113.203

-74.417 113.203
-75.3171 115

-72.2344 109.272
-72.4188 109.609

-72.4567 109.609
-73.5039 111.406

-72.2344 109.282
-71.4321 107.812

-74.0312 112.305
-73.5592 111.406

-68.6406 102.544
-69.5872 104.219

-67.6179 100.625
-68.5576 102.422

-68.6406 102.564
-68.5602 102.422

-70.4375 105.705
-69.6352 104.219

-48.875 64.3794
-49.0213 64.6875

-52.4688 71.639
-52.5905 71.875

-50.6719 68.1215
-50.7497 68.2812

-49.0197 64.6875
-49.878 66.4844

-50.6719 68.1196
-49.875 66.4844

-50.7462 68.2812
-51.6542 70.0781

-52.4688 71.6352
-51.6653 70.0781

-56.0625 78.5097
-56.3514 79.0625

-59.6562 85.4285
-60.083 86.25

-57.8594 82.0332
-58.1812 82.6562

-56.3439 79.0625
-57.2604 80.8594

-57.8594 82.0275
-57.256 80.8594

-58.1826 82.6562
-59.1341 84.4531

-59.6562 85.4075
-59.1605 84.4531

-54.2656 75.1155
-54.4494 75.4688

-52.5908 71.875
-53.5183 73.6719

-54.2656 75.1118
-53.5166 73.6719

-54.4484 75.4688
-55.3997 77.2656

-56.0625 78.4977
-55.4186 77.2656

-47.0781 60.5484
-47.3287 61.0938

-45.6799 57.5
-46.5032 59.2969

-47.0781 60.5443
-46.505 59.2969

-47.3228 61.0938
-48.1623 62.8906

-48.875 64.376
-48.1698 62.8906

-61.4531 88.9503
-61.9254 89.8438

-60.0678 86.25
-60.9825 88.0469

-61.4531 88.9461
-60.9778 88.0469

-61.9392 89.8438
-62.9103 91.6406

-63.25 92.2378
-62.9406 91.6406

-34.5 1.00338
-34.4438 1.00971

-34.4438 1.00953
-34.4334 1.01074

-34.4364 1.01074
-34.3877 1.01638

-34.3877 1.01623
-34.3315 1.02294

-34.3315 1.02295
-34.2754 1.03003

-34.2754 1.03017
-34.2192 1.03732

-34.2192 1.0373
-34.1631 1.0443

-34.1631 1.04433
-34.1069 1.05118

-34.1069 1.05118
-34.0508 1.0578

-34.0508 1.05773
-33.9946 1.06428

-33.9946 1.06423
-33.971 1.06689

-33.9736 1.06689
-33.9385 1.07086

-33.9385 1.07079
-33.8823 1.07657

-33.8823 1.0766
-33.8262 1.08165

-33.8262 1.08164
-33.77 1.08593

-33.77 1.08594
-33.7139 1.08948

-33.7139 1.08949
-33.6577 1.09222

-33.6577 1.09223
-33.6016 1.09409

-33.6016 1.09408
-33.5454 1.09505

-33.5454 1.09502
-33.4893 1.0952

-33.4893 1.09511
-33.4331 1.09474

-33.4331 1.09464
-33.377 1.09409

-33.377 1.09397
-33.3208 1.0937

-33.3208 1.09361
-33.2646 1.09405

-33.2646 1.09397
-33.2085 1.09544

-33.2085 1.09544
-33.1523 1.09807

-33.1523 1.09812
-33.0962 1.10184

-33.0962 1.1019
-33.04 1.10646

-33.04 1.10648
-32.9839 1.1117

-32.9839 1.11167
-32.9277 1.11758

-32.9277 1.11768
-32.88 1.12305

-32.8845 1.12305
-32.8154 1.13012

-32.8154 1.12989
-32.7593 1.13493

-32.7593 1.135
-32.7031 1.13967

-32.7031 1.13963
-32.647 1.14386

-32.647 1.1439
-32.5908 1.14769

-32.5908 1.14763
-32.5347 1.15104

-32.5347 1.15098
-32.4785 1.15423

-32.4785 1.15418
-32.4224 1.15749

-32.4224 1.15746
-32.3662 1.16102

-32.3662 1.16102
-32.3101 1.16491

-32.3101 1.16493
-32.2539 1.16911

-32.2539 1.16912
-32.1978 1.17356

-32.1978 1.17351
-32.1416 1.17831

-32.1416 1.17828
-32.1315 1.1792

-32.133 1.1792
-32.0854 1.18352

-32.0854 1.18344
-32.0293 1.1888

-32.0293 1.18875
-31.9731 1.19458

-31.9731 1.19451
-31.917 1.20103

-31.917 1.20097
-31.8608 1.20845

-31.8608 1.20843
-31.8047 1.21699

-31.8047 1.21698
-31.7485 1.22667

-31.7485 1.22678
-31.7025 1.23535

-31.7054 1.23535
-31.6924 1.23761

-31.6924 1.23756
-31.6362 1.24794

-31.6362 1.24788
-31.5801 1.25787

-31.5801 1.25783
-31.5239 1.26765

-31.5239 1.26773
-31.4678 1.2773

-31.4678 1.27726
-31.4116 1.28649

-31.4116 1.28637
-31.3792 1.2915

-31.3813 1.2915
-31.3555 1.29559

-31.3555 1.29544
-31.2993 1.30387

-31.2993 1.3039
-31.2432 1.31174

-31.2432 1.31172
-31.187 1.31894

-31.187 1.31896
-31.1309 1.32554

-31.1309 1.32555
-31.0747 1.33144

-31.0747 1.33142
-31.0186 1.33664

-31.0186 1.33659
-30.9624 1.3413

-30.9624 1.34125
-30.9062 1.34566

-30.9062 6.78275
-30.9129 6.79443

-30.9131 6.79443
-30.9443 6.85059

-30.9624 6.88392
-30.9749 6.90674

-30.9749 6.90674
-31.0056 6.96289

-30.9624 6.88392
-30.9441 6.85059

-31.0186 6.98663
-31.0362 7.01904

-31.0362 7.01904
-31.0668 7.0752

-31.0747 7.08982
-31.0972 7.13135

-31.0972 7.13135
-31.1275 7.1875

-31.0747 7.08978
-31.0668 7.0752

-31.0186 6.98666
-31.0056 6.96289

-30.9062 1.34568
-30.8789 1.34766

-30.8819 1.34766
-30.7939 1.35343

-30.7939 1.35279
-30.6816 1.35907

-30.6816 1.35888
-30.6255 1.36211

-30.6255 1.36198
-30.5693 1.36597

-30.5693 1.36597
-30.5132 1.37098

-30.5132 1.37096
-30.457 1.37703

-30.457 1.37701
-30.4009 1.38425

-30.4009 1.38424
-30.3447 1.39272

-30.3447 1.39265
-30.2886 1.40253

-30.2886 1.40243
-30.2816 1.40381

-30.283 1.40381
-30.2324 1.41383

-30.2324 1.41374
-30.1763 1.42591

-30.1763 1.42597
-30.1201 1.43922

-30.1201 1.43919
-30.064 1.45346

-30.064 1.45343
-30.0402 1.45996

-30.0409 1.45996
-30.0078 1.46869

-30.0078 1.46904
-29.9517 1.48539

-29.9517 1.48528
-29.8955 1.5024

-29.8955 1.5024
-29.8528 1.51611

-29.8533 1.51611
-29.8394 1.52059

-29.8394 1.52055
-29.7832 1.53935

-29.7832 1.53928
-29.7271 1.55882

-29.7271 1.55884
-29.69 1.57227

-29.6903 1.57227
-29.6709 1.57916

-29.6709 1.5792
-29.6147 1.60036

-29.6147 1.60008
-29.5586 1.62259

-29.5586 1.62262
-29.5451 1.62842

-29.5454 1.62842
-29.5024 1.6469

-29.5024 1.64674
-29.4463 1.67254

-29.4463 1.67243
-29.4216 1.68457

-29.4222 1.68457
-29.3901 1.7003

-29.3901 1.70008
-29.334 1.72951

-29.334 1.7296
-29.3136 1.74072

-29.3145 1.74072
-29.2778 1.76076

-29.2778 1.76039
-29.2217 1.79207

-29.2217 1.79174
-29.2128 1.79688

-29.2141 1.79688
-29.1655 1.82495

-29.1655 1.82459
-29.117 1.85303

-29.1179 1.85303
-29.1094 1.858

-29.1094 1.85788
-29.0532 1.89093

-29.0532 1.89053
-29.0211 1.90918

-29.0226 1.90918
-28.9971 1.92401

-28.9971 1.92352
-28.9409 1.95555

-28.9409 1.95524
-28.9227 1.96533

-28.924 1.96533
-28.8848 1.98705

-28.8848 1.9867
-28.8286 2.01676

-28.8286 2.01635
-28.8186 2.02148

-28.8196 2.02148
-28.7725 2.04617

-28.7725 2.04537
-28.7163 2.07304

-28.7163 2.07289
-28.7064 2.07764

-28.7073 2.07764
-28.6602 2.1003

-28.6602 2.09998
-28.604 2.12638

-28.604 2.12624
-28.5879 2.13379

-28.5881 2.13379
-28.5479 2.15282

-28.5479 2.15252
-28.4917 2.17902

-28.4917 2.17894
-28.4689 2.18994

-28.469 2.18994
-28.4355 2.2061

-28.4355 2.20604
-28.3794 2.23405

-28.3794 2.23412
-28.3566 2.24609

-28.3558 2.24609
-28.3232 2.2629

-28.3232 2.2633
-28.2671 2.29474

-28.2671 2.29465
-28.2546 2.30225

-28.2539 2.30225
-28.2109 2.32836

-28.2109 3.44003
-28.2376 3.48145

-28.2671 3.53086
-28.2712 3.5376

-28.2716 3.5376
-28.3041 3.59375

-28.2671 3.53032
-28.2374 3.48145

-28.2109 2.32855
-28.1664 2.3584

-28.1654 2.3584
-28.1548 2.36552

-28.1548 2.36548
-28.0986 2.40775

-28.0986 2.41021
-28.0937 2.41455

-28.0895 2.41455
-28.0425 2.45613

-28.0425 2.45796
-28.0307 2.4707

-28.0252 2.4707
-27.9863 2.51853

-27.9863 2.51616
-27.9766 2.52686

-27.9765 2.52686
-27.9368 2.58301

-27.9371 2.58301
-27.9302 2.59647

-27.9302 2.59604
-27.9079 2.63916

-27.908 2.63916
-27.8892 2.69531

-27.9863 3.09488
-28.0142 3.14453

-27.8876 2.69531
-27.877 2.80762

-27.8802 2.80762
-27.8877 2.86377

-27.8873 2.86377
-27.9021 2.91992

-27.9302 2.98944
-27.9502 3.03223

-27.9029 2.91992
-27.9241 2.97607

-27.9302 2.9896
-27.9238 2.97607

-27.9508 3.03223
-27.9814 3.08838

-27.9863 3.09659
-27.9814 3.08838

-28.1548 3.35471
-28.1645 3.36914

-28.0986 3.27162
-28.1266 3.31299

-28.1548 3.35472
-28.1268 3.31299

-28.0425 3.18671
-28.0514 3.20068

-28.0511 3.20068
-28.0883 3.25684

-28.0425 3.18746
-28.0152 3.14453

-28.0986 3.27178
-28.0885 3.25684

-28.1644 3.36914
-28.2014 3.42529

-28.2109 3.43995
-28.2016 3.42529

-29.6147 5.37555
-29.6335 5.39062

-29.5586 5.33152
-29.5623 5.33447

-29.6147 5.37561
-29.5626 5.33447

-29.334 5.15913
-29.343 5.16602

-29.4463 5.24433
-29.4902 5.27832

-29.5586 5.33161
-29.5024 5.28793

-29.5024 5.28801
-29.4898 5.27832

-29.3901 5.20221
-29.4164 5.22217

-29.4463 5.24473
-29.4166 5.22217

-29.3901 5.20224
-29.3426 5.16602

-29.334 5.15932
-29.2778 5.1164

-29.2217 5.07314
-29.2688 5.10986

-29.2778 5.11635
-29.2695 5.10986

-29.1655 5.0274
-29.1978 5.05371

-29.1094 4.97966
-29.1302 4.99756

-29.1655 5.02743
-29.1307 4.99756

-29.2217 5.07314
-29.1978 5.05371

-30.5693 6.28136
-30.5759 6.28906

-30.457 6.15057
-30.4809 6.17676

-30.5132 6.2148
-30.5288 6.23291

-30.5693 6.28142
-30.5291 6.23291

-30.5132 6.21439
-30.4807 6.17676

-30.1201 5.80917
-30.1523 5.83984

-30.0078 5.70688
-30.0304 5.72754

-30.064 5.75822
-30.0916 5.78369

-30.1201 5.80985
-30.0917 5.78369

-30.064 5.75828
-30.03 5.72754

-30.3447 6.02989
-30.3784 6.06445

-30.2324 5.91555
-30.2687 5.95215

-30.2886 5.97244
-30.324 6.0083

-30.3447 6.02975
-30.3241 6.0083

-30.2886 5.9722
-30.2688 5.95215

-30.4009 6.08925
-30.43 6.12061

-30.457 6.15045
-30.4303 6.12061

-30.4009 6.08888
-30.3782 6.06445

-30.1763 5.86275
-30.2109 5.896

-30.2324 5.91651
-30.211 5.896

-30.1763 5.86285
-30.1518 5.83984

-30.7378 6.50668
-30.7426 6.51367

-30.6816 6.42729
-30.7036 6.45752

-30.7378 6.50664
-30.7038 6.45752

-30.7939 6.59319
-30.8151 6.62598

-30.8501 6.68455
-30.8814 6.73828

-30.8147 6.62598
-30.8487 6.68213

-30.8501 6.68454
-30.8487 6.68213

-30.7424 6.51367
-30.7794 6.56982

-30.7939 6.59285
-30.7794 6.56982

-30.6255 6.35191
-30.663 6.40137

-30.5756 6.28906
-30.6203 6.34521

-30.6255 6.35186
-30.6204 6.34521

-30.6816 6.42717
-30.6629 6.40137

-30.9062 6.78237
-30.8813 6.73828

-29.8955 5.60799
-29.9037 5.61523

-29.8955 5.60847
-29.8394 5.56037

-29.7832 5.51326
-29.8376 5.55908

-29.8394 5.56048
-29.8377 5.55908

-29.9517 5.65775
-29.967 5.67139

-30.0078 5.70733
-29.9673 5.67139

-29.9517 5.65772
-29.903 5.61523

-29.7271 5.46636
-29.7711 5.50293

-29.6709 5.42095
-29.7026 5.44678

-29.7271 5.4665
-29.7028 5.44678

-29.7832 5.51342
-29.7706 5.50293

-29.6709 5.42105
-29.633 5.39062

-28.6602 4.35745
-28.6709 4.37988

-28.7163 4.46752
-28.7295 4.49219

-28.671 4.37988
-28.6996 4.43604

-28.7163 4.46752
-28.6995 4.43604

-28.4355 3.85405
-28.445 3.87451

-28.4452 3.87451
-28.4703 3.93066

-28.4917 3.98016
-28.4946 3.98682

-28.4947 3.98682
-28.5189 4.04297

-28.4917 3.9801
-28.4701 3.93066

-28.3232 3.62885
-28.3349 3.6499

-28.3351 3.6499
-28.3646 3.70605

-28.3794 3.73638
-28.3923 3.76221

-28.3924 3.76221
-28.4193 3.81836

-28.3794 3.73598
-28.3645 3.70605

-28.3232 3.62857
-28.304 3.59375

-28.4355 3.85377
-28.4192 3.81836

-28.5479 4.11042
-28.5673 4.15527

-28.604 4.23786
-28.6175 4.26758

-28.5673 4.15527
-28.5921 4.21143

-28.604 4.23784
-28.592 4.21143

-28.5188 4.04297
-28.543 4.09912

-28.5479 4.11052
-28.5429 4.09912

-28.6174 4.26758
-28.6437 4.32373

-28.6602 4.35766
-28.6436 4.32373

-29.0532 4.92805
-29.0677 4.94141

-28.9971 4.87136
-29.01 4.88525

-29.0532 4.92799
-29.0107 4.88525

-28.9409 4.80922
-28.9575 4.8291

-28.8848 4.73794
-28.9111 4.77295

-28.9409 4.8092
-28.9107 4.77295

-28.9971 4.87146
-28.9576 4.8291

-28.7725 4.56698
-28.7944 4.60449

-28.8286 4.65674
-28.8311 4.66064

-28.8302 4.66064
-28.869 4.7168

-28.8286 4.65777
-28.7946 4.60449

-28.7295 4.49219
-28.7612 4.54834

-28.7725 4.56736
-28.7611 4.54834

-28.8848 4.73779
-28.869 4.7168

-29.1094 4.97969
-29.0679 4.94141

-31.3555 7.64172
-31.3789 7.69287

-31.379 7.69287
-31.404 7.74902

-31.4116 7.76684
-31.4281 7.80518

-31.4282 7.80518
-31.4514 7.86133

-31.4116 7.76668
-31.404 7.74902

-31.4678 7.90239
-31.4956 7.97363

-31.5239 8.05275
-31.5356 8.08594

-31.4953 7.97363
-31.5158 8.02979

-31.5239 8.05266
-31.5159 8.02979

-31.4678 7.90228
-31.4514 7.86133

-31.2432 7.40992
-31.2443 7.41211

-31.1309 7.19386
-31.1574 7.24365

-31.1574 7.24365
-31.1868 7.2998

-31.187 7.30025
-31.2157 7.35596

-31.2432 7.40993
-31.2158 7.35596

-31.187 7.3001
-31.1869 7.2998

-31.2993 7.52336
-31.2998 7.52441

-31.2442 7.41211
-31.2723 7.46826

-31.2993 7.52336
-31.2723 7.46826

-31.2998 7.52441
-31.3267 7.58057

-31.3268 7.58057
-31.3532 7.63672

-31.1309 7.19386
-31.1275 7.1875

-31.3555 7.64173
-31.3532 7.63672

-31.5801 8.22278
-31.6069 8.31055

-31.6362 8.41411
-31.6387 8.42285

-31.6067 8.31055
-31.6229 8.3667

-31.6362 8.41403
-31.623 8.3667

-31.6387 8.42285
-31.6539 8.479

-31.6539 8.479
-31.6687 8.53516

-31.5355 8.08594
-31.5543 8.14209

-31.5543 8.14209
-31.5724 8.19824

-31.5801 8.22282
-31.5724 8.19824

-31.6924 8.62853
-31.6972 8.64746

-31.6971 8.64746
-31.7109 8.70361

-31.7109 8.70361
-31.7243 8.75977

-31.6687 8.53516
-31.6831 8.59131

-31.6924 8.62836
-31.6831 8.59131

-31.7485 8.86389
-31.7504 8.87207

-31.7243 8.75977
-31.7374 8.81592

-31.7485 8.86384
-31.7375 8.81592

-31.7504 8.87207
-31.7632 8.92822

-31.7632 8.92822
-31.7757 8.98438

-31.8047 9.11671
-31.8243 9.20898

-31.8243 9.20898
-31.8359 9.26514

-31.8359 9.26514
-31.8474 9.32129

-31.8608 9.38853
-31.8697 9.43359

-31.8474 9.32129
-31.8586 9.37744

-31.8608 9.38852
-31.8587 9.37744

-31.8697 9.43359
-31.8805 9.48975

-31.8805 9.48975
-31.8912 9.5459

-31.8912 9.5459
-31.9015 9.60205

-31.9015 9.60205
-31.9117 9.6582

-31.917 9.6879
-31.9315 9.77051

-31.9314 9.77051
-31.9409 9.82666

-31.9409 9.82666
-31.9502 9.88281

-31.917 9.68797
-31.9117 9.6582

-31.9502 9.88281
-31.9593 9.93896

-31.9593 9.93896
-31.9682 9.99512

-31.9731 10.0271
-31.9769 10.0513

-31.9769 10.0513
-31.9855 10.1074

-31.9731 10.0271
-31.9682 9.99512

-31.9855 10.1074
-31.9939 10.1636

-31.9939 10.1636
-32.0021 10.2197

-32.0021 10.2197
-32.0103 10.2759

-32.0102 10.2759
-32.0183 10.332

-32.0293 10.4109
-32.034 10.4443

-32.0339 10.4443
-32.0417 10.5005

-32.0417 10.5005
-32.0493 10.5566

-32.0493 10.5566
-32.0569 10.6128

-32.0569 10.6128
-32.0645 10.6689

-32.0645 10.6689
-32.072 10.7251

-32.072 10.7251
-32.0795 10.7812

-32.0183 10.332
-32.0262 10.3882

-32.0293 10.4108
-32.0262 10.3882

-31.7757 8.98438
-31.7881 9.04053

-31.7881 9.04053
-31.8004 9.09668

-31.8047 9.11682
-31.8004 9.09668

-32.0854 10.8259
-32.087 10.8374

-32.087 10.8374
-32.0945 10.8936

-32.0854 10.8259
-32.0795 10.7812

-32.0945 10.8936
-32.102 10.9497

-32.102 10.9497
-32.1096 11.0059

-32.1096 11.0059
-32.1172 11.062

-32.1172 11.062
-32.1248 11.1182

-32.1248 11.1182
-32.1326 11.1743

-32.1326 11.1743
-32.1404 11.2305

-32.1416 11.2394
-32.1563 11.3428

-32.1563 11.3428
-32.1645 11.3989

-32.1645 11.3989
-32.1728 11.4551

-32.1416 11.2392
-32.1404 11.2305

-32.1728 11.4551
-32.1813 11.5112

-32.1813 11.5112
-32.19 11.5674

-32.1978 11.6167
-32.1988 11.6235

-32.1988 11.6235
-32.2078 11.6797

-32.1978 11.6168
-32.19 11.5674

-32.2539 11.9557
-32.2642 12.0166

-32.2642 12.0166
-32.2737 12.0728

-32.2737 12.0728
-32.2832 12.1289

-32.2832 12.1289
-32.2926 12.1851

-32.2926 12.1851
-32.302 12.2412

-32.3101 12.2902
-32.3112 12.2974

-32.3112 12.2974
-32.3204 12.3535

-32.3101 12.2902
-32.302 12.2412

-32.3203 12.3535
-32.3293 12.4097

-32.3294 12.4097
-32.3382 12.4658

-32.3382 12.4658
-32.347 12.522

-32.347 12.522
-32.3557 12.5781

-32.2078 11.6797
-32.217 11.7358

-32.217 11.7358
-32.2263 11.792

-32.2263 11.792
-32.2357 11.8481

-32.2357 11.8481
-32.2451 11.9043

-32.2539 11.9559
-32.2451 11.9043

-32.3662 12.6474
-32.3727 12.6904

-32.3727 12.6904
-32.3811 12.7466

-32.3811 12.7466
-32.3894 12.8027

-32.3557 12.5781
-32.3643 12.6343

-32.3662 12.6473
-32.3643 12.6343

-32.3894 12.8027
-32.3976 12.8589

-32.3976 12.8589
-32.4058 12.915

-32.4058 12.915
-32.414 12.9712

-32.414 12.9712
-32.4221 13.0273

-32.4785 13.4172
-32.4872 13.4766

-32.4224 13.0293
-32.4302 13.0835

-32.4302 13.0835
-32.4383 13.1396

-32.4224 13.0294
-32.4221 13.0273

-32.4383 13.1396
-32.4464 13.1958

-32.4464 13.1958
-32.4545 13.252

-32.4545 13.252
-32.4626 13.3081

-32.4626 13.3081
-32.4708 13.3643

-32.4785 13.4173
-32.4708 13.3643

-32.4872 13.4766
-32.4954 13.5327

-32.4954 13.5327
-32.5035 13.5889

-32.5035 13.5889
-32.5117 13.645

-32.5117 13.645
-32.5198 13.7012

-32.5347 13.8059
-32.5357 13.8135

-32.5198 13.7012
-32.5278 13.7573

-32.5347 13.8059
-32.5278 13.7573

-32.5358 13.8135
-32.5436 13.8696

-32.5436 13.8696
-32.5513 13.9258

-32.5513 13.9258
-32.5588 13.9819

-32.5588 13.9819
-32.5662 14.0381

-32.5662 14.0381
-32.5733 14.0942

-32.5733 14.0942
-32.5803 14.1504

-32.5908 14.2405
-32.5934 14.2627

-32.5935 14.2627
-32.6054 14.375

-32.5803 14.1504
-32.587 14.2065

-32.5908 14.2403
-32.587 14.2065

-32.6053 14.375
-32.6108 14.4312

-32.6108 14.4312
-32.616 14.4873

-32.616 14.4873
-32.6209 14.5435

-32.6209 14.5435
-32.6254 14.5996

-32.6254 14.5996
-32.6295 14.6558

-32.6295 14.6558
-32.6333 14.7119

-32.6333 14.7119
-32.6368 14.7681

-32.6368 14.7681
-32.6399 14.8242

-32.6399 14.8242
-32.6427 14.8804

-32.6427 14.8804
-32.6451 14.9365

-32.647 14.9863
-32.6472 14.9927

-32.6472 14.9927
-32.649 15.0488

-32.647 14.9863
-32.6451 14.9365

-32.649 15.0488
-32.6505 15.105

-32.6505 15.105
-32.6517 15.1611

-32.6516 15.1611
-32.6526 15.2173

-32.6526 15.2173
-32.6533 15.2734

-32.6532 15.2734
-32.6537 15.3296

-32.6537 15.3296
-32.6539 15.3857

-32.6539 15.3857
-32.654 15.4419

-32.654 15.4419
-32.6539 15.498

-32.6539 15.498
-32.6537 15.5542

-32.6537 15.5542
-32.6533 15.6104

-32.6533 15.6104
-32.6529 15.6665

-32.6529 15.6665
-32.6523 15.7227

-32.6523 15.7227
-32.6517 15.7788

-32.6517 15.7788
-32.6509 15.835

-32.651 15.835
-32.6502 15.8911

-32.6502 15.8911
-32.6493 15.9473

-32.6493 15.9473
-32.6483 16.0034

-32.6483 16.0034
-32.6472 16.0596

-32.6472 16.0596
-32.647 16.071

-32.647 16.0713
-32.646 16.1157

-32.646 16.1157
-32.6447 16.1719

-32.6447 16.1719
-32.6433 16.228

-32.6433 16.228
-32.6417 16.2842

-32.6417 16.2842
-32.64 16.3403

-32.64 16.3403
-32.6381 16.3965

-32.6381 16.3965
-32.636 16.4526

-32.636 16.4526
-32.6338 16.5088

-32.6338 16.5088
-32.6313 16.5649

-32.6313 16.5649
-32.6287 16.6211

-32.6287 16.6211
-32.6258 16.6772

-32.6258 16.6772
-32.6227 16.7334

-32.6227 16.7334
-32.6193 16.7896

-32.6193 16.7896
-32.6157 16.8457

-32.6157 16.8457
-32.6119 16.9019

-32.6119 16.9019
-32.6079 16.958

-32.6079 16.958
-32.6036 17.0142

-32.6036 17.0142
-32.5991 17.0703

-32.5992 17.0703
-32.5908 17.1678

-32.5908 17.1676
-32.5895 17.1826

-32.5895 17.1826
-32.5844 17.2388

-32.5844 17.2388
-32.579 17.2949

-32.579 17.2949
-32.5735 17.3511

-32.5735 17.3511
-32.5678 17.4072

-32.5678 17.4072
-32.5618 17.4634

-32.5618 17.4634
-32.5556 17.5195

-32.5556 17.5195
-32.5492 17.5757

-32.5492 17.5757
-32.5425 17.6318

-32.5425 17.6318
-32.5356 17.688

-32.5356 17.688
-32.5347 17.6955

-32.5347 17.6956
-32.5285 17.7441

-32.5285 17.7441
-32.5211 17.8003

-32.5211 17.8003
-32.5135 17.8564

-32.5134 17.8564
-32.5056 17.9126

-32.5056 17.9126
-32.4975 17.9688

-32.4975 17.9688
-32.4807 18.0811

-32.4806 18.0811
-32.4785 18.0943

-32.4785 18.0945
-32.4719 18.1372

-32.4719 18.1372
-32.4631 18.1934

-32.4631 18.1934
-32.4542 18.2495

-32.4541 18.2495
-32.4452 18.3057

-32.4451 18.3057
-32.4361 18.3618

-32.4361 18.3618
-32.4271 18.418

-32.4271 18.418
-32.4224 18.4476

-32.4224 18.4477
-32.4182 18.4741

-32.4182 18.4741
-32.4093 18.5303

-32.4093 18.5303
-32.4005 18.5864

-32.4005 18.5864
-32.3919 18.6426

-32.3919 18.6426
-32.3834 18.6987

-32.3834 18.6987
-32.3751 18.7549

-32.375 18.7549
-32.3662 18.8161

-32.3662 18.816
-32.3589 18.8672

-32.3589 18.8672
-32.3511 18.9233

-32.3511 18.9233
-32.3433 18.9795

-32.3433 18.9795
-32.3357 19.0356

-32.3357 19.0356
-32.3282 19.0918

-32.3282 19.0918
-32.3207 19.1479

-32.3207 19.1479
-32.3133 19.2041

-32.3133 19.2041
-32.3101 19.2295

-32.3101 19.2296
-32.3061 19.2603

-32.3061 19.2603
-32.2989 19.3164

-32.2989 19.3164
-32.2918 19.3726

-32.2918 19.3726
-32.2848 19.4287

-32.2848 19.4287
-32.2779 19.4849

-32.278 19.4849
-32.2713 19.541

-32.2712 19.541
-32.2587 19.6533

-32.2586 19.6533
-32.2539 19.6994

-32.2539 19.6989
-32.2528 19.7095

-32.2528 19.7095
-32.2471 19.7656

-32.2471 19.7656
-32.2418 19.8218

-32.2418 19.8218
-32.2369 19.8779

-32.2369 19.8779
-32.2322 19.9341

-32.2322 19.9341
-32.2279 19.9902

-32.2279 19.9902
-32.224 20.0464

-32.224 20.0464
-32.2205 20.1025

-32.2205 20.1025
-32.2173 20.1587

-32.2173 20.1587
-32.2145 20.2148

-32.2145 20.2148
-32.212 20.271

-32.212 20.271
-32.2099 20.3271

-32.2099 20.3271
-32.2081 20.3833

-32.2081 20.3833
-32.2067 20.4395

-32.2067 20.4395
-32.2057 20.4956

-32.2057 20.4956
-32.2049 20.5518

-32.2049 20.5518
-32.2045 20.6079

-32.2045 20.6079
-32.2044 20.6641

-32.2044 20.6641
-32.2046 20.7202

-32.2046 20.7202
-32.2051 20.7764

-32.2051 20.7764
-32.2059 20.8325

-32.2059 20.8325
-32.2069 20.8887

-32.2069 20.8887
-32.2082 20.9448

-32.2082 20.9448
-32.2098 21.001

-32.2098 21.001
-32.2117 21.0571

-32.2117 21.0571
-32.2138 21.1133

-32.2138 21.1133
-32.2162 21.1694

-32.2162 21.1694
-32.2188 21.2256

-32.2188 21.2256
-32.2217 21.2817

-32.2217 21.2817
-32.2248 21.3379

-32.2248 21.3379
-32.2282 21.394

-32.2282 21.394
-32.2317 21.4502

-32.2317 21.4502
-32.2355 21.5063

-32.2355 21.5063
-32.2395 21.5625

-32.7031 24.6855
-32.7073 24.707

-32.7073 24.707
-32.7186 24.7632

-32.7186 24.7632
-32.73 24.8193

-32.73 24.8193
-32.7416 24.8755

-32.7416 24.8755
-32.7534 24.9316

-32.7593 24.959
-32.7654 24.9878

-32.7654 24.9878
-32.7775 25.0439

-32.7593 24.959
-32.7534 24.9316

-32.7775 25.0439
-32.7898 25.1001

-32.7898 25.1001
-32.8022 25.1562

-32.2539 21.7424
-32.2577 21.7871

-32.2577 21.7871
-32.2681 21.8994

-32.2681 21.8994
-32.2736 21.9556

-32.2736 21.9556
-32.2793 22.0117

-32.2793 22.0117
-32.2853 22.0679

-32.2853 22.0679
-32.2914 22.124

-32.2914 22.124
-32.2977 22.1802

-32.2977 22.1802
-32.3043 22.2363

-32.3101 22.2848
-32.311 22.2925

-32.311 22.2925
-32.3178 22.3486

-32.3101 22.2849
-32.3043 22.2363

-32.3178 22.3486
-32.3248 22.4048

-32.3248 22.4048
-32.332 22.4609

-32.2395 21.5625
-32.2438 21.6187

-32.2438 21.6187
-32.2482 21.6748

-32.2482 21.6748
-32.2529 21.731

-32.2539 21.7431
-32.2528 21.731

-32.332 22.4609
-32.3394 22.5171

-32.3394 22.5171
-32.3468 22.5732

-32.3468 22.5732
-32.3544 22.6294

-32.3544 22.6294
-32.3621 22.6855

-32.3662 22.7154
-32.3777 22.7979

-32.3777 22.7979
-32.3857 22.854

-32.3857 22.854
-32.3938 22.9102

-32.3662 22.7155
-32.3621 22.6855

-32.3938 22.9102
-32.4019 22.9663

-32.4019 22.9663
-32.4101 23.0225

-32.4224 23.1045
-32.4269 23.1348

-32.4101 23.0225
-32.4185 23.0786

-32.4224 23.1045
-32.4185 23.0786

-32.4269 23.1348
-32.4354 23.1909

-32.4354 23.1909
-32.4441 23.2471

-32.4441 23.2471
-32.4528 23.3032

-32.4528 23.3032
-32.4617 23.3594

-32.4785 23.4635
-32.4798 23.4717

-32.4798 23.4717
-32.4986 23.584

-32.4986 23.584
-32.5082 23.6401

-32.5082 23.6401
-32.518 23.6963

-32.5347 23.7895
-32.5381 23.8086

-32.518 23.6963
-32.528 23.7524

-32.5347 23.7896
-32.528 23.7524

-32.4617 23.3594
-32.4707 23.4155

-32.4785 23.4636
-32.4707 23.4155

-32.5381 23.8086
-32.5483 23.8647

-32.5483 23.8647
-32.5587 23.9209

-32.5587 23.9209
-32.5691 23.9771

-32.5691 23.9771
-32.5797 24.0332

-32.5908 24.0926
-32.6008 24.1455

-32.6008 24.1455
-32.6113 24.2017

-32.6113 24.2017
-32.6218 24.2578

-32.5797 24.0332
-32.5902 24.0894

-32.5908 24.0926
-32.5902 24.0894

-32.6218 24.2578
-32.6323 24.314

-32.6324 24.314
-32.6429 24.3701

-32.647 24.392
-32.6534 24.4263

-32.6534 24.4263
-32.664 24.4824

-32.647 24.3921
-32.6429 24.3701

-32.664 24.4824
-32.6746 24.5386

-32.6746 24.5386
-32.6854 24.5947

-32.6854 24.5947
-32.6963 24.6509

-32.7031 24.6857
-32.6963 24.6509

-32.8154 25.2155
-32.8273 25.2686

-32.8273 25.2686
-32.84 25.3247

-32.84 25.3247
-32.8528 25.3809

-32.8022 25.1562
-32.8147 25.2124

-32.8154 25.2157
-32.8147 25.2124

-32.8716 25.4629
-32.8785 25.4932

-32.8528 25.3809
-32.8656 25.437

-32.8716 25.4629
-32.8656 25.437

-32.8785 25.4932
-32.8915 25.5493

-32.8915 25.5493
-32.9046 25.6055

-32.9277 25.704
-32.931 25.7178

-32.931 25.7178
-32.9443 25.7739

-32.9443 25.7739
-32.9576 25.8301

-32.9839 25.9397
-32.9845 25.9424

-32.9576 25.8301
-32.971 25.8862

-32.9839 25.9397
-32.971 25.8862

-32.9845 25.9424
-32.9981 25.9985

-32.9981 25.9985
-33.0117 26.0547

-32.9046 25.6055
-32.9178 25.6616

-32.9277 25.704
-32.9178 25.6616

-33.1523 26.6205
-33.1655 26.6724

-33.1655 26.6724
-33.1798 26.7285

-33.1798 26.7285
-33.1941 26.7847

-33.2085 26.8408
-33.1941 26.7847

-33.2085 26.8408
-33.2229 26.897

-33.2229 26.897
-33.2374 26.9531

-33.04 26.1706
-33.053 26.2231

-33.053 26.2231
-33.0668 26.2793

-33.0117 26.0547
-33.0254 26.1108

-33.0254 26.1108
-33.0391 26.167

-33.04 26.1706
-33.0391 26.167

-33.0668 26.2793
-33.0808 26.3354

-33.0808 26.3354
-33.0947 26.3916

-33.0962 26.3974
-33.1088 26.4478

-33.1088 26.4478
-33.1229 26.5039

-33.0962 26.3974
-33.0947 26.3916

-33.1229 26.5039
-33.137 26.5601

-33.137 26.5601
-33.1512 26.6162

-33.1523 26.6205
-33.1512 26.6162

-33.6016 28.3146
-33.6133 28.3569

-33.6133 28.3569
-33.6289 28.4131

-33.6577 28.5164
-33.6602 28.5254

-33.6289 28.4131
-33.6445 28.4692

-33.6577 28.5164
-33.6445 28.4692

-33.7139 28.7155
-33.7236 28.75

-33.6602 28.5254
-33.676 28.5815

-33.676 28.5815
-33.6918 28.6377

-33.6918 28.6377
-33.7077 28.6938

-33.7139 28.7156
-33.7077 28.6938

-33.2646 27.0585
-33.2664 27.0654

-33.2664 27.0654
-33.2811 27.1216

-33.2811 27.1216
-33.2957 27.1777

-33.2374 26.9531
-33.2519 27.0093

-33.2646 27.0585
-33.2519 27.0093

-33.3208 27.2731
-33.3253 27.29

-33.2957 27.1777
-33.3105 27.2339

-33.3208 27.2731
-33.3105 27.2339

-33.3253 27.29
-33.3401 27.3462

-33.3401 27.3462
-33.355 27.4023

-33.377 27.4848
-33.3849 27.5146

-33.3849 27.5146
-33.3999 27.5708

-33.3999 27.5708
-33.4149 27.627

-33.4331 27.6946
-33.4451 27.7393

-33.4149 27.627
-33.43 27.6831

-33.4331 27.6946
-33.43 27.6831

-33.4451 27.7393
-33.4602 27.7954

-33.4602 27.7954
-33.4754 27.8516

-33.355 27.4023
-33.3699 27.4585

-33.377 27.4849
-33.3699 27.4585

-33.4893 27.903
-33.5057 27.9639

-33.5057 27.9639
-33.5209 28.02

-33.5209 28.02
-33.5362 28.0762

-33.4893 27.903
-33.4754 27.8516

-33.5454 28.1099
-33.5515 28.1323

-33.5515 28.1323
-33.5669 28.1885

-33.5454 28.1099
-33.5362 28.0762

-33.5669 28.1885
-33.5823 28.2446

-33.5823 28.2446
-33.5977 28.3008

-33.6016 28.3146
-33.5977 28.3008

-33.8262 29.1071
-33.853 29.1992

-33.7236 28.75
-33.7396 28.8062

-33.7396 28.8062
-33.7557 28.8623

-33.77 28.9124
-33.7717 28.9185

-33.7717 28.9185
-33.7879 28.9746

-33.77 28.9124
-33.7557 28.8623

-33.7879 28.9746
-33.8041 29.0308

-33.8041 29.0308
-33.8203 29.0869

-33.8262 29.1071
-33.8203 29.0869

-33.8823 29.2993
-33.8859 29.3115

-33.853 29.1992
-33.8694 29.2554

-33.8823 29.2993
-33.8694 29.2554

-33.8859 29.3115
-33.9025 29.3677

-33.9025 29.3677
-33.9191 29.4238

-33.9385 29.489
-33.9525 29.5361

-33.9525 29.5361
-33.9693 29.5923

-33.9693 29.5923
-33.9861 29.6484

-33.9191 29.4238
-33.9358 29.48

-33.9385 29.4891
-33.9358 29.48

-34.0508 29.8631
-34.0538 29.873

-34.0538 29.873
-34.0708 29.9292

-34.0708 29.9292
-34.0877 29.9854

-34.1069 30.0487
-34.1218 30.0977

-34.0877 29.9854
-34.1047 30.0415

-34.1069 30.0487
-34.1047 30.0415

-34.1631 30.2336
-34.1901 30.3223

-34.1218 30.0977
-34.1388 30.1538

-34.1388 30.1538
-34.1559 30.21

-34.1631 30.2336
-34.1559 30.21

-34.2192 30.4175
-34.2245 30.4346

-34.1901 30.3223
-34.2073 30.3784

-34.2192 30.4175
-34.2073 30.3784

-34.2244 30.4346
-34.2416 30.4907

-34.2416 30.4907
-34.2588 30.5469

-33.9946 29.6767
-34.003 29.7046

-34.003 29.7046
-34.0199 29.7607

-33.9946 29.6767
-33.9861 29.6484

-34.0199 29.7607
-34.0368 29.8169

-34.0508 29.8631
-34.0368 29.8169

-34.2754 30.6008
-34.2933 30.6592

-34.2933 30.6592
-34.3105 30.7153

-34.3105 30.7153
-34.3278 30.7715

-34.3877 30.9656
-34.3971 30.9961

-34.3315 30.7836
-34.3451 30.8276

-34.3451 30.8276
-34.3624 30.8838

-34.3315 30.7836
-34.3278 30.7715

-34.3624 30.8838
-34.3797 30.9399

-34.3877 30.9656
-34.3797 30.9399

-34.2754 30.6008
-34.2588 30.5469

-34.3971 30.9961
-34.4146 31.0522

-34.4146 31.0522
-34.432 31.1084

-34.4438 31.1463
-34.4496 31.1646

-34.4495 31.1646
-34.4671 31.2207

-34.4438 31.1463
-34.432 31.1084

-34.4671 31.2207
-34.4848 31.2769

-34.5 31.3252
-34.4848 31.2769

-77.625 118.949
-78.3377 120.391

-78.2591 120.391
-79.1783 122.188

-81.2188 125.469
-81.3928 125.781

-83.0156 129.308
-83.0516 129.375

-81.3339 125.781
-82.1568 127.578

-83.0156 129.344
-82.0741 127.578

-79.4219 122.538
-80.3031 123.984

-81.2188 125.433
-80.4107 123.984

-79.4219 122.644
-79.144 122.188

-84.8125 132.178
-85.222 132.969

-86.6094 136.012
-86.9339 136.562

-85.1289 132.969
-85.9189 134.766

-86.6094 136.096
-85.8246 134.766

-88.4062 138.695
-89.2678 140.156

-90.2031 141.428
-90.5946 141.953

-92 143.433
-90.6239 141.953

-90.2031 141.707
-89.0479 140.156

-90.2031 142.012
-90.1483 141.953

-87.0464 136.562
-88.2395 138.359

-88.4062 138.466
-88.3434 138.359

-83.1043 129.375
-84.2217 131.172

-84.8125 132.061
-84.3516 131.172

-83.0156 129.457
-82.9644 129.375

-75.8281 115.895
-76.3485 116.797

-76.4204 116.797
-77.4629 118.594

-75.8281 115.936
-75.288 115

-77.625 118.834
-77.5063 118.594

