-56.7363 0.871678
-56.7506 0.898438

-56.624 0.671217
-56.6257 0.673828

-56.5117 0.50341
-56.5133 0.505371

-56.5136 0.505371
-56.5548 0.561523

-56.5679 0.584228
-56.59 0.617676

-56.624 0.670214
-56.5908 0.617676

-56.5679 0.584582
-56.5526 0.561523

-56.6802 0.766591
-56.6912 0.786133

-56.6256 0.673828
-56.659 0.72998

-56.6802 0.766384
-56.6596 0.72998

-56.6906 0.786133
-56.7207 0.842285

-56.7363 0.871811
-56.7209 0.842285

-56.3719 0
-56.3613 0.0561523

-56.3585 0.0561523
-56.3433 0.0835381

-56.3433 0.0941892
-56.3332 0.112305

-56.3108 0.112305
-56.2871 0.21388

-56.4556 0.435668
-56.4676 0.449219

-56.3994 0.376382
-56.4176 0.393066

-56.4556 0.435745
-56.4178 0.393066

-56.2871 0.239493
-56.3014 0.280762

-56.3433 0.333622
-56.2949 0.280762

-56.3994 0.374349
-56.3613 0.336914

-56.2817 0.168457
-56.2729 0.224609

-56.2871 0.267972
-56.2721 0.224609

-56.5117 0.505324
-56.466 0.449219

-56.5117 0.505832
-56.5114 0.505371

-56.8486 1.11145
-56.8536 1.12305

-56.7925 0.983796
-56.8053 1.01074

-56.7504 0.898438
-56.7786 0.95459

-56.7925 0.983527
-56.7787 0.95459

-56.8053 1.01074
-56.8303 1.06689

-56.8486 1.111
-56.8304 1.06689

-56.8537 1.12305
-56.8749 1.1792

-56.8748 1.1792
-56.8937 1.23535

-56.9048 1.27436
-56.9098 1.2915

-56.9102 1.2915
-56.9244 1.34766

-56.9048 1.27219
-56.8939 1.23535

-56.9245 1.34766
-56.936 1.40381

-56.9359 1.40381
-56.9446 1.45996

-56.9448 1.45996
-56.9503 1.51611

-56.9502 1.51611
-56.9524 1.57227

-56.9534 1.57227
-56.9506 1.62842

-56.9505 1.62842
-56.9411 1.68457

-56.9417 1.68457
-56.9245 1.74072

-56.9242 1.74072
-56.9048 1.78148

-56.9048 1.78691
-56.9 1.79688

-56.8978 1.79688
-56.8615 1.85303

-56.8609 1.85303
-56.8486 1.8683

-56.8486 1.86909
-56.8163 1.90918

-56.8152 1.90918
-56.7925 1.93356

-56.7925 1.93364
-56.763 1.96533

-56.7626 1.96533
-56.7363 1.99128

-56.7363 1.99148
-56.7053 2.02148

-56.7044 2.02148
-56.6802 2.04489

-56.6802 2.04487
-56.6459 2.07764

-56.646 2.07764
-56.624 2.09867

-56.624 2.09869
-56.5874 2.13379

-56.5873 2.13379
-56.5679 2.15241

-56.5679 2.15249
-56.5286 2.18994

-56.5292 2.18994
-56.5117 2.20664

-56.5117 2.20704
-56.469 2.24609

-56.4691 2.24609
-56.4556 2.25844

-56.4556 2.25849
-56.4037 2.30225

-56.4029 2.30225
-56.3994 2.30518

-56.3994 2.30537
-56.3433 2.34939

-56.3433 2.34942
-56.3311 2.3584

-56.3301 2.3584
-56.2871 2.39164

-56.2871 2.39032
-56.2538 2.41455

-56.2516 2.41455
-56.231 2.42956

-56.231 2.42944
-56.1794 2.4707

-56.178 2.4707
-56.1748 2.47333

-56.1748 2.47338
-56.1187 2.52653

-56.1219 2.52686
-56.1187 2.53041

-56.1187 2.53012
-56.0706 2.58301

-56.0759 2.58301
-56.0625 2.59564

-55.1641 1.67887
-55.1668 1.68457

-55.1668 1.68457
-55.189 1.74072

-55.1889 1.74072
-55.2056 1.79688

-54.7148 0.600235
-54.7302 0.617676

-54.7293 0.617676
-54.7623 0.673828

-54.771 0.698463
-54.7837 0.72998

-54.7831 0.72998
-54.7991 0.786133

-54.771 0.696885
-54.7617 0.673828

-54.7984 0.786133
-54.8111 0.842285

-54.8107 0.842285
-54.8224 0.898438

-54.4341 0.445108
-54.4485 0.449219

-54.4341 0.444926
-54.3779 0.431515

-54.3779 0.432023
-54.3218 0.421947

-54.3218 0.422177
-54.2656 0.413961

-54.6587 0.541657
-54.6826 0.561523

-54.6587 0.539696
-54.6071 0.505371

-54.7148 0.598684
-54.6831 0.561523

-54.5464 0.480378
-54.6015 0.505371

-54.5464 0.480002
-54.4902 0.460348

-54.7148 0.674125
-54.7147 0.673828

-54.4902 0.461517
-54.4435 0.449219

-54.9395 1.26479
-54.952 1.2915

-54.9522 1.2915
-54.9811 1.34766

-54.8271 0.921956
-54.8341 0.95459

-54.8341 0.95459
-54.8472 1.01074

-54.8467 1.01074
-54.8623 1.06689

-54.8626 1.06689
-54.881 1.12305

-54.8271 0.920168
-54.8221 0.898438

-54.8271 1.01251
-54.8266 1.01074

-54.8833 1.13024
-54.9017 1.1792

-54.9021 1.1792
-54.9257 1.23535

-54.8833 1.12873
-54.8812 1.12305

-54.9395 1.2659
-54.9246 1.23535

-55.0518 1.4738
-55.0761 1.51611

-55.1079 1.57109
-55.0766 1.51611

-54.9956 1.37498
-55.0113 1.40381

-55.012 1.40381
-55.0439 1.45996

-54.9956 1.37426
-54.9811 1.34766

-55.0518 1.47446
-55.0436 1.45996

-55.1088 1.57227
-55.1389 1.62842

-55.1641 1.68002
-55.1393 1.62842

-55.1641 1.69022
-55.1621 1.68457

-56.0625 2.59641
-56.0152 2.63916

-56.0099 2.63916
-56.0063 2.64238

-56.0063 2.64631
-55.9502 2.68033

-55.9502 2.68038
-55.9048 2.69531

-55.6133 2.42154
-55.6325 2.4707

-55.7817 2.68644
-55.8125 2.69531

-55.7817 2.68807
-55.7256 2.64764

-55.6694 2.56597
-55.6775 2.58301

-55.6314 2.4707
-55.6527 2.52686

-55.6694 2.56628
-55.6509 2.52686

-55.6724 2.58301
-55.7175 2.63916

-55.7256 2.65273
-55.7167 2.63916

-55.501 2.23968
-55.5068 2.24609

-55.3887 2.12505
-55.3976 2.13379

-55.4448 2.18041
-55.4545 2.18994

-55.501 2.24087
-55.4551 2.18994

-55.4448 2.17955
-55.398 2.13379

-55.2764 2.01787
-55.2784 2.02148

-55.2202 1.8652
-55.2313 1.90918

-55.2045 1.79688
-55.218 1.85303

-55.2202 1.86471
-55.2173 1.85303

-55.2293 1.90918
-55.2497 1.96533

-55.2764 2.01278
-55.2494 1.96533

-55.3887 2.12545
-55.3357 2.07764

-55.2778 2.02148
-55.3286 2.07764

-55.3325 2.08153
-55.3295 2.07764

-55.3887 2.13487
-55.3879 2.13379

-55.2764 2.02385
-55.2742 2.02148

-55.5571 2.31487
-55.5844 2.3584

-55.5062 2.24609
-55.5494 2.30225

-55.5571 2.31478
-55.5493 2.30225

-55.6133 2.41851
-55.585 2.3584

-55.501 2.248
-55.4997 2.24609

-55.6133 2.47115
-55.6131 2.4707

-55.8948 2.69531
-55.8379 2.70514

-55.8379 2.70545
-55.8216 2.69531

-54.2656 0.414016
-54.2095 0.407091

-54.2095 0.407126
-54.1533 0.401315

-54.1533 0.40133
-54.0972 0.396531

-54.041 0.392792
-54.045 0.393066

-54.0972 0.396544
-54.0466 0.393066

-54.041 0.392731
-53.9849 0.389687

-53.9849 0.389773
-53.9287 0.387297

-53.9287 0.387392
-53.8726 0.385123

-53.8726 0.385225
-53.8164 0.38277

-53.8164 0.382879
-53.7603 0.379816

-53.7603 0.379908
-53.7041 0.375838

-53.7041 0.375878
-53.6479 0.370539

-53.6479 0.370468
-53.5918 0.363923

-53.5918 0.363746
-53.5356 0.356491

-53.5356 0.356163
-53.4795 0.349208

-53.3672 0.335583
-53.3785 0.336914

-53.4795 0.349398
-53.3696 0.336914

-53.3672 0.335621
-53.311 0.330179

-53.311 0.330477
-53.2549 0.327154

-53.3672 0.337546
-53.3591 0.336914

-53.2549 0.327422
-53.1987 0.325178

-53.1987 0.325217
-53.1426 0.323437

-53.1426 0.323455
-53.0864 0.322024

-53.0864 0.322055
-53.0303 0.320875

-53.0303 0.320909
-52.9741 0.319851

-52.9741 0.319869
-52.918 0.31883

-52.918 0.318839
-52.8618 0.317764

-52.8618 0.317765
-52.8057 0.316634

-52.8057 0.316631
-52.7495 0.315445

-52.7495 0.315441
-52.6934 0.314215

-52.6934 0.31421
-52.6372 0.312963

-52.6372 0.312958
-52.5811 0.31171

-52.5811 0.311701
-52.5249 0.310479

-52.5249 0.310463
-52.4688 0.309314

-52.4688 0.309329
-52.4126 0.308256

-52.4126 0.308268
-52.3564 0.307219

-52.3564 0.307202
-52.3003 0.306188

-52.3003 0.306187
-52.2441 0.305245

-52.2441 0.305247
-52.188 0.304376

-52.188 0.304377
-52.1318 0.30357

-52.1318 0.303571
-52.0757 0.302825

-52.0757 0.302828
-52.0195 0.302135

-52.0195 0.302137
-51.9634 0.301488

-51.9634 0.30149
-51.9072 0.300875

-51.9072 0.300877
-51.8511 0.30029

-51.8511 0.300292
-51.7949 0.299727

-51.7949 0.299729
-51.7388 0.29918

-51.7388 0.299182
-51.6826 0.298644

-51.6826 0.298645
-51.6265 0.298112

-51.6265 0.298113
-51.5703 0.297582

-51.5703 0.297582
-51.5142 0.297048

-51.5142 0.297048
-51.458 0.296508

-51.458 0.296509
-51.4019 0.295961

-51.4019 0.295962
-51.3457 0.295404

-51.3457 0.295405
-51.2896 0.294837

-51.2896 0.294837
-51.2334 0.294256

-51.2334 0.294256
-51.1772 0.293661

-51.1772 0.293661
-51.1211 0.293053

-51.1211 0.293053
-51.0649 0.292431

-51.0649 0.292431
-51.0088 0.291796

-51.0088 0.291796
-50.9526 0.291146

-50.9526 0.291146
-50.8965 0.290483

-50.8965 0.290483
-50.8403 0.289808

-50.8403 0.289808
-50.7842 0.289122

-50.7842 0.289122
-50.728 0.288427

-50.728 0.288427
-50.6719 0.287726

-50.6719 0.287725
-50.6157 0.287021

-50.6157 0.287021
-50.5596 0.286316

-50.5596 0.286315
-50.5034 0.285612

-50.5034 0.285612
-50.4473 0.284914

-50.4473 0.284913
-50.3911 0.284222

-50.3911 0.284222
-50.335 0.283541

-50.335 0.28354
-50.2788 0.282871

-50.2788 0.282868
-50.2227 0.28222

-50.2227 0.282218
-50.1665 0.281599

-50.1665 0.281626
-50.1104 0.280985

-50.0542 0.280256
-50.0938 0.280762

-50.1104 0.281013
-50.0907 0.280762

-50.0542 0.280243
-49.998 0.279501

-49.998 0.279499
-49.9419 0.278789

-49.9419 0.27879
-49.8857 0.278112

-49.8857 0.278112
-49.8296 0.277464

-49.8296 0.277463
-49.7734 0.276844

-49.7734 0.276844
-49.7173 0.276256

-49.7173 0.276256
-49.6611 0.275698

-49.6611 0.275698
-49.605 0.27517

-49.605 0.27517
-49.5488 0.274673

-49.5488 0.274673
-49.4927 0.274207

-49.4927 0.274207
-49.4365 0.273773

-49.4365 0.273772
-49.3804 0.273372

-49.3804 0.273371
-49.3242 0.273007

-49.3242 0.273006
-49.2681 0.272681

-49.2681 0.27268
-49.2119 0.272398

-49.2119 0.272397
-49.1558 0.272163

-49.1558 0.272163
-49.0996 0.27198

-49.0996 0.27198
-49.0435 0.271852

-49.0435 0.271851
-48.9873 0.271781

-48.9873 0.27178
-48.9312 0.271768

-48.9312 0.271768
-48.875 0.271815

-48.875 0.271815
-48.8188 0.271922

-48.8188 0.271923
-48.7627 0.272088

-48.7627 0.272089
-48.7065 0.27231

-48.7065 0.272311
-48.6504 0.272584

-48.6504 0.272586
-48.5942 0.272906

-48.5942 0.272908
-48.5381 0.273267

-48.5381 0.27327
-48.4819 0.273659

-48.4819 0.273662
-48.4258 0.274069

-48.4258 0.274072
-48.3696 0.274487

-48.3696 0.27449
-48.3135 0.274899

-48.3135 0.274902
-48.2573 0.275296

-48.2573 0.275298
-48.2012 0.275666

-48.2012 0.275668
-48.145 0.276

-48.145 0.276002
-48.0889 0.276288

-48.0889 0.27629
-48.0327 0.276523

-48.0327 0.276525
-47.9766 0.276696

-47.9766 0.276697
-47.9204 0.276801

-47.9204 0.276802
-47.8643 0.276835

-47.8643 0.276835
-47.8081 0.276795

-47.8081 0.276795
-47.752 0.276682

-47.752 0.276681
-47.6958 0.276497

-47.6958 0.276496
-47.6396 0.276246

-47.6396 0.276244
-47.5835 0.275934

-47.5835 0.275932
-47.5273 0.275572

-47.5273 0.27557
-47.4712 0.275167

-47.4712 0.275165
-47.415 0.27473

-47.415 0.274728
-47.3589 0.274269

-47.3589 0.274267
-47.3027 0.273792

-47.3027 0.27379
-47.2466 0.273305

-47.2466 0.273304
-47.1904 0.272815

-47.1904 0.272814
-47.1343 0.272324

-47.1343 0.272324
-47.0781 0.271838

-47.0781 0.271837
-47.022 0.271358

-47.022 0.271357
-46.9658 0.270887

-46.9658 0.270886
-46.9097 0.270428

-46.9097 0.270427
-46.8535 0.269985

-46.8535 0.269983
-46.7974 0.269562

-46.7974 0.26956
-46.7412 0.269168

-46.7412 0.269165
-46.6851 0.268812

-46.6851 0.268808
-46.6289 0.268508

-46.6289 0.268504
-46.5728 0.268271

-46.5728 0.268266
-46.5166 0.268118

-46.5166 0.268113
-46.4604 0.268066

-46.4604 0.268062
-46.4043 0.268133

-46.4043 0.26813
-46.3481 0.268334

-46.3481 0.268331
-46.292 0.268681

-46.292 0.268679
-46.2358 0.269182

-46.2358 0.269182
-46.1797 0.269841

-46.1797 0.269842
-46.1235 0.270659

-46.1235 0.27066
-46.0674 0.27163

-46.0674 0.271633
-46.0112 0.27275

-46.0112 0.272752
-45.9551 0.274007

-45.9551 0.274009
-45.8989 0.275393

-45.8989 0.275392
-45.8428 0.276903

-45.8428 0.276901
-45.7866 0.278545

-45.7866 0.278545
-45.7305 0.280327

-45.7305 0.280354
-45.7175 0.280762

-45.7195 0.280762
-45.6743 0.282183

-45.6743 0.282153
-45.6182 0.283785

-45.6182 0.283767
-45.562 0.285338

-45.562 0.285329
-45.5059 0.286893

-45.5059 0.286895
-45.4497 0.288468

-45.4497 0.288478
-45.3936 0.290036

-45.3936 0.290045
-45.3374 0.291553

-45.3374 0.291559
-45.2812 0.292988

-45.2812 0.292991
-45.2251 0.294322

-45.2251 0.294323
-45.1689 0.295548

-45.1689 0.295547
-45.1128 0.296664

-45.1128 0.296661
-45.0566 0.297677

-45.0566 0.297672
-45.0005 0.298603

-45.0005 0.298597
-44.9443 0.299464

-44.9443 0.299458
-44.8882 0.300285

-44.8882 0.30028
-44.832 0.301091

-44.832 0.301088
-44.7759 0.301897

-44.7759 0.301898
-44.7197 0.302713

-44.7197 0.302717
-44.6636 0.303529

-44.6636 0.303536
-44.6074 0.304322

-44.6074 0.304332
-44.5513 0.305058

-44.5513 0.305068
-44.4951 0.305694

-44.4951 0.305703
-44.439 0.306189

-44.439 0.306195
-44.3828 0.306509

-44.3828 0.306513
-44.3267 0.306635

-44.3267 0.306637
-44.2705 0.306556

-44.2705 0.306558
-44.2144 0.306267

-44.2144 0.306265
-44.1582 0.305766

-44.1582 0.305759
-44.1021 0.305067

-44.1021 0.305056
-44.0459 0.304205

-44.0459 0.304191
-43.9897 0.303232

-43.9897 0.303217
-43.9336 0.302207

-43.9336 0.302194
-43.8774 0.301187

-43.8774 0.301178
-43.8213 0.300221

-43.8213 0.300216
-43.7651 0.299337

-43.7651 0.299338
-43.709 0.298542

-43.709 0.298547
-43.6528 0.297825

-43.6528 0.297832
-43.5967 0.297159

-43.5967 0.297164
-43.5405 0.296518

-43.5405 0.296519
-43.4844 0.295885

-43.4844 0.295883
-43.4282 0.295261

-43.4282 0.295258
-43.3721 0.294658

-43.3721 0.29466
-43.3159 0.294084

-43.3159 0.294093
-43.2598 0.293519

-43.2598 0.293539
-43.2036 0.292906

-43.2036 0.292934
-43.1475 0.292149

-43.1475 0.29218
-43.0913 0.291121

-43.0913 0.291149
-43.0352 0.289698

-43.0352 0.289714
-42.979 0.287781

-42.979 0.287785
-42.9229 0.28533

-42.9229 0.285335
-42.8667 0.282341

-42.8105 0.278815
-42.8424 0.280762

-42.8667 0.282331
-42.841 0.280762

-42.8105 0.278815
-42.7544 0.27513

-42.7544 0.275131
-42.6982 0.271268

-42.6982 0.271232
-42.6421 0.267262

-42.6421 0.267222
-42.5859 0.263297

-42.5859 0.263264
-42.5298 0.25953

-42.5298 0.259504
-42.4736 0.256077

-42.4736 0.256066
-42.4175 0.253023

-42.4175 0.253025
-42.3613 0.250386

-42.3613 0.250386
-42.3052 0.248143

-42.3052 0.248169
-42.249 0.24627

-42.249 0.246293
-42.1929 0.244641

-42.1929 0.244662
-42.1367 0.243171

-42.1367 0.243192
-42.0806 0.241781

-42.0806 0.241809
-42.0244 0.240379

-42.0244 0.240383
-41.9683 0.238871

-41.9683 0.238878
-41.9121 0.23726

-41.9121 0.237505
-41.7998 0.233049

-41.7998 0.232764
-41.6875 0.227108

-41.6313 0.223727
-41.6483 0.224609

-41.6313 0.223889
-41.5752 0.221477

-41.5752 0.221717
-41.519 0.219124

-41.519 0.219158
-41.4629 0.215838

-41.6875 0.226662
-41.6455 0.224609

-41.4629 0.215798
-41.4067 0.211765

-41.4067 0.211759
-41.3506 0.207108

-41.3506 0.207149
-41.2944 0.201812

-41.2944 0.201844
-41.2383 0.195674

-41.2383 0.195683
-41.1821 0.188598

-41.1821 0.188574
-41.126 0.180602

-41.126 0.180611
-41.0698 0.171781

-41.0137 0.162192
-41.0518 0.168457

-41.0698 0.17178
-41.0496 0.168457

-41.0137 0.162164
-40.9575 0.153305

-40.9575 0.153221
-40.9014 0.1452

-40.9014 0.145148
-40.8452 0.138234

-40.8452 0.138245
-40.7891 0.132518

-40.7891 0.132522
-40.7329 0.127955

-40.7329 0.128555
-40.6768 0.12394

-40.5645 0.103343
-40.6085 0.112305

-40.6768 0.125273
-40.5914 0.112305

-40.5645 0.103134
-40.5083 0.0932122

-40.5083 0.0935729
-40.4521 0.0866296

-40.4521 0.086925
-40.396 0.0816482

-40.396 0.0815458
-40.3398 0.0775496

-40.3398 0.0774926
-40.2837 0.0750958

-40.2837 0.075047
-40.2275 0.0744611

-40.2275 0.0744456
-40.1714 0.0757994

-40.1714 0.0757668
-40.1152 0.0791563

-40.1152 0.0791378
-40.0591 0.0846653

-40.0591 0.0848704
-40.0029 0.0921627

-40.0029 0.0921182
-39.9468 0.100854

-39.9468 0.100897
-39.8906 0.110716

-39.9024 0.112305
-39.8906 0.114049

-39.8906 0.110649
-39.8783 0.112305

-39.8227 0.112305
-39.7783 0.144437

-39.7151 0.112305
-39.666 0.147829

-39.666 0.111837
-39.6099 0.110828

-39.5537 0.110382
-39.5964 0.112305

-39.5986 0.112305
-39.5537 0.144784

-39.5537 0.108516
-39.4996 0.112305

-39.4976 0.110951
-39.4924 0.112305

-39.4912 0.112305
-39.4414 0.148331

-39.4414 0.126559
-39.3853 0.158577

-39.3853 0.156514
-39.3717 0.168457

-39.3828 0.168457
-39.3291 0.216285

-39.3291 0.215617
-39.3192 0.224609

-39.3192 0.224609
-39.2729 0.266808

-39.2729 0.266564
-39.2556 0.280762

-39.2603 0.280762
-39.2168 0.316299

-39.2168 0.31503
-39.1829 0.336914

-39.1817 0.336914
-39.1606 0.350482

-39.1606 0.350858
-39.1045 0.378805

-39.1045 0.377636
-39.0645 0.393066

-39.0667 0.393066
-39.0483 0.400173

-39.0483 0.399797
-38.9922 0.416593

-38.9922 0.416092
-38.936 0.428573

-38.936 0.428385
-38.8799 0.437929

-38.8799 0.437595
-38.8237 0.445245

-38.8237 0.445007
-38.7873 0.449219

-38.7904 0.449219
-38.7676 0.4522

-38.7676 0.451688
-38.6553 0.46259

-38.6553 0.462123
-38.5991 0.466722

-38.5991 0.466619
-38.543 0.471506

-38.543 0.471516
-38.4868 0.476875

-38.4868 0.476977
-38.4307 0.482584

-38.4307 0.482694
-38.3745 0.488124

-38.3745 0.488205
-38.3184 0.493074

-38.3184 0.493095
-38.2622 0.497201

-38.2622 0.4972
-38.2061 0.500504

-38.2061 0.500491
-38.1499 0.503021

-38.1499 0.502985
-38.0938 0.504836

-38.0938 0.504733
-38.0615 0.505371

-38.0769 0.505371
-38.0376 0.506148

-38.0376 0.506027
-37.9814 0.506235

-37.9814 0.506233
-37.9253 0.50552

-37.8691 0.503828
-37.9177 0.505371

-37.9253 0.505415
-37.9239 0.505371

-37.8691 0.503796
-37.813 0.500825

-37.813 0.500817
-37.7568 0.49671

-37.7568 0.496743
-37.7007 0.49145

-37.7007 0.491503
-37.6445 0.484851

-37.4199 0.446284
-37.4356 0.449219

-37.4199 0.446179
-37.3638 0.436093

-37.3638 0.436077
-37.3076 0.42753

-37.3076 0.427513
-37.2515 0.420573

-37.2515 0.420469
-37.1953 0.415377

-37.6445 0.484827
-37.5884 0.476757

-37.5884 0.476694
-37.5322 0.467381

-37.5322 0.467159
-37.4314 0.449219

-37.1953 0.41531
-37.1392 0.412408

-37.1392 0.412423
-37.083 0.411814

-37.083 0.411886
-37.0269 0.413399

-37.0269 0.413517
-36.9707 0.416775

-36.9707 0.416922
-36.9146 0.421398

-36.9146 0.421576
-36.8584 0.426623

-36.8584 0.426786
-36.8022 0.431722

-36.8022 0.43181
-36.7461 0.436129

-36.7461 0.436208
-36.6899 0.439577

-36.6899 0.439676
-36.6338 0.441743

-36.6338 0.441905
-36.5776 0.442151

-36.5776 0.442232
-36.5215 0.44017

-36.5215 0.440152
-36.4653 0.435657

-36.4653 0.435562
-36.4092 0.428859

-36.4092 0.428773
-36.353 0.420221

-36.353 0.420041
-36.2969 0.410173

-36.2969 0.409858
-36.2407 0.399663

-36.1846 0.389906
-36.204 0.393066

-36.2407 0.399405
-36.2018 0.393066

-36.1846 0.38983
-36.1284 0.383112

-36.1284 0.3829
-36.0723 0.379659

-36.0723 0.379439
-36.0161 0.380539

-36.0161 0.380443
-35.96 0.386519

-35.96 0.386585
-35.9262 0.393066

-35.9283 0.393066
-35.9038 0.397763

-35.9038 0.397874
-35.8477 0.412219

-35.8477 0.412329
-35.7915 0.429333

-35.7915 0.429673
-35.7354 0.448436

-35.7354 0.448426
-35.7331 0.449219

-35.4939 0
-35.4546 0.0185211

-35.4546 0.0215984
-35.442 0

-35.7332 0.449219
-35.6792 0.468256

-35.6792 0.46831
-35.623 0.488986

-35.623 0.489191
-35.5796 0.505371

-35.5802 0.505371
-35.5669 0.510345

-35.5669 0.510276
-35.5107 0.530744

-35.5107 0.530683
-35.4546 0.550604

-35.4546 0.550623
-35.4223 0.561523

-35.4237 0.561523
-35.3984 0.570221

-35.3984 0.569663
-35.3423 0.58754

-35.3423 0.587346
-35.2861 0.604865

-35.2861 0.604642
-35.2449 0.617676

-35.2463 0.617676
-35.23 0.622836

-35.23 0.62276
-35.1738 0.640429

-35.1738 0.64035
-35.1177 0.657608

-35.1177 0.657539
-35.0639 0.673828

-35.0668 0.673828
-35.0615 0.675418

-35.0615 0.675045
-35.0054 0.691007

-35.0054 0.69083
-34.9492 0.70524

-34.9492 0.705037
-34.8931 0.718653

-34.8931 0.71857
-34.8449 0.72998

-34.8462 0.72998
-34.8369 0.732177

-34.8369 0.732012
-34.7808 0.744873

-34.7808 0.744582
-34.7246 0.757395

-34.7246 0.75738
-34.6685 0.770756

-34.6685 0.770683
-34.6123 0.784801

-34.6123 0.784885
-34.6074 0.786133

-34.6085 0.786133
-34.5562 0.799491

-34.5562 0.799391
-34.5 0.813428

-34.5 35.9667
-34.8521 36.8359

-34.8508 36.8359
-35.2195 37.7344

-35.2173 37.7344
-35.9753 39.5312

-36.2969 40.2651
-36.7584 41.3281

-36.7557 41.3281
-37.5578 43.125

-36.2969 40.2631
-35.9791 39.5312

-41.6875 51.8433
-41.8166 52.1094

-41.8163 52.1094
-42.6809 53.9062

-43.4844 55.5875
-43.5397 55.7031

-43.5389 55.7031
-44.3936 57.5

-43.4844 55.5868
-42.6812 53.9062

-38.0938 44.2891
-38.3829 44.9219

-38.381 44.9219
-39.2174 46.7188

-39.8906 48.1337
-40.0719 48.5156

-40.0715 48.5156
-40.9392 50.3125

-39.8906 48.1324
-39.2195 46.7188

-38.0938 44.2869
-37.5627 43.125

-41.6875 51.8419
-40.9456 50.3125

-63.25 94.2584
-63.7585 95.2344

-63.7381 95.2344
-64.6932 97.0312

-65.0469 97.6389
-65.7035 98.8281

-65.717 98.8281
-66.6829 100.625

-65.0469 97.6385
-64.7116 97.0312

-70.4375 107.583
-70.5596 107.812

-74.0312 114.179
-74.4616 115

-72.2344 110.965
-72.482 111.406

-70.5297 107.812
-71.4732 109.609

-72.2344 110.975
-71.4681 109.609

-72.511 111.406
-73.5263 113.203

-74.0312 114.13
-73.5456 113.203

-66.8438 100.967
-67.6031 102.422

-67.5877 102.422
-68.5638 104.219

-68.6406 104.311
-69.5947 106.016

-70.4375 107.573
-69.6098 106.016

-68.6406 104.324
-68.5818 104.219

-66.8438 100.911
-66.6945 100.625

-48.875 66.8811
-49.5664 68.2812

-50.6719 70.4492
-51.4205 71.875

-49.5591 68.2812
-50.4717 70.0781

-50.6719 70.4352
-50.4844 70.0781

-56.0625 80.6407
-56.1767 80.8594

-56.1642 80.8594
-57.0928 82.6562

-57.8594 84.1094
-58.0412 84.4531

-58.0489 84.4531
-59.0086 86.25

-57.8594 84.1068
-57.0924 82.6562

-52.4688 73.8511
-53.3183 75.4688

-54.2656 77.2619
-54.2676 77.2656

-54.2721 77.2656
-55.2322 79.0625

-54.2656 77.2654
-53.3137 75.4688

-51.4279 71.875
-52.3768 73.6719

-52.4688 73.8191
-52.3915 73.6719

-56.0625 80.6353
-55.2413 79.0625

-45.2812 59.3813
-46.0826 61.0938

-47.0781 63.1983
-47.7987 64.6875

-46.0761 61.0938
-46.9273 62.8906

-47.0781 63.1871
-46.9346 62.8906

-44.3959 57.5
-45.2441 59.2969

-45.2812 59.3639
-45.2499 59.2969

-47.8007 64.6875
-48.6807 66.4844

-48.875 66.8604
-48.6893 66.4844

-59.6562 87.4843
-59.9492 88.0469

-59.9305 88.0469
-60.8694 89.8438

-61.4531 90.9083
-61.8491 91.6406

-61.8601 91.6406
-62.8265 93.4375

-61.4531 90.9045
-60.8795 89.8438

-59.6562 87.4695
-59.0213 86.25

-63.25 94.2283
-62.838 93.4375

-34.5 0.81354
-34.4438 0.827217

-34.4438 0.827103
-34.3877 0.840425

-34.3877 0.840362
-34.379 0.842285

-34.3813 0.842285
-34.3315 0.85331

-34.3315 0.85325
-34.2754 0.864024

-34.2754 0.864184
-34.2192 0.872959

-34.2192 0.873002
-34.1631 0.879371

-34.1631 0.879366
-34.1069 0.883253

-34.1069 0.883141
-34.0508 0.884782

-34.0508 0.884583
-33.9946 0.884598

-33.9946 0.884396
-33.9385 0.883589

-33.9385 0.883377
-33.8823 0.882576

-33.8823 0.882455
-33.8262 0.882329

-33.8262 0.882181
-33.77 0.883271

-33.77 0.883199
-33.7139 0.885942

-33.7139 0.885865
-33.6577 0.890556

-33.6577 0.890545
-33.6016 0.897357

-33.6016 0.897279
-33.5941 0.898438

-33.5931 0.898438
-33.4893 0.916238

-33.4893 0.916896
-33.4331 0.929226

-33.4331 0.929001
-33.377 0.943173

-33.377 0.942938
-33.3378 0.95459

-33.3391 0.95459
-33.3208 0.960015

-33.3208 0.959986
-33.2646 0.97896

-33.2646 0.978981
-33.2085 0.999726

-33.2085 0.999737
-33.1786 1.01074

-33.1841 1.01074
-33.1523 1.0219

-33.1523 1.02134
-33.0962 1.04002

-33.0962 1.04017
-33.04 1.05649

-33.04 1.05632
-32.997 1.06689

-32.9988 1.06689
-32.9839 1.07055

-32.9839 1.07037
-32.9277 1.0815

-32.9277 1.08125
-32.8716 1.08993

-32.8716 1.08989
-32.8154 1.09669

-32.8154 1.0966
-32.7593 1.10178

-32.7593 1.10164
-32.7031 1.1057

-32.7031 1.10552
-32.647 1.10907

-32.647 1.10894
-32.5908 1.1126

-32.5908 1.11251
-32.5347 1.11671

-32.5347 1.11678
-32.4785 1.12153

-32.4785 1.12171
-32.4625 1.12305

-32.4652 1.12305
-32.3662 1.13063

-32.3662 1.13031
-32.2539 1.13784

-32.2539 1.13782
-32.1978 1.1414

-32.1978 1.14141
-32.1416 1.14481

-32.1416 1.14492
-32.0854 1.14791

-32.0854 1.14793
-32.0293 1.15026

-32.0293 1.15026
-31.9731 1.15186

-31.9731 1.15183
-31.917 1.15275

-31.917 1.15269
-31.8608 1.1531

-31.8608 1.15304
-31.8047 1.15317

-31.8047 1.15311
-31.7485 1.1532

-31.7485 1.15313
-31.6924 1.15344

-31.6924 1.15336
-31.6362 1.15421

-31.6362 1.15411
-31.5801 1.15586

-31.5801 1.15577
-31.5239 1.1588

-31.5239 1.15871
-31.4678 1.16339

-31.4678 1.16332
-31.4116 1.16997

-31.4116 1.16993
-31.3555 1.17873

-31.3559 1.1792
-31.3555 1.17927

-31.3555 1.17903
-31.3545 1.1792

-31.3547 1.1792
-31.2993 1.18939

-31.2993 1.18961
-31.2432 1.20037

-31.2432 1.20047
-31.187 1.21101

-31.187 1.21088
-31.1309 1.22124

-31.1309 1.22106
-31.0747 1.23184

-31.0747 1.23185
-31.0568 1.23535

-31.0593 1.23535
-31.0186 1.24312

-31.0186 1.24306
-30.9624 1.2538

-30.9624 1.25387
-30.9062 1.2643

-30.9062 1.26432
-30.8501 1.27428

-30.8501 1.27426
-30.7939 1.28378

-30.7939 1.28373
-30.7462 1.2915

-30.7476 1.2915
-30.7378 1.2931

-30.7378 1.29302
-30.6816 1.30156

-30.6816 1.30151
-30.6255 1.3093

-30.6255 1.30932
-30.5693 1.31641

-30.5693 1.31649
-30.5132 1.32269

-30.5132 1.32284
-30.457 1.32769

-30.457 1.32777
-30.4009 1.33083

-30.4009 1.33075
-30.3447 1.33199

-30.3447 1.33181
-30.2886 1.33177

-30.2886 1.33156
-30.2324 1.33101

-30.2324 1.3308
-30.1763 1.33057

-30.1763 1.3305
-30.1201 1.33115

-30.1201 1.33112
-30.064 1.33285

-30.064 1.33293
-30.0078 1.33561

-30.0078 1.33573
-29.9517 1.33894

-29.9517 1.33905
-29.8955 1.34235

-29.8955 1.34244
-29.8394 1.34545

-29.8394 1.34545
-29.7913 1.34766

-29.7876 1.34766
-29.7832 1.3479

-29.7724 1.34766
-29.6709 1.35561

-29.6709 1.35603
-29.6147 1.3626

-29.6147 1.36254
-29.5586 1.37057

-29.5586 1.37066
-29.5024 1.3801

-29.5024 1.38015
-29.4463 1.39073

-29.4463 1.3907
-29.3901 1.40237

-29.3901 1.40247
-29.3841 1.40381

-29.3845 1.40381
-29.334 1.41501

-29.334 1.41506
-29.2778 1.4278

-29.2778 1.42787
-29.2217 1.44067

-29.2217 1.44065
-29.1655 1.45342

-29.1655 1.45337
-29.1362 1.45996

-29.1374 1.45996
-29.1094 1.46627

-29.1094 1.46606
-29.0532 1.47842

-29.0532 1.47835
-28.9971 1.49071

-28.9971 1.49062
-28.9409 1.5033

-28.9409 1.5032
-28.8866 1.51611

-28.8873 1.51611
-28.8848 1.51672

-28.8848 1.51666
-28.8286 1.53067

-28.8286 1.53056
-28.7725 1.54522

-28.7725 1.54517
-28.7163 1.56078

-28.7163 1.56076
-28.6771 1.57227

-28.6786 1.57227
-28.6602 1.57749

-28.6602 1.57752
-28.604 1.59436

-28.604 1.59425
-28.5479 1.61131

-28.5479 1.61122
-28.4931 1.62842

-28.4939 1.62842
-28.4917 1.62912

-28.4917 1.62907
-28.4355 1.64704

-28.4355 1.64685
-28.3794 1.66513

-28.3794 1.66502
-28.3232 1.68424

-28.3232 1.68422
-28.3223 1.68457

-28.3229 1.68457
-28.2671 1.70441

-28.2671 1.70428
-28.2109 1.72478

-28.2109 1.72484
-28.1687 1.74072

-28.1692 1.74072
-28.1548 1.74616

-28.1548 1.74607
-28.0986 1.76745

-28.0986 1.7673
-28.0425 1.78912

-28.0425 1.78918
-28.0232 1.79688

-28.0235 1.79688
-27.9863 1.81152

-27.9863 1.81163
-27.9302 1.83446

-27.9302 1.83433
-27.8853 1.85303

-27.8857 1.85303
-27.874 1.85787

-27.874 1.85783
-27.8179 1.88183

-27.8179 1.88176
-27.7617 1.90636

-27.7617 1.90637
-27.7555 1.90918

-27.7554 1.90918
-27.7056 1.93172

-27.7056 1.93162
-27.6494 1.95799

-27.6494 1.95807
-27.6347 1.96533

-27.6343 1.96533
-27.5933 1.98555

-27.5933 1.98556
-27.5371 2.01459

-27.5371 2.01462
-27.5246 2.02148

-27.5243 2.02148
-27.481 2.04514

-27.481 2.04507
-27.4251 2.07764

-27.4254 2.07764
-27.4248 2.07796

-27.4248 2.07786
-27.3687 2.11274

-27.3687 2.11277
-27.3368 2.13379

-27.3368 2.13379
-27.3125 2.14933

-28.2109 6.40039
-28.2116 6.40137

-28.2671 6.49473
-28.2782 6.51367

-28.2114 6.40137
-28.2452 6.45752

-28.2671 6.49473
-28.2452 6.45752

-28.3232 6.59243
-28.3425 6.62598

-28.3794 6.69209
-28.4048 6.73828

-28.3424 6.62598
-28.3739 6.68213

-28.3794 6.69207
-28.3739 6.68213

-28.2781 6.51367
-28.3104 6.56982

-28.3232 6.59238
-28.3104 6.56982

-28.4355 6.79546
-28.465 6.85059

-28.4917 6.90242
-28.4939 6.90674

-28.494 6.90674
-28.5229 6.96289

-28.4917 6.90233
-28.4648 6.85059

-28.5479 7.01217
-28.5802 7.0752

-28.604 7.12165
-28.609 7.13135

-28.6089 7.13135
-28.6382 7.1875

-28.604 7.12175
-28.5801 7.0752

-28.5479 7.01198
-28.5228 6.96289

-28.4048 6.73828
-28.4351 6.79443

-28.4355 6.79527
-28.4351 6.79443

-28.0986 6.23297
-28.1404 6.28906

-28.0425 6.16005
-28.0564 6.17676

-27.9863 6.09481
-28.0094 6.12061

-28.0425 6.16004
-28.0097 6.12061

-28.0986 6.23203
-28.0561 6.17676

-27.9302 6.0337
-27.9593 6.06445

-27.874 5.97622
-27.9058 6.0083

-27.9302 6.03366
-27.9062 6.0083

-27.8179 5.92028
-27.8503 5.95215

-27.7617 5.86773
-27.7915 5.896

-27.8179 5.92044
-27.7921 5.896

-27.874 5.97627
-27.8501 5.95215

-27.9863 6.09492
-27.9591 6.06445

-27.7056 5.81538
-27.7319 5.83984

-27.6494 5.76441
-27.6705 5.78369

-27.7056 5.81542
-27.6709 5.78369

-27.5933 5.71319
-27.609 5.72754

-27.5371 5.66232
-27.5471 5.67139

-27.5933 5.71326
-27.5473 5.67139

-27.6494 5.76452
-27.6088 5.72754

-27.481 5.61057
-27.486 5.61523

-27.4248 5.55885
-27.4251 5.55908

-27.481 5.61077
-27.4253 5.55908

-27.3125 5.45204
-27.3656 5.50293

-27.4248 5.55876
-27.3687 5.50587

-27.3687 5.50579
-27.3657 5.50293

-27.5371 5.66238
-27.4857 5.61523

-27.7617 5.86788
-27.7315 5.83984

-28.1548 6.31281
-28.1763 6.34521

-28.2109 6.4002
-28.1764 6.34521

-28.1548 6.31211
-28.1395 6.28906

-29.1094 8.24904
-29.1285 8.31055

-29.1282 8.31055
-29.1445 8.3667

-29.1446 8.3667
-29.1601 8.42285

-29.1655 8.44356
-29.1749 8.479

-29.1749 8.479
-29.189 8.53516

-29.1655 8.44357
-29.1601 8.42285

-29.2217 8.67826
-29.2389 8.75977

-29.1889 8.53516
-29.2023 8.59131

-29.2023 8.59131
-29.215 8.64746

-29.2217 8.67823
-29.215 8.64746

-29.2386 8.75977
-29.2496 8.81592

-29.2496 8.81592
-29.2602 8.87207

-29.2778 8.97204
-29.28 8.98438

-29.2601 8.87207
-29.2702 8.92822

-29.2778 8.97198
-29.2702 8.92822

-29.334 9.32282
-29.3505 9.43359

-29.2799 8.98438
-29.2894 9.04053

-29.2894 9.04053
-29.2987 9.09668

-29.2986 9.09668
-29.3077 9.15283

-29.3077 9.15283
-29.3165 9.20898

-29.3165 9.20898
-29.3252 9.26514

-29.3252 9.26514
-29.3337 9.32129

-29.334 9.32292
-29.3337 9.32129

-29.3505 9.43359
-29.3587 9.48975

-29.3587 9.48975
-29.3669 9.5459

-29.3669 9.5459
-29.375 9.60205

-29.375 9.60205
-29.383 9.6582

-29.3901 9.70852
-29.391 9.71436

-29.391 9.71436
-29.3988 9.77051

-29.3901 9.70847
-29.383 9.6582

-29.3989 9.77051
-29.4067 9.82666

-29.4067 9.82666
-29.4143 9.88281

-29.4144 9.88281
-29.4219 9.93896

-29.4219 9.93896
-29.4294 9.99512

-29.4294 9.99512
-29.4366 10.0513

-29.4366 10.0513
-29.4437 10.1074

-29.4463 10.1283
-29.4572 10.2197

-29.4572 10.2197
-29.4635 10.2759

-29.4635 10.2759
-29.4696 10.332

-29.4463 10.1286
-29.4437 10.1074

-29.4696 10.332
-29.4754 10.3882

-29.4754 10.3882
-29.481 10.4443

-29.481 10.4443
-29.4863 10.5005

-29.4863 10.5005
-29.4913 10.5566

-29.4913 10.5566
-29.4961 10.6128

-29.4961 10.6128
-29.5007 10.6689

-29.5024 10.6908
-29.5051 10.7251

-29.5051 10.7251
-29.5094 10.7812

-29.5024 10.6908
-29.5007 10.6689

-28.6602 7.22904
-28.6678 7.24365

-28.6678 7.24365
-28.6975 7.2998

-28.7163 7.33535
-28.7272 7.35596

-28.7273 7.35596
-28.7568 7.41211

-28.7163 7.33525
-28.6976 7.2998

-28.7725 7.44239
-28.7858 7.46826

-28.7859 7.46826
-28.8141 7.52441

-28.8286 7.55424
-28.8415 7.58057

-28.8417 7.58057
-28.8684 7.63672

-28.8286 7.5539
-28.8142 7.52441

-28.7725 7.44252
-28.7568 7.41211

-28.8848 7.67237
-28.8943 7.69287

-28.8944 7.69287
-28.9196 7.74902

-28.9409 7.79826
-28.9439 7.80518

-28.9441 7.80518
-28.9679 7.86133

-28.9409 7.79804
-28.9195 7.74902

-28.9971 7.93332
-29.0133 7.97363

-29.0532 8.08087
-29.0551 8.08594

-29.0131 7.97363
-29.0345 8.02979

-29.0532 8.08082
-29.0346 8.02979

-28.9678 7.86133
-28.9909 7.91748

-28.9971 7.93303
-28.9909 7.91748

-28.8848 7.67221
-28.8683 7.63672

-28.6602 7.22933
-28.6382 7.1875

-29.0551 8.08594
-29.0746 8.14209

-29.0747 8.14209
-29.0934 8.19824

-29.1094 8.24849
-29.0934 8.19824

-29.5586 11.4324
-29.5607 11.4551

-29.5607 11.4551
-29.5724 11.5674

-29.5725 11.5674
-29.5788 11.6235

-29.5788 11.6235
-29.5854 11.6797

-29.5094 10.7812
-29.5135 10.8374

-29.5135 10.8374
-29.5174 10.8936

-29.5174 10.8936
-29.5213 10.9497

-29.5213 10.9497
-29.5252 11.0059

-29.5252 11.0059
-29.5291 11.062

-29.529 11.062
-29.533 11.1182

-29.5329 11.1182
-29.537 11.1743

-29.537 11.1743
-29.5412 11.2305

-29.5412 11.2305
-29.5457 11.2866

-29.5456 11.2866
-29.5504 11.3428

-29.5504 11.3428
-29.5554 11.3989

-29.5586 11.4326
-29.5554 11.3989

-29.5854 11.6797
-29.5923 11.7358

-29.5922 11.7358
-29.5993 11.792

-29.5993 11.792
-29.6066 11.8481

-29.6066 11.8481
-29.614 11.9043

-29.6147 11.9102
-29.6215 11.9604

-29.6215 11.9604
-29.6292 12.0166

-29.6147 11.9101
-29.614 11.9043

-29.6292 12.0166
-29.6369 12.0728

-29.6369 12.0728
-29.6448 12.1289

-29.6709 12.3113
-29.677 12.3535

-29.6448 12.1289
-29.6528 12.1851

-29.6528 12.1851
-29.6608 12.2412

-29.6608 12.2412
-29.6689 12.2974

-29.6709 12.3113
-29.6689 12.2974

-29.677 12.3535
-29.6851 12.4097

-29.6851 12.4097
-29.6932 12.4658

-29.6932 12.4658
-29.7013 12.522

-29.7013 12.522
-29.7094 12.5781

-29.7094 12.5781
-29.7175 12.6343

-29.7175 12.6343
-29.7255 12.6904

-29.7271 12.7011
-29.7336 12.7466

-29.7336 12.7466
-29.7416 12.8027

-29.7271 12.7011
-29.7255 12.6904

-29.7416 12.8027
-29.7496 12.8589

-29.7496 12.8589
-29.7577 12.915

-29.7577 12.915
-29.7657 12.9712

-29.7657 12.9712
-29.7738 13.0273

-29.7832 13.0927
-29.79 13.1396

-29.79 13.1396
-29.7981 13.1958

-29.7981 13.1958
-29.8063 13.252

-29.8063 13.252
-29.8145 13.3081

-29.8145 13.3081
-29.8227 13.3643

-29.8227 13.3643
-29.831 13.4204

-29.831 13.4204
-29.8393 13.4766

-29.7738 13.0273
-29.7819 13.0835

-29.7832 13.0928
-29.7819 13.0835

-29.8394 13.4766
-29.8477 13.5327

-29.8477 13.5327
-29.8562 13.5889

-29.8561 13.5889
-29.8646 13.645

-29.8646 13.645
-29.8732 13.7012

-29.8955 13.8459
-29.9079 13.9258

-29.8732 13.7012
-29.8818 13.7573

-29.8818 13.7573
-29.8905 13.8135

-29.8955 13.846
-29.8905 13.8135

-29.908 13.9258
-29.9168 13.9819

-29.9168 13.9819
-29.9256 14.0381

-29.9256 14.0381
-29.9344 14.0942

-29.9344 14.0942
-29.9431 14.1504

-29.9517 14.2052
-29.9519 14.2065

-29.9519 14.2065
-29.9605 14.2627

-29.9517 14.2052
-29.9432 14.1504

-29.9605 14.2627
-29.9692 14.3188

-29.9692 14.3188
-29.9777 14.375

-27.3125 2.14999
-27.2563 2.18882

-27.2563 2.18823
-27.2539 2.18994

-27.2553 2.18994
-27.2002 2.22854

-27.2002 2.2283
-27.1747 2.24609

-27.1751 2.24609
-27.144 2.26779

-27.144 2.26767
-27.0943 2.30225

-27.0946 2.30225
-27.0879 2.30688

-27.0879 2.30682
-27.0317 2.34536

-27.0317 2.34512
-27.012 2.3584

-27.0124 2.3584
-26.9756 2.3834

-26.9756 2.38297
-26.9278 2.41455

-26.9281 2.41455
-26.9194 2.42025

-26.9194 2.42016
-26.8633 2.45671

-26.8633 2.45646
-26.8415 2.4707

-26.8411 2.4707
-26.8071 2.49293

-26.8071 2.49296
-26.7571 2.52686

-26.7571 2.52686
-26.751 2.531

-26.751 2.53098
-26.6948 2.57045

-26.6948 2.57068
-26.6781 2.58301

-26.6776 2.58301
-26.6387 2.61111

-26.6387 2.61194
-26.6032 2.63916

-26.6027 2.63916
-26.5825 2.65465

-26.5825 2.6548
-26.5318 2.69531

-26.531 2.69531
-26.5264 2.69897

-26.5264 2.69957
-26.4702 2.74666

-26.4702 2.74712
-26.4654 2.75146

-26.4642 2.75146
-26.4141 2.7965

-26.4141 2.79734
-26.4037 2.80762

-26.4023 2.80762
-26.3579 2.85172

-26.3579 2.85229
-26.3465 2.86377

-26.3462 2.86377
-26.3018 2.91542

-26.3018 2.91547
-26.2979 2.91992

-26.298 2.91992
-26.2571 2.97607

-26.2584 2.97607
-26.2456 2.9969

-26.2456 2.99434
-26.2224 3.03223

-26.222 3.03223
-26.1895 3.10141

-26.1895 3.10152
-26.1715 3.14453

-26.1717 3.14453
-26.1522 3.20068

-26.1523 3.20068
-26.1364 3.25684

-26.1364 3.25684
-26.1333 3.27092

-26.1333 3.27068
-26.1239 3.31299

-26.1239 3.31299
-26.1148 3.36914

-26.1146 3.36914
-26.1092 3.42529

-26.1092 3.42529
-26.1077 3.48145

-26.1076 3.48145
-26.11 3.5376

-26.11 3.5376
-26.1166 3.59375

-26.4141 4.32323
-26.4416 4.37988

-26.4702 4.43902
-26.4971 4.49219

-26.4414 4.37988
-26.4688 4.43604

-26.4702 4.43914
-26.4686 4.43604

-27.2002 5.34221
-27.2496 5.39062

-27.0879 5.2288
-27.1363 5.27832

-27.144 5.28596
-27.1926 5.33447

-27.2002 5.34188
-27.1928 5.33447

-27.144 5.28603
-27.1363 5.27832

-26.9756 5.1125
-27.0267 5.16602

-26.9194 5.05318
-26.9199 5.05371

-26.8633 4.99147
-26.8688 4.99756

-26.9194 5.05283
-26.8685 4.99756

-26.9202 5.05371
-26.9729 5.10986

-26.9756 5.1125
-26.9731 5.10986

-27.0317 5.17131
-27.0811 5.22217

-27.0879 5.22901
-27.0812 5.22217

-27.0317 5.17138
-27.0265 5.16602

-26.8071 4.9295
-26.8176 4.94141

-26.751 4.86499
-26.7681 4.88525

-26.8071 4.92942
-26.7684 4.88525

-26.6948 4.79716
-26.7205 4.8291

-26.6387 4.72415
-26.6754 4.77295

-26.6948 4.79703
-26.6755 4.77295

-26.751 4.86495
-26.7206 4.8291

-26.5264 4.54726
-26.5585 4.60449

-26.5825 4.64122
-26.5948 4.66064

-26.5942 4.66064
-26.633 4.7168

-26.5825 4.64224
-26.5587 4.60449

-26.5264 4.5473
-26.497 4.49219

-26.5264 4.54848
-26.5263 4.54834

-26.6387 4.72418
-26.6331 4.7168

-26.8633 4.99201
-26.8176 4.94141

-26.1895 3.84337
-26.2018 3.87451

-26.2015 3.87451
-26.2255 3.93066

-26.2456 3.97396
-26.2514 3.98682

-26.2513 3.98682
-26.2777 4.04297

-26.2456 3.97442
-26.2258 3.93066

-26.1333 3.67445
-26.1412 3.70605

-26.1167 3.59375
-26.1272 3.6499

-26.1333 3.67437
-26.1272 3.6499

-26.1415 3.70605
-26.1588 3.76221

-26.1588 3.76221
-26.1789 3.81836

-26.1895 3.84456
-26.179 3.81836

-26.3018 4.09222
-26.3321 4.15527

-26.3579 4.20764
-26.3598 4.21143

-26.3598 4.21143
-26.3872 4.26758

-26.3579 4.20768
-26.3323 4.15527

-26.3018 4.09283
-26.2777 4.04297

-26.4141 4.32296
-26.3872 4.26758

-26.4141 4.32385
-26.414 4.32373

-27.2563 5.39749
-27.307 5.44678

-27.3125 5.45185
-27.3073 5.44678

-27.2563 5.39739
-27.2495 5.39062

-30.0078 14.5776
-30.011 14.5996

-30.011 14.5996
-30.0191 14.6558

-30.0191 14.6558
-30.027 14.7119

-30.027 14.7119
-30.0347 14.7681

-30.0347 14.7681
-30.0422 14.8242

-30.0422 14.8242
-30.0494 14.8804

-30.0494 14.8804
-30.0564 14.9365

-30.064 14.9999
-30.0696 15.0488

-30.0564 14.9365
-30.0631 14.9927

-30.064 14.9999
-30.0631 14.9927

-30.0696 15.0488
-30.0757 15.105

-30.0757 15.105
-30.0816 15.1611

-30.0816 15.1611
-30.0872 15.2173

-30.0872 15.2173
-30.0926 15.2734

-30.0926 15.2734
-30.0977 15.3296

-30.0977 15.3296
-30.1026 15.3857

-30.1026 15.3857
-30.1072 15.4419

-30.1072 15.4419
-30.1115 15.498

-30.1201 15.6208
-30.1262 15.7227

-30.1115 15.498
-30.1156 15.5542

-30.1156 15.5542
-30.1194 15.6104

-30.1201 15.6218
-30.1194 15.6104

-30.1262 15.7227
-30.1317 15.835

-30.1316 15.835
-30.134 15.8911

-30.134 15.8911
-30.1361 15.9473

-30.1361 15.9473
-30.1379 16.0034

-30.1379 16.0034
-30.1396 16.0596

-30.1396 16.0596
-30.1411 16.1157

-30.1411 16.1157
-30.1425 16.1719

-29.9777 14.375
-29.9862 14.4312

-29.9862 14.4312
-29.9946 14.4873

-29.9946 14.4873
-30.0028 14.5435

-30.0078 14.5776
-30.0028 14.5435

-30.1425 16.1719
-30.1437 16.228

-30.1437 16.228
-30.1448 16.2842

-30.1447 16.2842
-30.1457 16.3403

-30.1457 16.3403
-30.1466 16.3965

-30.1466 16.3965
-30.1473 16.4526

-30.1474 16.4526
-30.148 16.5088

-30.148 16.5088
-30.1486 16.5649

-30.1486 16.5649
-30.1491 16.6211

-30.1491 16.6211
-30.1495 16.6772

-30.1495 16.6772
-30.1499 16.7334

-30.1499 16.7334
-30.1501 16.7896

-30.1501 16.7896
-30.1504 16.8457

-30.1504 16.8457
-30.1505 16.9019

-30.1505 16.9019
-30.1507 16.958

-30.1507 16.958
-30.1508 17.0142

-30.1508 17.0142
-30.151 17.0703

-30.151 17.0703
-30.1511 17.1265

-30.1511 17.1265
-30.1511 17.1826

-30.1511 17.1826
-30.1512 17.2388

-30.1511 17.2388
-30.1511 17.2949

-30.1511 17.2949
-30.1509 17.3511

-30.1509 17.3511
-30.1507 17.4072

-30.1507 17.4072
-30.1503 17.4634

-30.1503 17.4634
-30.1497 17.5195

-30.1497 17.5195
-30.149 17.5757

-30.149 17.5757
-30.1482 17.6318

-30.1482 17.6318
-30.1471 17.688

-30.1471 17.688
-30.146 17.7441

-30.1459 17.7441
-30.1446 17.8003

-30.1446 17.8003
-30.1431 17.8564

-30.1431 17.8564
-30.1415 17.9126

-30.1415 17.9126
-30.1397 17.9688

-30.1397 17.9688
-30.1379 18.0249

-30.1379 18.0249
-30.136 18.0811

-30.1359 18.0811
-30.134 18.1372

-30.134 18.1372
-30.1319 18.1934

-30.1319 18.1934
-30.1279 18.3057

-30.1278 18.3057
-30.124 18.418

-30.124 18.418
-30.1206 18.5303

-30.1206 18.5303
-30.1201 18.5477

-30.1201 18.5477
-30.1191 18.5864

-30.1191 18.5864
-30.1176 18.6426

-30.1176 18.6426
-30.1163 18.6987

-30.1163 18.6987
-30.1151 18.7549

-30.1151 18.7549
-30.1139 18.811

-30.1139 18.811
-30.1127 18.8672

-30.1127 18.8672
-30.1115 18.9233

-30.1115 18.9233
-30.1102 18.9795

-30.1102 18.9795
-30.1089 19.0356

-30.1089 19.0356
-30.1074 19.0918

-30.1074 19.0918
-30.1059 19.1479

-30.1059 19.1479
-30.1042 19.2041

-30.1042 19.2041
-30.1024 19.2603

-30.1024 19.2603
-30.1005 19.3164

-30.1005 19.3164
-30.0985 19.3726

-30.0985 19.3726
-30.0965 19.4287

-30.0965 19.4287
-30.0944 19.4849

-30.0944 19.4849
-30.0922 19.541

-30.0922 19.541
-30.0901 19.5972

-30.0901 19.5972
-30.088 19.6533

-30.088 19.6533
-30.0859 19.7095

-30.0859 19.7095
-30.084 19.7656

-30.084 19.7656
-30.0821 19.8218

-30.0821 19.8218
-30.0805 19.8779

-30.0805 19.8779
-30.079 19.9341

-30.079 19.9341
-30.0778 19.9902

-30.0778 19.9902
-30.0768 20.0464

-30.0768 20.0464
-30.0761 20.1025

-30.0761 20.1025
-30.0757 20.1587

-30.0757 20.1587
-30.0755 20.2148

-30.0755 20.2148
-30.0757 20.271

-30.0757 20.271
-30.0761 20.3271

-30.0761 20.3271
-30.0767 20.3833

-30.0767 20.3833
-30.0775 20.4395

-30.0775 20.4395
-30.0786 20.4956

-30.0786 20.4956
-30.0799 20.5518

-30.0799 20.5518
-30.0813 20.6079

-30.0813 20.6079
-30.083 20.6641

-30.083 20.6641
-30.085 20.7202

-30.085 20.7202
-30.0871 20.7764

-30.0871 20.7764
-30.0896 20.8325

-30.0896 20.8325
-30.0924 20.8887

-30.0924 20.8887
-30.0955 20.9448

-30.0955 20.9448
-30.099 21.001

-30.099 21.001
-30.1029 21.0571

-30.1029 21.0571
-30.1071 21.1133

-30.1201 21.26
-30.1277 21.3379

-30.1072 21.1133
-30.1118 21.1694

-30.1118 21.1694
-30.1168 21.2256

-30.1201 21.2601
-30.1168 21.2256

-30.1279 21.3379
-30.1338 21.394

-30.1338 21.394
-30.1401 21.4502

-30.1401 21.4502
-30.1465 21.5063

-30.1465 21.5063
-30.1533 21.5625

-30.9062 25.2927
-30.9294 25.3809

-30.9294 25.3809
-30.9443 25.437

-30.9443 25.437
-30.9593 25.4932

-30.9624 25.5046
-30.9744 25.5493

-30.9744 25.5493
-30.9896 25.6055

-30.9624 25.5046
-30.9593 25.4932

-31.0186 25.712
-31.0201 25.7178

-31.0202 25.7178
-31.0355 25.7739

-31.0355 25.7739
-31.051 25.8301

-30.9896 25.6055
-31.0048 25.6616

-31.0186 25.7119
-31.0048 25.6616

-31.0747 25.9157
-31.0821 25.9424

-31.051 25.8301
-31.0665 25.8862

-31.0747 25.9157
-31.0665 25.8862

-31.0821 25.9424
-31.0977 25.9985

-31.0977 25.9985
-31.1134 26.0547

-31.3555 26.9004
-31.371 26.9531

-31.1309 26.1169
-31.1449 26.167

-31.1449 26.167
-31.1607 26.2231

-31.1607 26.2231
-31.1766 26.2793

-31.187 26.3162
-31.1925 26.3354

-31.1925 26.3354
-31.2084 26.3916

-31.187 26.3162
-31.1766 26.2793

-31.2084 26.3916
-31.2244 26.4478

-31.2244 26.4478
-31.2404 26.5039

-31.1134 26.0547
-31.1291 26.1108

-31.1309 26.117
-31.1291 26.1108

-31.2432 26.5135
-31.2565 26.5601

-31.2565 26.5601
-31.2726 26.6162

-31.2993 26.7086
-31.3051 26.7285

-31.2726 26.6162
-31.2888 26.6724

-31.2993 26.7086
-31.2888 26.6724

-31.2432 26.5135
-31.2404 26.5039

-31.3051 26.7285
-31.3214 26.7847

-31.3214 26.7847
-31.3379 26.8408

-31.3379 26.8408
-31.3544 26.897

-31.3555 26.9005
-31.3544 26.897

-31.8047 28.3891
-31.8121 28.4131

-31.8121 28.4131
-31.8294 28.4692

-31.8294 28.4692
-31.8467 28.5254

-31.8608 28.5708
-31.8642 28.5815

-31.8642 28.5815
-31.8816 28.6377

-31.8608 28.5708
-31.8467 28.5254

-31.8816 28.6377
-31.8992 28.6938

-31.8992 28.6938
-31.9168 28.75

-31.371 26.9531
-31.3877 27.0093

-31.3877 27.0093
-31.4044 27.0654

-31.4116 27.0895
-31.4212 27.1216

-31.4212 27.1216
-31.438 27.1777

-31.4116 27.0895
-31.4044 27.0654

-31.4678 27.2771
-31.4717 27.29

-31.4717 27.29
-31.4885 27.3462

-31.4885 27.3462
-31.5054 27.4023

-31.438 27.1777
-31.4548 27.2339

-31.4678 27.2771
-31.4548 27.2339

-31.5801 27.6508
-31.6067 27.7393

-31.6362 27.8372
-31.6406 27.8516

-31.6067 27.7393
-31.6236 27.7954

-31.6362 27.8372
-31.6236 27.7954

-31.5239 27.464
-31.5391 27.5146

-31.5054 27.4023
-31.5223 27.4585

-31.5239 27.464
-31.5223 27.4585

-31.5391 27.5146
-31.556 27.5708

-31.556 27.5708
-31.5729 27.627

-31.5801 27.6508
-31.5729 27.627

-31.6924 28.0224
-31.7088 28.0762

-31.6406 27.8516
-31.6576 27.9077

-31.6576 27.9077
-31.6746 27.9639

-31.6746 27.9639
-31.6917 28.02

-31.6924 28.0224
-31.6916 28.02

-31.7088 28.0762
-31.7259 28.1323

-31.7259 28.1323
-31.7431 28.1885

-31.7485 28.2062
-31.7603 28.2446

-31.7603 28.2446
-31.7775 28.3008

-31.7485 28.2062
-31.7431 28.1885

-31.7775 28.3008
-31.7948 28.3569

-31.8047 28.3891
-31.7948 28.3569

-30.1533 21.5625
-30.1602 21.6187

-30.1602 21.6187
-30.1674 21.6748

-30.1763 21.7421
-30.1823 21.7871

-30.1674 21.6748
-30.1748 21.731

-30.1763 21.7421
-30.1748 21.731

-30.1824 21.7871
-30.1902 21.8433

-30.1902 21.8433
-30.1981 21.8994

-30.1981 21.8994
-30.2063 21.9556

-30.2063 21.9556
-30.2148 22.0117

-30.2324 22.1255
-30.2505 22.2363

-30.2505 22.2363
-30.2599 22.2925

-30.2599 22.2925
-30.2695 22.3486

-30.2886 22.4572
-30.2892 22.4609

-30.2695 22.3486
-30.2793 22.4048

-30.2886 22.4572
-30.2793 22.4048

-30.2148 22.0117
-30.2234 22.0679

-30.2234 22.0679
-30.2322 22.124

-30.2324 22.1252
-30.2322 22.124

-30.457 23.3382
-30.4613 23.3594

-30.2892 22.4609
-30.2993 22.5171

-30.2993 22.5171
-30.3095 22.5732

-30.3095 22.5732
-30.3198 22.6294

-30.3199 22.6294
-30.3303 22.6855

-30.3447 22.7623
-30.3514 22.7979

-30.3515 22.7979
-30.3621 22.854

-30.3621 22.854
-30.3729 22.9102

-30.3303 22.6855
-30.3408 22.7417

-30.3447 22.7623
-30.3408 22.7417

-30.3729 22.9102
-30.3837 22.9663

-30.3837 22.9663
-30.3946 23.0225

-30.4009 23.0548
-30.4055 23.0786

-30.4055 23.0786
-30.4165 23.1348

-30.4009 23.0548
-30.3946 23.0225

-30.4165 23.1348
-30.4275 23.1909

-30.4275 23.1909
-30.4387 23.2471

-30.4387 23.2471
-30.4499 23.3032

-30.457 23.3382
-30.4499 23.3032

-30.4613 23.3594
-30.473 23.4155

-30.473 23.4155
-30.4848 23.4717

-30.4848 23.4717
-30.4969 23.5278

-30.4969 23.5278
-30.5092 23.584

-30.5132 23.6018
-30.5217 23.6401

-30.5217 23.6401
-30.5343 23.6963

-30.5132 23.6018
-30.5092 23.584

-30.5343 23.6963
-30.547 23.7524

-30.5471 23.7524
-30.5598 23.8086

-30.5693 23.8508
-30.585 23.9209

-30.585 23.9209
-30.5974 23.9771

-30.5974 23.9771
-30.6097 24.0332

-30.5693 23.8509
-30.5598 23.8086

-30.6255 24.1068
-30.6338 24.1455

-30.6097 24.0332
-30.6218 24.0894

-30.6255 24.1068
-30.6218 24.0894

-30.6337 24.1455
-30.6457 24.2017

-30.6457 24.2017
-30.6576 24.2578

-30.6816 24.3698
-30.6817 24.3701

-30.6818 24.3701
-30.6941 24.4263

-30.6941 24.4263
-30.7066 24.4824

-30.7066 24.4824
-30.7193 24.5386

-30.7193 24.5386
-30.7322 24.5947

-30.7378 24.6185
-30.7453 24.6509

-30.7453 24.6509
-30.7586 24.707

-30.7378 24.6185
-30.7322 24.5947

-30.6576 24.2578
-30.6696 24.314

-30.6816 24.3694
-30.6696 24.314

-30.7939 24.8524
-30.8136 24.9316

-30.7586 24.707
-30.7721 24.7632

-30.7721 24.7632
-30.7858 24.8193

-30.7939 24.8524
-30.7858 24.8193

-30.8136 24.9316
-30.8277 24.9878

-30.8277 24.9878
-30.842 25.0439

-30.8501 25.0758
-30.8563 25.1001

-30.8563 25.1001
-30.8708 25.1562

-30.8501 25.0758
-30.842 25.0439

-30.8708 25.1562
-30.8853 25.2124

-30.8853 25.2124
-30.8999 25.2686

-30.9062 25.2927
-30.8999 25.2686

-32.7031 31.1335
-32.7139 31.1646

-32.7139 31.1646
-32.7333 31.2207

-32.7593 31.2952
-32.7725 31.333

-32.7333 31.2207
-32.7529 31.2769

-32.7593 31.2952
-32.7529 31.2769

-32.7725 31.333
-32.7922 31.3892

-32.7922 31.3892
-32.8119 31.4453

-32.9277 31.7766
-32.9297 31.7822

-32.9297 31.7822
-32.9492 31.8384

-32.9492 31.8384
-32.9687 31.8945

-32.8154 31.4553
-32.8316 31.5015

-32.8316 31.5015
-32.8513 31.5576

-32.8716 31.6155
-32.8906 31.6699

-32.8513 31.5576
-32.871 31.6138

-32.8716 31.6155
-32.871 31.6138

-32.8154 31.4554
-32.8119 31.4453

-32.8906 31.6699
-32.9102 31.7261

-32.9277 31.7766
-32.9102 31.7261

-33.04 32.0987
-33.0472 32.1191

-32.9839 31.9381
-32.9883 31.9507

-32.9883 31.9507
-33.0079 32.0068

-32.9839 31.9381
-32.9687 31.8945

-33.0079 32.0068
-33.0275 32.063

-33.04 32.0987
-33.0275 32.063

-33.0472 32.1191
-33.067 32.1753

-33.067 32.1753
-33.0869 32.2314

-33.0962 32.2577
-33.1068 32.2876

-33.1068 32.2876
-33.1268 32.3438

-33.0962 32.2577
-33.0869 32.2314

-32.0293 29.1036
-32.042 29.1431

-32.042 29.1431
-32.0601 29.1992

-31.917 28.7506
-31.9345 28.8062

-31.9345 28.8062
-31.9522 28.8623

-31.9731 28.9282
-31.9879 28.9746

-31.9522 28.8623
-31.9701 28.9185

-31.9731 28.9282
-31.9701 28.9185

-31.917 28.7506
-31.9168 28.75

-31.9879 28.9746
-32.0059 29.0308

-32.0059 29.0308
-32.0239 29.0869

-32.0293 29.1036
-32.0239 29.0869

-32.0854 29.2772
-32.0966 29.3115

-32.0602 29.1992
-32.0784 29.2554

-32.0854 29.2772
-32.0784 29.2554

-32.0966 29.3115
-32.1149 29.3677

-32.1149 29.3677
-32.1332 29.4238

-32.1416 29.4496
-32.1698 29.5361

-32.1978 29.6221
-32.2063 29.6484

-32.1698 29.5361
-32.188 29.5923

-32.1978 29.6221
-32.188 29.5923

-32.1416 29.4497
-32.1332 29.4238

-32.2539 29.7944
-32.2796 29.873

-32.3101 29.9657
-32.3165 29.9854

-32.2796 29.873
-32.2981 29.9292

-32.3101 29.9657
-32.2981 29.9292

-32.3165 29.9854
-32.335 30.0415

-32.335 30.0415
-32.3536 30.0977

-32.4785 30.473
-32.5033 30.5469

-32.3662 30.1358
-32.3908 30.21

-32.4224 30.3049
-32.4281 30.3223

-32.3908 30.21
-32.4094 30.2661

-32.4224 30.3049
-32.4095 30.2661

-32.3662 30.1358
-32.3536 30.0977

-32.4281 30.3223
-32.4469 30.3784

-32.4469 30.3784
-32.4656 30.4346

-32.4785 30.473
-32.4656 30.4346

-32.2063 29.6484
-32.2246 29.7046

-32.2246 29.7046
-32.2429 29.7607

-32.2539 29.7944
-32.2429 29.7607

-32.5347 30.64
-32.5412 30.6592

-32.5033 30.5469
-32.5222 30.603

-32.5347 30.64
-32.5222 30.603

-32.5412 30.6592
-32.5602 30.7153

-32.5602 30.7153
-32.5792 30.7715

-32.5908 30.8056
-32.6174 30.8838

-32.647 30.9702
-32.6558 30.9961

-32.6174 30.8838
-32.6366 30.9399

-32.647 30.9702
-32.6366 30.9399

-32.5908 30.8056
-32.5792 30.7715

-32.6558 30.9961
-32.6751 31.0522

-32.6751 31.0522
-32.6945 31.1084

-32.7031 31.1335
-32.6945 31.1084

-33.6016 33.6486
-33.6175 33.6914

-33.6577 33.7991
-33.6594 33.8037

-33.6175 33.6914
-33.6384 33.7476

-33.6577 33.7991
-33.6384 33.7476

-33.6594 33.8037
-33.6805 33.8599

-33.6805 33.8599
-33.7016 33.916

-33.7139 33.9486
-33.7439 34.0283

-33.77 34.0974
-33.7864 34.1406

-33.7439 34.0283
-33.7651 34.0845

-33.77 34.0974
-33.7651 34.0845

-33.7139 33.9486
-33.7016 33.916

-33.1523 32.4153
-33.1669 32.4561

-33.1669 32.4561
-33.1871 32.5122

-33.1871 32.5122
-33.2073 32.5684

-33.2646 32.7273
-33.2884 32.793

-33.2085 32.5718
-33.2275 32.6245

-33.2275 32.6245
-33.2478 32.6807

-33.2085 32.5718
-33.2073 32.5684

-33.2646 32.7274
-33.2478 32.6807

-33.377 33.0367
-33.3904 33.0737

-33.3904 33.0737
-33.4109 33.1299

-33.4331 33.1907
-33.4519 33.2422

-33.4109 33.1299
-33.4314 33.186

-33.4331 33.1907
-33.4314 33.186

-33.3208 32.8823
-33.3291 32.9053

-33.2884 32.793
-33.3088 32.8491

-33.3208 32.8823
-33.3088 32.8491

-33.3291 32.9053
-33.3495 32.9614

-33.3495 32.9614
-33.37 33.0176

-33.377 33.0367
-33.37 33.0176

-33.1268 32.3438
-33.1468 32.3999

-33.1523 32.4153
-33.1468 32.3999

-33.4893 33.3442
-33.493 33.3545

-33.493 33.3545
-33.5136 33.4106

-33.5136 33.4106
-33.5343 33.4668

-33.4519 33.2422
-33.4725 33.2983

-33.4893 33.3442
-33.4725 33.2983

-33.5454 33.497
-33.555 33.5229

-33.555 33.5229
-33.5757 33.5791

-33.5454 33.497
-33.5343 33.4668

-33.5757 33.5791
-33.5966 33.6353

-33.6016 33.6487
-33.5966 33.6353

-34.0508 34.8329
-34.0653 34.8706

-34.0653 34.8706
-34.0869 34.9268

-34.1069 34.9788
-34.1085 34.9829

-34.1085 34.9829
-34.1302 35.0391

-34.1069 34.9788
-34.0869 34.9268

-33.8262 34.2455
-33.829 34.2529

-33.829 34.2529
-33.8504 34.3091

-33.8504 34.3091
-33.8718 34.3652

-33.9385 34.5397
-33.9576 34.5898

-33.8823 34.3928
-33.8932 34.4214

-33.8932 34.4214
-33.9147 34.4775

-33.8823 34.3928
-33.8718 34.3652

-33.9147 34.4775
-33.9362 34.5337

-33.9385 34.5398
-33.9362 34.5337

-33.7864 34.1406
-33.8077 34.1968

-33.8262 34.2455
-33.8077 34.1968

-33.9946 34.6865
-34.0006 34.7021

-33.9576 34.5898
-33.9791 34.646

-33.9946 34.6865
-33.9791 34.646

-34.0006 34.7021
-34.0222 34.7583

-34.0222 34.7583
-34.0437 34.8145

-34.0508 34.8329
-34.0437 34.8145

-34.2754 35.4092
-34.3066 35.4883

-34.1631 35.1234
-34.174 35.1514

-34.174 35.1514
-34.218 35.2637

-34.1302 35.0391
-34.1521 35.0952

-34.1631 35.1234
-34.1521 35.0952

-34.2754 35.409
-34.218 35.2637

-34.3061 35.4883
-34.4866 35.9375

-34.5 35.9684
-34.4875 35.9375

-77.625 120.74
-78.3589 122.188

-81.2188 127.236
-81.4013 127.578

-81.3458 127.578
-82.2004 129.375

-79.4219 124.14
-80.399 125.781

-78.3107 122.188
-79.283 123.984

-79.4219 124.236
-79.2722 123.984

-81.2188 127.201
-80.4619 125.781

-84.8125 133.914
-85.2397 134.766

-85.1468 134.766
-85.9908 136.562

-88.4062 140.123
-88.4284 140.156

-90.2031 142.734
-90.9151 143.75

-88.4062 140.284
-89.4568 141.953

-90.2031 143.238
-89.343 141.953

-86.6094 137.56
-87.1132 138.359

-88.4062 140.118
-87.2375 138.359

-86.6094 137.672
-85.9096 136.562

-83.0156 130.912
-83.1598 131.172

-83.2225 131.172
-84.308 132.969

-83.0156 130.944
-82.1458 129.375

-84.8125 133.8
-84.3955 132.969

-75.8281 117.537
-76.4378 118.594

-74.4245 115
-75.378 116.797

-75.8281 117.571
-75.3818 116.797

-76.474 118.594
-77.4748 120.391

-77.625 120.623
-77.5073 120.391

-92 144.859
-91.2229 143.75

