-58.7578 0.791382
-58.7848 0.842285

-58.7848 0.842285
-58.8104 0.898438

-58.814 0.908533
-58.8317 0.95459

-58.8322 0.95459
-58.8494 1.01074

-58.814 0.906019
-58.8111 0.898438

-58.8491 1.01074
-58.8615 1.06689

-58.8615 1.06689
-58.8695 1.12305

-58.8715 1.12305
-58.8702 1.23535

-58.8701 1.13427
-58.8696 1.12305

-58.8701 1.21458
-58.8688 1.23535

-58.8688 1.23535
-58.8593 1.2915

-58.8594 1.2915
-58.8433 1.34766

-58.8427 1.34766
-58.8211 1.40381

-58.8203 1.40381
-58.814 1.41719

-58.814 1.41996
-58.7952 1.45996

-58.7951 1.45996
-58.7578 1.52558

-58.6156 0
-58.6088 0.0561523

-58.6104 0.0561523
-58.5894 0.105077

-58.578 0.112305
-58.5498 0.168457

-58.5527 0.168457
-58.5332 0.220661

-58.5332 0.401804
-58.546 0.449219

-58.5332 0.22017
-58.5315 0.224609

-58.5286 0.224609
-58.5151 0.280762

-58.5154 0.280762
-58.5151 0.336914

-58.5158 0.336914
-58.5269 0.393066

-58.5332 0.410854
-58.5265 0.393066

-58.6455 0.611204
-58.6848 0.673828

-58.5894 0.523962
-58.6114 0.561523

-58.5495 0.449219
-58.5782 0.505371

-58.5894 0.524187
-58.5783 0.505371

-58.6455 0.61418
-58.6116 0.561523

-58.7017 0.700155
-58.7205 0.72998

-58.7213 0.72998
-58.7548 0.786133

-58.7017 0.69997
-58.6852 0.673828

-58.7578 0.792559
-58.7544 0.786133

-58.7578 1.52648
-58.7301 1.57227

-58.7297 1.57227
-58.7017 1.61499

-58.7017 1.61486
-58.6928 1.62842

-58.6928 1.62842
-58.6536 1.68457

-58.6534 1.68457
-58.6455 1.6952

-58.6455 1.69536
-58.6122 1.74072

-58.6121 1.74072
-58.5894 1.77049

-58.5894 1.77111
-58.5697 1.79688

-58.5685 1.79688
-58.5332 1.84314

-58.5332 1.84303
-58.5254 1.85303

-58.5252 1.85303
-58.4819 1.90918

-58.4814 1.90918
-58.4771 1.91499

-58.4771 1.91497
-58.4396 1.96533

-58.4396 1.96533
-58.4209 1.99236

-58.4209 1.99209
-58.4005 2.02148

-58.4003 2.02148
-58.3651 2.07764

-58.3661 2.07764
-58.3647 2.08017

-58.3647 2.07843
-58.3341 2.13379

-58.3333 2.13379
-58.3086 2.1884

-58.3086 2.18702
-58.3072 2.18994

-58.3073 2.18994
-58.284 2.24609

-58.2842 2.24609
-58.2638 2.30225

-58.2638 2.30225
-58.2524 2.33785

-58.2524 2.33785
-58.2459 2.3584

-58.2462 2.3584
-58.2301 2.41455

-58.23 2.41455
-58.2156 2.4707

-58.2159 2.4707
-58.1963 2.55532

-58.1963 2.55662
-58.1905 2.58301

-58.1909 2.58301
-58.1787 2.63916

-58.1786 2.63916
-58.1658 2.69531

-58.1667 2.69531
-58.1516 2.75146

-58.1508 2.75146
-58.1401 2.78537

-58.1401 2.7859
-58.1333 2.80762

-58.1357 2.80762
-58.112 2.86377

-58.1101 2.86377
-58.084 2.90996

-58.084 2.91285
-58.08 2.91992

-58.0826 2.91992
-58.0381 2.97607

-58.0362 2.97607
-58.0278 2.98463

-58.0278 2.98572
-57.9723 3.03223

-57.9722 3.03223
-57.9717 3.03287

-57.9717 3.03041
-57.9684 3.03223

-57.9706 3.03223
-57.9155 3.06231

-57.9155 3.06269
-57.8594 3.07855

-56.9609 0.722643
-56.9636 0.72998

-56.9636 0.72998
-56.9738 0.786133

-56.9723 0.786133
-56.976 0.842285

-56.9766 0.842285
-56.9754 0.898438

-56.9738 0.898438
-56.9695 0.95459

-56.97 0.95459
-56.9648 1.01074

-56.964 1.01074
-56.9609 1.04383

-56.9615 1.34766
-56.9721 1.40381

-56.9723 1.40381
-56.9875 1.45996

-57.0171 1.53731
-57.0329 1.57227

-56.9868 1.45996
-57.007 1.51611

-57.0171 1.53749
-57.0074 1.51611

-57.0732 1.64472
-57.0983 1.68457

-57.1294 1.72869
-57.1379 1.74072

-57.139 1.74072
-57.1819 1.79688

-57.1294 1.72846
-57.0983 1.68457

-57.0324 1.57227
-57.0628 1.62842

-57.0732 1.64368
-57.0637 1.62842

-57.0732 1.68487
-57.073 1.68457

-56.6802 0.440102
-56.6993 0.449219

-56.6802 0.440039
-56.624 0.419168

-56.624 0.419597
-56.5679 0.404148

-56.5679 0.404449
-56.5122 0.393066

-56.8486 0.547717
-56.8653 0.561523

-56.9048 0.610999
-56.9103 0.617676

-56.9108 0.617676
-56.9437 0.673828

-56.9048 0.609647
-56.8648 0.561523

-56.7925 0.504037
-56.7941 0.505371

-56.8486 0.545028
-56.801 0.505371

-56.7925 0.500237
-56.7363 0.465954

-56.8486 0.562686
-56.8471 0.561523

-56.9609 0.726693
-56.9451 0.673828

-56.9609 0.800818
-56.9604 0.786133

-56.7363 0.466237
-56.6971 0.449219

-56.4556 0.384624
-56.5111 0.393066

-56.4556 0.384723
-56.3994 0.378515

-56.3994 0.378591
-56.3433 0.37437

-56.3433 0.374391
-56.2871 0.371966

-56.2871 0.372047
-56.231 0.371215

-56.231 0.371437
-56.1748 0.371591

-56.1748 0.371981
-56.1187 0.371898

-56.1187 0.372294
-56.0625 0.370399

-56.9609 1.04102
-56.955 1.12305

-56.9539 1.12305
-56.9524 1.23535

-56.9609 1.34383
-56.9512 1.23535

-56.9609 1.35798
-56.9585 1.34766

-56.9609 1.46056
-56.9607 1.45996

-57.5786 2.22565
-57.6018 2.24609

-57.5225 2.18356
-57.5304 2.18994

-57.5786 2.22458
-57.5355 2.18994

-57.4102 2.08695
-57.4598 2.13379

-57.5225 2.18433
-57.4663 2.13968

-57.4663 2.14028
-57.4594 2.13379

-57.6348 2.28385
-57.6504 2.30225

-57.6508 2.30225
-57.6786 2.3584

-57.6777 2.3584
-57.6872 2.41455

-57.6875 2.41455
-57.68 2.4707

-57.6776 2.4707
-57.6576 2.52686

-57.6558 2.52686
-57.6348 2.57428

-57.6348 2.2877
-57.6068 2.24609

-57.6301 2.58301
-57.6056 2.63916

-57.6047 2.63916
-57.5845 2.69531

-57.2979 1.94668
-57.3118 1.96533

-57.3111 1.96533
-57.3538 2.02148

-57.2417 1.87279
-57.2698 1.90918

-57.1855 1.80121
-57.226 1.85303

-57.2417 1.87254
-57.2266 1.85303

-57.2979 1.94554
-57.2692 1.90918

-57.354 2.02402
-57.4007 2.07764

-57.4102 2.08614
-57.4012 2.07764

-57.354 2.02202
-57.3535 2.02148

-57.1855 1.80253
-57.1812 1.79688

-57.8594 3.07705
-57.8032 3.08025

-57.8032 3.08093
-57.7471 3.07309

-57.6348 3.00294
-57.656 3.03223

-57.7471 3.07324
-57.6909 3.05268

-57.6909 3.06227
-57.6566 3.03223

-57.5841 2.69531
-57.5786 2.71818

-57.5786 2.71872
-57.5707 2.75146

-57.5711 2.75146
-57.5641 2.80762

-57.5786 2.90984
-57.5814 2.91992

-57.562 2.80762
-57.5649 2.86377

-57.5786 2.91087
-57.5655 2.86377

-57.5792 2.91992
-57.6101 2.97607

-57.6348 3.00385
-57.6146 2.97607

-56.0625 0.370625
-56.0063 0.365674

-56.0063 0.365555
-55.9502 0.357335

-55.8379 0.330156
-55.8644 0.336914

-55.9502 0.357676
-55.8525 0.336914

-55.8379 0.329897
-55.7817 0.316147

-55.7817 0.316209
-55.7256 0.30596

-55.8379 0.337429
-55.8353 0.336914

-55.7256 0.305978
-55.6694 0.299093

-55.6694 0.299268
-55.6133 0.295362

-55.6133 0.295596
-55.5571 0.29385

-55.5571 0.294061
-55.501 0.293583

-55.501 0.293731
-55.4448 0.293803

-55.4448 0.293885
-55.3887 0.294046

-55.3887 0.294083
-55.3325 0.294096

-55.3325 0.294103
-55.2764 0.293884

-55.2764 0.293877
-55.2202 0.293428

-55.2202 0.293415
-55.1641 0.292777

-55.1641 0.292762
-55.1079 0.291991

-55.1079 0.291977
-55.0518 0.291128

-55.0518 0.291117
-54.9956 0.290239

-54.9956 0.290231
-54.9395 0.289364

-54.9395 0.289358
-54.8833 0.288532

-54.8833 0.288529
-54.8271 0.287762

-54.8271 0.287761
-54.771 0.287063

-54.771 0.287063
-54.7148 0.286436

-54.7148 0.286438
-54.6587 0.285878

-54.6587 0.28588
-54.6025 0.285382

-54.6025 0.285385
-54.5464 0.284938

-54.5464 0.284941
-54.4902 0.284537

-54.4902 0.284539
-54.4341 0.284167

-54.4341 0.28417
-54.3779 0.283821

-54.3779 0.283823
-54.3218 0.283488

-54.3218 0.28349
-54.2656 0.283162

-54.2656 0.283163
-54.2095 0.282835

-54.2095 0.282836
-54.1533 0.282503

-54.1533 0.282504
-54.0972 0.28216

-54.0972 0.28216
-54.041 0.281802

-54.041 0.281798
-53.9849 0.281433

-53.9849 0.281439
-53.9287 0.281063

-53.8726 0.280631
-53.8891 0.280762

-53.9287 0.28109
-53.8873 0.280762

-53.8726 0.28062
-53.8164 0.2801

-53.8164 0.2801
-53.7603 0.279545

-53.7603 0.279545
-53.7041 0.278955

-53.7041 0.278956
-53.6479 0.27833

-53.6479 0.27833
-53.5918 0.277668

-53.5918 0.277667
-53.5356 0.276972

-53.5356 0.276971
-53.4795 0.276246

-53.4795 0.276245
-53.4233 0.275495

-53.4233 0.275493
-53.3672 0.274723

-53.3672 0.274722
-53.311 0.273937

-53.311 0.273936
-53.2549 0.273139

-53.2549 0.273138
-53.1987 0.272336

-53.1987 0.272335
-53.1426 0.271531

-53.1426 0.27153
-53.0864 0.27073

-53.0864 0.270729
-53.0303 0.269936

-53.0303 0.269936
-52.9741 0.269153

-52.9741 0.269153
-52.918 0.268382

-52.918 0.268382
-52.8618 0.267624

-52.8618 0.267624
-52.8057 0.26688

-52.8057 0.26688
-52.7495 0.266151

-52.7495 0.266151
-52.6934 0.265435

-52.6934 0.265435
-52.6372 0.264734

-52.6372 0.264734
-52.5811 0.264047

-52.5811 0.264047
-52.5249 0.263376

-52.5249 0.263375
-52.4688 0.262721

-52.4688 0.262721
-52.4126 0.262084

-52.4126 0.262084
-52.3564 0.261466

-52.3564 0.261466
-52.3003 0.260867

-52.3003 0.260867
-52.2441 0.260288

-52.2441 0.260288
-52.188 0.25973

-52.188 0.259729
-52.1318 0.259193

-52.1318 0.259192
-52.0757 0.258679

-52.0757 0.258679
-52.0195 0.258191

-52.0195 0.25819
-51.9634 0.25773

-51.9634 0.257729
-51.9072 0.257299

-51.9072 0.257298
-51.8511 0.256902

-51.8511 0.256901
-51.7949 0.256542

-51.7949 0.256541
-51.7388 0.256222

-51.7388 0.256221
-51.6826 0.255947

-51.6826 0.255946
-51.6265 0.25572

-51.6265 0.255719
-51.5703 0.255545

-51.5703 0.255545
-51.5142 0.255426

-51.5142 0.255426
-51.458 0.255365

-51.458 0.255365
-51.4019 0.255365

-51.4019 0.255365
-51.3457 0.255425

-51.3457 0.255425
-51.2896 0.255547

-51.2896 0.255548
-51.2334 0.25573

-51.2334 0.25573
-51.1772 0.255971

-51.1772 0.255972
-51.1211 0.256267

-51.1211 0.256268
-51.0649 0.256614

-51.0649 0.256616
-51.0088 0.257007

-51.0088 0.257009
-50.9526 0.257439

-50.9526 0.257441
-50.8965 0.257901

-50.8965 0.257903
-50.8403 0.258385

-50.8403 0.258388
-50.7842 0.258882

-50.7842 0.258885
-50.728 0.259381

-50.728 0.259384
-50.6719 0.259872

-50.6719 0.259875
-50.6157 0.260344

-50.6157 0.260347
-50.5596 0.260788

-50.5596 0.26079
-50.5034 0.261193

-50.5034 0.261195
-50.4473 0.261552

-50.4473 0.261554
-50.3911 0.261857

-50.3911 0.261859
-50.335 0.262104

-50.335 0.262105
-50.2788 0.262287

-50.2788 0.262287
-50.2227 0.262404

-50.2227 0.262404
-50.1665 0.262455

-50.1665 0.262454
-50.1104 0.262439

-50.1104 0.262438
-50.0542 0.262359

-50.0542 0.262358
-49.998 0.262217

-49.998 0.262216
-49.9419 0.262018

-49.9419 0.262017
-49.8857 0.261765

-49.8857 0.261764
-49.8296 0.261463

-49.8296 0.261462
-49.7734 0.261115

-49.7734 0.261114
-49.7173 0.260725

-49.7173 0.260724
-49.6611 0.260296

-49.6611 0.260295
-49.605 0.259829

-49.605 0.259829
-49.5488 0.259327

-49.5488 0.259326
-49.4927 0.258791

-49.4927 0.25879
-49.4365 0.258222

-49.4365 0.258221
-49.3804 0.257623

-49.3804 0.257622
-49.3242 0.256996

-49.3242 0.256995
-49.2681 0.256345

-49.2681 0.256343
-49.2119 0.255675

-49.2119 0.255673
-49.1558 0.254993

-49.1558 0.254991
-49.0996 0.254306

-49.0996 0.254303
-49.0435 0.253623

-49.0435 0.253613
-48.9873 0.252964

-48.9873 0.252964
-48.9312 0.252363

-48.9312 0.252373
-48.875 0.251801

-48.875 0.251788
-48.8188 0.251251

-48.8188 0.251247
-48.7627 0.25078

-48.7627 0.250778
-48.7065 0.250395

-48.7065 0.250393
-48.6504 0.250102

-48.6504 0.250099
-48.5942 0.24991

-48.5942 0.249908
-48.5381 0.24983

-48.5381 0.249828
-48.4819 0.249869

-48.4819 0.249867
-48.4258 0.250035

-48.4258 0.250033
-48.3696 0.250335

-48.3696 0.250333
-48.3135 0.250776

-48.3135 0.250774
-48.2573 0.251369

-48.2573 0.251363
-48.2012 0.252123

-48.2012 0.252122
-48.145 0.253062

-48.145 0.253075
-48.0889 0.254172

-48.0889 0.254169
-48.0327 0.255404

-48.0327 0.255404
-47.9766 0.256784

-47.9766 0.256787
-47.9204 0.258303

-47.9204 0.258308
-47.8643 0.259944

-47.8643 0.25995
-47.8081 0.261686

-47.8081 0.261693
-47.752 0.263501

-47.752 0.263509
-47.6958 0.26536

-47.6958 0.265367
-47.6396 0.267229

-47.6396 0.267236
-47.5835 0.269081

-47.5835 0.269086
-47.5273 0.270887

-47.5273 0.270891
-47.4712 0.272632

-47.4712 0.272633
-47.415 0.274305

-47.415 0.274302
-47.3589 0.275908

-47.3589 0.275897
-47.3027 0.277465

-47.3027 0.277452
-47.2466 0.279028

-47.2466 0.279022
-47.1904 0.280644

-47.1915 0.280762
-47.1904 0.280792

-47.1904 0.280727
-47.1891 0.280762

-47.1893 0.280762
-47.1343 0.282237

-47.1343 0.282209
-47.0781 0.283475

-47.0781 0.28346
-47.022 0.28457

-47.022 0.284546
-46.9658 0.285579

-46.9658 0.285561
-46.9097 0.286604

-46.9097 0.286598
-46.8535 0.287696

-46.8535 0.287702
-46.7974 0.288854

-46.7974 0.288866
-46.7412 0.290037

-46.7412 0.290052
-46.6851 0.291185

-46.6851 0.291199
-46.6289 0.292235

-46.6289 0.292246
-46.5728 0.293133

-46.5728 0.293141
-46.5166 0.293841

-46.5166 0.293844
-46.4604 0.294335

-46.4604 0.294335
-46.4043 0.294608

-46.4043 0.294604
-46.3481 0.294669

-46.3481 0.294662
-46.292 0.294539

-46.292 0.29453
-46.2358 0.294253

-46.2358 0.294244
-46.1797 0.293851

-46.1797 0.293842
-46.1235 0.293369

-46.1235 0.293363
-46.0674 0.292837

-46.0674 0.292834
-46.0112 0.292273

-46.0112 0.292271
-45.9551 0.291684

-45.9551 0.291682
-45.8989 0.291074

-45.8989 0.29107
-45.8428 0.290452

-45.8428 0.290445
-45.7866 0.289837

-45.7866 0.289827
-45.7305 0.289266

-45.7305 0.289253
-45.6743 0.288785

-45.6743 0.288774
-45.6182 0.288445

-45.6182 0.288438
-45.562 0.288287

-45.562 0.288287
-45.5059 0.288327

-45.5059 0.288337
-45.4497 0.288549

-45.4497 0.288567
-45.3936 0.288897

-45.3936 0.288922
-45.3374 0.289283

-45.3374 0.289312
-45.2812 0.289593

-45.2812 0.289623
-45.2251 0.289707

-45.2251 0.289733
-45.1689 0.289509

-45.1689 0.289528
-45.1128 0.288903

-45.1128 0.288913
-45.0566 0.287826

-45.0566 0.287823
-45.0005 0.286259

-45.0005 0.286247
-44.9443 0.284233

-44.9443 0.284226
-44.8882 0.281803

-44.832 0.279012
-44.8682 0.280762

-44.8882 0.281791
-44.8669 0.280762

-44.832 0.279015
-44.7759 0.276154

-44.7759 0.276162
-44.7197 0.273179

-44.7197 0.27316
-44.6636 0.27008

-44.6636 0.270063
-44.6074 0.266959

-44.6074 0.266948
-44.5513 0.263875

-44.5513 0.263867
-44.4951 0.260865

-44.4951 0.260859
-44.439 0.257956

-44.439 0.257952
-44.3828 0.255169

-44.3828 0.255168
-44.3267 0.252516

-44.3267 0.252515
-44.2705 0.249999

-44.2705 0.249986
-44.2144 0.247632

-44.2144 0.247631
-44.1582 0.245469

-44.1582 0.245464
-44.1021 0.243505

-44.1021 0.243502
-44.0459 0.241761

-44.0459 0.241759
-43.9897 0.240248

-43.9897 0.240247
-43.9336 0.238973

-43.9336 0.238974
-43.8774 0.237939

-43.8774 0.237945
-43.8213 0.237133

-43.8213 0.237144
-43.7651 0.236519

-43.7651 0.236496
-43.709 0.236084

-43.709 0.236334
-43.5967 0.235027

-43.5967 0.234969
-43.4844 0.232923

-43.4844 0.232636
-43.3721 0.230542

-43.3721 0.231066
-43.2598 0.22845

-43.1475 0.224314
-43.1544 0.224609

-43.1475 0.224321
-43.0913 0.221077

-43.0913 0.22096
-43.0352 0.216567

-43.2598 0.228592
-43.1607 0.224609

-43.0352 0.216525
-42.979 0.2113

-42.979 0.211258
-42.9229 0.205367

-42.9229 0.205312
-42.8667 0.198949

-42.8667 0.198902
-42.8105 0.192268

-42.8105 0.19224
-42.7544 0.185485

-42.7544 0.185479
-42.6982 0.178671

-42.6982 0.178748
-42.6421 0.171743

-42.5859 0.164337
-42.6176 0.168457

-42.6421 0.171809
-42.6163 0.168457

-42.5859 0.164482
-42.5298 0.156819

-42.5298 0.156939
-42.4736 0.148535

-42.4736 0.148201
-42.4175 0.139486

-42.4175 0.140579
-42.3613 0.130033

-42.3052 0.105472
-42.3237 0.112305

-42.3052 0.105455
-42.249 0.082017

-42.3613 0.132567
-42.2958 0.112305

-42.249 0.0832959
-42.1929 0.0684529

-42.1929 0.0690014
-42.1367 0.0595793

-42.1367 0.0597225
-42.1091 0.0561523

-42.0244 0.0452383
-42.0502 0.0561523

-42.0244 0.0487379
-41.9683 0.0250081

-41.9683 0.0276818
-41.9121 0.00395206

-41.8234 0
-41.7998 0.00676585

-41.7889 0
-41.7459 0.0561523

-41.7437 0.0482133
-41.6875 0.0325486

-41.6875 0.0293058
-41.6383 0

-41.6313 0.00666652
-41.5752 0.0388272

-41.5752 0.0296544
-41.519 0.0296046

-41.519 0.0297809
-41.4629 0.015651

-41.4629 0.0196973
-41.4067 0.0233582

-41.4067 0.0174233
-41.3506 0.0319399

-41.3506 0.0237729
-41.2944 0.0367129

-41.2944 0.040441
-41.2383 0.0272026

-41.2383 0.0535816
-41.1945 0

-41.1821 0.0244019
-41.1723 0

-41.0674 0
-41.0137 0.0417264

-40.9985 0
-40.9575 0.0479517

-40.9555 0
-40.9076 0.0561523

-40.9336 0.0561523
-40.9014 0.0749947

-40.9014 0.0550782
-40.9004 0.0561523

-40.9014 0.0703899
-40.8452 0.103264

-40.8452 0.0950991
-40.7916 0.112305

-40.8091 0.112305
-40.7891 0.121347

-40.7891 0.117164
-40.7329 0.130328

-40.7329 0.130927
-40.6768 0.133149

-40.5645 0.109863
-40.5739 0.112305

-40.6768 0.134157
-40.5739 0.112305

-40.5645 0.107656
-40.5083 0.0905294

-40.4521 0.0292969
-40.4679 0.0561523

-40.5083 0.0852029
-40.4742 0.0561523

-40.4521 0.0517087
-40.4325 0

-40.2298 0
-40.2275 0.064539

-40.1755 0
-40.1753 0.0561523

-40.1756 0.0561523
-40.1767 0.112305

-40.1809 0.112305
-40.177 0.168457

-40.1765 0.168457
-40.1714 0.185956

-40.1714 0.185997
-40.16 0.224609

-40.1599 0.224609
-40.1319 0.280762

-40.1317 0.280762
-40.1152 0.303559

-40.1152 0.305906
-40.0929 0.336914

-40.0969 0.336914
-40.0591 0.369814

-40.0591 0.371991
-40.0311 0.393066

-40.0307 0.393066
-40.0029 0.414016

-40.0029 0.412011
-39.9468 0.440832

-39.9468 0.439627
-39.9213 0.449219

-39.9196 0.449219
-39.8906 0.463188

-39.8906 0.460689
-39.8345 0.476745

-39.8345 0.476601
-39.7783 0.488917

-39.7783 0.488633
-39.7222 0.498063

-39.7222 0.497926
-39.666 0.505314

-39.666 0.505159
-39.6639 0.505371

-39.6654 0.505371
-39.6099 0.510949

-39.6099 0.510842
-39.5537 0.514974

-39.5537 0.514922
-39.4976 0.517852

-39.4976 0.517819
-39.4414 0.519718

-39.4414 0.519713
-39.3853 0.520656

-39.3853 0.520684
-39.3291 0.520624

-39.3291 0.520666
-39.2729 0.519464

-39.2729 0.519494
-39.2168 0.517005

-39.2168 0.516995
-39.1606 0.513178

-39.1606 0.513111
-39.1045 0.50812

-39.0483 0.502209
-39.0784 0.505371

-39.1045 0.507988
-39.0796 0.505371

-39.0483 0.502059
-38.9922 0.49558

-38.5991 0.44665
-38.6182 0.449219

-38.5991 0.446507
-38.543 0.439228

-38.9922 0.495512
-38.936 0.48878

-38.936 0.488759
-38.8799 0.481953

-38.8799 0.481952
-38.8237 0.475118

-38.8237 0.475109
-38.7676 0.468267

-38.7676 0.468269
-38.7114 0.461431

-38.7114 0.461503
-38.6553 0.45452

-38.6553 0.454622
-38.6116 0.449219

-38.543 0.439312
-38.4868 0.433338

-38.4868 0.433412
-38.4307 0.428426

-38.4307 0.428431
-38.3745 0.424275

-38.3745 0.424285
-38.3184 0.420931

-38.3184 0.42097
-38.2622 0.418321

-38.2622 0.418366
-38.2061 0.416254

-38.2061 0.416295
-38.1499 0.414548

-38.1499 0.414577
-38.0938 0.413054

-38.0938 0.413087
-38.0376 0.411665

-38.0376 0.411691
-37.9814 0.410252

-37.9814 0.410281
-37.9253 0.408712

-37.9253 0.408744
-37.8691 0.406923

-37.8691 0.406966
-37.813 0.404747

-37.813 0.404803
-37.7568 0.401988

-37.7568 0.402057
-37.7007 0.398395

-37.7007 0.398434
-37.6445 0.393708

-37.5884 0.387974
-37.6395 0.393066

-37.6445 0.393598
-37.6392 0.393066

-37.5884 0.387876
-37.5322 0.381882

-37.5322 0.381839
-37.4761 0.375734

-37.4761 0.375641
-37.4199 0.369696

-37.4199 0.369586
-37.3638 0.364207

-37.3638 0.364054
-37.3076 0.359765

-37.3076 0.35965
-37.2515 0.356987

-37.2515 0.356933
-37.1953 0.356233

-37.1953 0.356263
-37.1392 0.357576

-37.1392 0.357647
-37.083 0.360771

-37.083 0.360862
-37.0269 0.365472

-37.0269 0.36559
-36.9707 0.37127

-36.9707 0.371361
-36.9146 0.377691

-36.9146 0.377771
-36.8584 0.384409

-36.8584 0.384386
-36.8022 0.391218

-36.8022 0.391102
-36.7864 0.393066

-36.7883 0.393066
-36.7461 0.398295

-36.7461 0.398154
-36.6899 0.405287

-36.6899 0.40522
-36.6338 0.412819

-36.6338 0.412722
-36.5776 0.421114

-36.5776 0.421055
-36.5215 0.430552

-36.5215 0.430539
-36.4653 0.441283

-36.4653 0.441284
-36.4298 0.449219

-36.4268 0.449219
-36.4092 0.45294

-36.4092 0.453708
-36.353 0.468251

-36.353 0.468113
-36.2969 0.484643

-36.2577 0
-36.2407 0.0226444

-36.2407 0.0209566
-36.2113 0

-36.2969 0.484748
-36.2407 0.503333

-36.2407 0.503171
-36.2345 0.505371

-36.2359 0.505371
-36.1846 0.523521

-36.1846 0.523227
-36.1284 0.544231

-36.1284 0.544274
-36.0852 0.561523

-36.0863 0.561523
-36.0723 0.566919

-36.0723 0.567065
-36.0161 0.58998

-36.0161 0.589795
-35.96 0.612976

-35.96 0.612833
-35.9481 0.617676

-35.95 0.617676
-35.9038 0.636457

-35.9038 0.636172
-35.8477 0.657954

-35.8477 0.657823
-35.8047 0.673828

-35.807 0.673828
-35.7354 0.698599

-35.7354 0.697631
-35.6792 0.713882

-35.6792 0.714029
-35.623 0.728773

-35.623 0.728272
-35.6154 0.72998

-35.6188 0.72998
-35.5669 0.741621

-35.5669 0.741318
-35.5107 0.751851

-35.5107 0.751919
-35.4546 0.760702

-35.4546 0.76068
-35.3984 0.767621

-35.3984 0.767569
-35.3423 0.772813

-35.3423 0.772717
-35.2861 0.776561

-35.2861 0.776381
-35.23 0.779378

-35.23 0.779236
-35.1738 0.782031

-35.1738 0.781956
-35.1177 0.784984

-35.1177 0.785045
-35.0983 0.786133

-35.1005 0.786133
-35.0615 0.78827

-35.0615 0.788009
-34.9492 0.795124

-34.9492 0.795235
-34.8931 0.799249

-34.8931 0.799175
-34.8369 0.803571

-34.8369 0.803538
-34.7808 0.80853

-34.7808 0.808486
-34.7246 0.814229

-34.7246 0.814197
-34.6685 0.820843

-34.6685 0.820764
-34.6123 0.828535

-34.6123 0.828425
-34.5562 0.837699

-34.5562 0.837758
-34.5324 0.842285

-34.5332 0.842285
-34.5 0.848608

-34.5 33.8117
-34.5174 33.8599

-34.5174 33.8599
-34.5378 33.916

-34.6123 34.1205
-34.6196 34.1406

-34.5562 33.9665
-34.5582 33.9722

-34.5582 33.9722
-34.5786 34.0283

-34.5562 33.9665
-34.5378 33.916

-34.5786 34.0283
-34.5991 34.0845

-34.6123 34.1206
-34.5991 34.0845

-34.9492 35.0235
-34.9551 35.0391

-34.7246 34.4254
-34.744 34.4775

-34.7808 34.5761
-34.7859 34.5898

-34.744 34.4775
-34.7649 34.5337

-34.7808 34.5761
-34.7649 34.5337

-34.6196 34.1406
-34.6402 34.1968

-34.6402 34.1968
-34.6608 34.2529

-34.6685 34.2736
-34.6815 34.3091

-34.6815 34.3091
-34.7023 34.3652

-34.6685 34.2736
-34.6608 34.2529

-34.7023 34.3652
-34.7231 34.4214

-34.7246 34.4255
-34.7231 34.4214

-34.8369 34.726
-34.8491 34.7583

-34.849 34.7583
-34.8702 34.8145

-34.7859 34.5898
-34.8069 34.646

-34.8069 34.646
-34.828 34.7021

-34.8369 34.726
-34.828 34.7021

-34.8931 34.8752
-34.9125 34.9268

-34.8702 34.8145
-34.8913 34.8706

-34.8931 34.8752
-34.8913 34.8706

-34.9125 34.9268
-34.9338 34.9829

-34.9492 35.0236
-34.9338 34.9829

-34.9551 35.0391
-34.9765 35.0952

-34.9765 35.0952
-34.9979 35.1514

-35.0054 35.171
-35.0193 35.2075

-35.0193 35.2075
-35.0409 35.2637

-35.0054 35.171
-34.9979 35.1514

-35.0615 35.3173
-35.0841 35.376

-35.1177 35.4624
-35.1277 35.4883

-35.0841 35.376
-35.1059 35.4321

-35.1177 35.4624
-35.1059 35.4321

-35.0615 35.3174
-35.0409 35.2637

-35.1738 35.6064
-35.1935 35.6567

-35.1935 35.6567
-35.2155 35.7129

-35.2861 35.8928
-35.3037 35.9375

-35.23 35.7497
-35.2376 35.769

-35.2376 35.769
-35.2596 35.8252

-35.23 35.7497
-35.2155 35.7129

-35.2596 35.8252
-35.2816 35.8813

-35.2861 35.8928
-35.2816 35.8813

-35.1277 35.4883
-35.1496 35.5444

-35.1496 35.5444
-35.1716 35.6006

-35.1738 35.6064
-35.1716 35.6006

-38.0938 42.633
-38.3093 43.125

-36.2969 38.4267
-36.3811 38.6328

-36.3802 38.6328
-36.7538 39.5312

-35.3984 36.1781
-35.4142 36.2183

-35.4142 36.2183
-35.4363 36.2744

-35.4546 36.321
-35.4583 36.3306

-35.4583 36.3306
-35.4804 36.3867

-35.4546 36.321
-35.4363 36.2744

-35.623 36.7533
-35.6552 36.8359

-35.5107 36.4643
-35.5243 36.499

-35.5243 36.499
-35.568 36.6113

-35.4804 36.3867
-35.5023 36.4429

-35.5107 36.4644
-35.5023 36.4429

-35.623 36.7531
-35.5679 36.6113

-35.8477 37.3234
-36.0135 37.7344

-35.6544 36.8359
-35.8319 37.2852

-35.8477 37.3218
-35.8329 37.2852

-35.3423 36.0356
-35.3479 36.0498

-35.3037 35.9375
-35.3258 35.9937

-35.3423 36.0356
-35.3258 35.9937

-35.3479 36.0498
-35.37 36.106

-35.37 36.106
-35.3921 36.1621

-35.3984 36.1781
-35.3921 36.1621

-36.2969 38.4274
-36.0138 37.7344

-36.752 39.5312
-37.519 41.3281

-38.0938 42.6314
-37.5228 41.3281

-41.6875 50.4147
-42.495 52.1094

-42.4949 52.1094
-43.3472 53.9062

-43.4844 54.1965
-44.195 55.7031

-44.194 55.7031
-45.0381 57.5

-43.4844 54.1888
-43.3511 53.9062

-39.8906 46.6125
-39.9393 46.7188

-38.3071 43.125
-39.1128 44.9219

-39.8906 46.6119
-39.1156 44.9219

-39.9376 46.7188
-40.7781 48.5156

-40.7813 48.5156
-41.636 50.3125

-41.6875 50.4044
-41.6437 50.3125

-63.25 93.2514
-63.3484 93.4375

-66.8438 99.9894
-67.177 100.625

-65.0469 96.7385
-65.2042 97.0312

-63.3296 93.4375
-64.2517 95.2344

-65.0469 96.7402
-64.2373 95.2344

-65.2243 97.0312
-66.221 98.8281

-66.8438 99.966
-66.2472 98.8281

-70.4375 106.677
-71.0215 107.812

-74.0312 113.287
-74.8949 115

-72.2344 110.101
-72.9894 111.406

-70.9781 107.812
-71.9265 109.609

-72.2344 110.128
-71.9345 109.609

-73.036 111.406
-74.0248 113.203

-68.6406 103.445
-69.0707 104.219

-67.1429 100.625
-68.0705 102.422

-68.6406 103.452
-68.0682 102.422

-69.1032 104.219
-70.103 106.016

-70.4375 106.626
-70.1236 106.016

-48.875 65.6417
-49.2824 66.4844

-49.2736 66.4844
-50.153 68.2812

-50.6719 69.3062
-51.063 70.0781

-51.0654 70.0781
-52.0033 71.875

-50.6719 69.2991
-50.1561 68.2812

-56.0625 79.5807
-56.7215 80.8594

-56.7053 80.8594
-57.6299 82.6562

-57.8594 83.0818
-58.5876 84.4531

-58.6015 84.4531
-59.5505 86.25

-57.8594 83.0703
-57.6395 82.6562

-52.4688 72.7494
-52.95 73.6719

-52.9412 73.6719
-53.8774 75.4688

-54.2656 76.1973
-54.8323 77.2656

-54.8395 77.2656
-55.7917 79.0625

-54.2656 76.1864
-53.8849 75.4688

-52.4688 72.7322
-52.0215 71.875

-56.0625 79.5523
-55.8101 79.0625

-45.2812 58.017
-45.8757 59.2969

-45.8689 59.2969
-46.7012 61.0938

-47.0781 61.8968
-47.5457 62.8906

-47.5442 62.8906
-48.4075 64.6875

-47.0781 61.8897
-46.7037 61.0938

-45.2812 58.0056
-45.0465 57.5

-48.875 65.6302
-48.4192 64.6875

-59.6562 86.4637
-60.4688 88.0469

-60.4501 88.0469
-61.3906 89.8438

-61.4531 89.9381
-62.3797 91.6406

-63.25 93.2455
-62.4017 91.6406

-61.4531 89.9311
-61.4056 89.8438

-59.6562 86.423
-59.5675 86.25

-34.5 0.848706
-34.4438 0.860182

-34.4438 0.860147
-34.3877 0.872147

-34.3877 0.872098
-34.3315 0.884793

-34.3315 0.884754
-34.2754 0.898322

-34.2754 0.898271
-34.2747 0.898438

-34.2754 0.898578
-34.2192 0.912586

-34.2192 0.912462
-34.1631 0.926644

-34.1631 0.926796
-34.1069 0.941094

-34.1069 0.940898
-34.0537 0.95459

-34.0552 0.95459
-34.0508 0.955728

-34.0508 0.955584
-33.9946 0.970111

-33.9946 0.969943
-33.9385 0.98446

-33.9385 0.984534
-33.8823 0.999231

-33.8823 0.999219
-33.8377 1.01074

-33.84 1.01074
-33.8262 1.01427

-33.8262 1.01397
-33.77 1.02777

-33.77 1.02775
-33.7139 1.04063

-33.7139 1.04056
-33.6577 1.05267

-33.6577 1.05259
-33.6016 1.06425

-33.6016 1.0641
-33.5873 1.06689

-33.5895 1.06689
-33.5454 1.07552

-33.5454 1.0754
-33.4893 1.08534

-33.4893 1.08549
-33.4331 1.09414

-33.4331 1.09423
-33.377 1.1011

-33.377 1.10115
-33.3208 1.10594

-33.3208 1.1059
-33.2646 1.10857

-33.2646 1.10848
-33.2085 1.10932

-33.2085 1.1092
-33.1523 1.10862

-33.1523 1.10846
-33.0962 1.10705

-33.0962 1.10691
-33.04 1.10527

-33.04 1.10512
-32.9839 1.10382

-32.9839 1.10376
-32.9277 1.10324

-32.9277 1.10321
-32.8716 1.10363

-32.8716 1.10367
-32.8154 1.105

-32.8154 1.10505
-32.7593 1.10707

-32.7593 1.10711
-32.7031 1.10962

-32.7031 1.10965
-32.647 1.1125

-32.647 1.11249
-32.5908 1.11566

-32.5908 1.11565
-32.5347 1.11915

-32.5347 1.11917
-32.4785 1.12295

-32.4796 1.12305
-32.4785 1.12311

-32.4785 1.12305
-32.3662 1.1307

-32.3662 1.13042
-32.3101 1.13436

-32.3101 1.13441
-32.2539 1.13891

-32.2539 1.13891
-32.1978 1.14385

-32.1978 1.14395
-32.1416 1.14912

-32.1416 1.1492
-32.0854 1.15422

-32.0854 1.15425
-32.0293 1.15888

-32.0293 1.15882
-31.9731 1.16314

-31.9731 1.16306
-31.917 1.16733

-31.917 1.16726
-31.8608 1.17177

-31.8608 1.17165
-31.8047 1.17678

-31.8047 1.17669
-31.7812 1.1792

-31.7825 1.1792
-31.7485 1.18283

-31.7485 1.18273
-31.6924 1.18978

-31.6924 1.1898
-31.6362 1.19794

-31.6362 1.19804
-31.5801 1.20703

-31.5801 1.20716
-31.5239 1.21654

-31.5239 1.21659
-31.4678 1.22598

-31.4678 1.22603
-31.4116 1.23525

-31.4116 1.23535
-31.3555 1.2441

-31.3555 1.24363
-31.2993 1.25155

-31.2993 1.2516
-31.2432 1.25951

-31.2432 1.25945
-31.187 1.26737

-31.187 1.26734
-31.1309 1.27543

-31.1309 1.27542
-31.0747 1.28377

-31.0747 1.28372
-31.0243 1.2915

-31.026 1.2915
-31.0186 1.29265

-31.0186 1.29261
-30.9624 1.30124

-30.9624 1.30131
-30.9062 1.30939

-30.9062 1.30945
-30.8501 1.31673

-30.8501 1.31668
-30.7939 1.32312

-30.7939 1.3231
-30.7378 1.3288

-30.7378 1.32881
-30.6816 1.33378

-30.6816 1.3338
-30.6255 1.33798

-30.6255 1.33796
-30.5693 1.34134

-30.5693 1.34128
-30.5132 1.344

-30.5132 1.34388
-30.457 1.34627

-30.457 1.34612
-30.4222 1.34766

-30.4258 1.34766
-30.3447 1.35129

-30.3447 1.35109
-30.2324 1.35672

-30.2324 1.35671
-30.1763 1.3599

-30.1763 1.35986
-30.1201 1.36354

-30.1201 1.36348
-30.064 1.36784

-30.064 1.36786
-30.0078 1.37299

-30.0078 1.37294
-29.9517 1.37893

-29.9517 1.37891
-29.8955 1.38587

-29.8955 1.38582
-29.8394 1.3939

-29.8394 1.3938
-29.7832 1.40329

-29.7832 1.40329
-29.7806 1.40381

-29.7807 1.40381
-29.7271 1.41436

-29.7271 1.41435
-29.6709 1.42694

-29.6709 1.42698
-29.6147 1.44105

-29.6147 1.44105
-29.5586 1.45653

-29.5586 1.45661
-29.5473 1.45996

-29.5476 1.45996
-29.5024 1.4733

-29.5024 1.47322
-29.4463 1.49076

-29.4463 1.49079
-29.3901 1.5093

-29.3901 1.50926
-29.37 1.51611

-29.3709 1.51611
-29.334 1.52865

-29.334 1.52853
-29.2778 1.54787

-29.2778 1.54782
-29.2217 1.56753

-29.2217 1.56747
-29.2082 1.57227

-29.2089 1.57227
-29.1655 1.58764

-29.1655 1.58753
-29.1094 1.60748

-29.1094 1.60741
-29.0532 1.62762

-29.0532 1.62753
-29.0507 1.62842

-29.0516 1.62842
-28.9971 1.64807

-28.9971 1.64787
-28.9409 1.66812

-28.9409 1.6681
-28.8958 1.68457

-28.8969 1.68457
-28.8848 1.68897

-28.8848 1.68878
-28.8286 1.70916

-28.8286 1.70899
-28.7725 1.7294

-28.7725 1.72932
-28.7417 1.74072

-28.7421 1.74072
-28.7163 1.75028

-28.7163 1.75023
-28.6602 1.77152

-28.6602 1.7714
-28.604 1.79336

-28.604 1.7935
-28.5959 1.79688

-28.5953 1.79688
-28.5479 1.81619

-28.5479 1.81636
-28.4917 1.84136

-28.4917 1.84105
-28.4668 1.85303

-28.4676 1.85303
-28.4355 1.86847

-28.4355 1.86827
-28.3794 1.89746

-28.3794 1.89737
-28.3584 1.90918

-28.3591 1.90918
-28.3232 1.92855

-28.3232 1.92925
-28.2671 1.96274

-28.2671 1.96214
-28.2619 1.96533

-28.2633 1.96533
-28.2109 1.99742

-28.2109 1.99721
-28.172 2.02148

-28.1725 2.02148
-28.1548 2.03256

-28.1548 2.03242
-28.0986 2.06804

-28.0986 2.06802
-28.0835 2.07764

-28.084 2.07764
-28.0425 2.10399

-28.0425 2.10376
-27.9948 2.13379

-27.9955 2.13379
-27.9863 2.13957

-27.9863 2.13933
-27.9302 2.17439

-27.9302 2.17415
-27.9045 2.18994

-27.9051 2.18994
-27.874 2.20909

-27.874 2.20894
-27.8179 2.24311

-27.8179 2.24289
-27.8125 2.24609

-27.8129 2.24609
-27.7617 2.27689

-27.7617 2.27652
-27.7179 2.30225

-27.7182 2.30225
-27.7056 2.30968

-27.7056 2.3096
-27.6494 2.3421

-27.6494 2.34192
-27.6207 2.3584

-27.6207 2.3584
-27.5933 2.37414

-27.5933 2.37408
-27.5371 2.40648

-27.5371 2.40646
-27.5234 2.41455

-27.5229 2.41455
-27.481 2.43932

-27.481 2.43938
-27.4299 2.4707

-27.4285 2.4707
-27.4248 2.47296

-27.4248 2.47352
-27.3687 2.51005

-27.3687 2.50996
-27.345 2.52686

-27.344 2.52686
-27.3125 2.54934

-29.334 6.28062
-29.3409 6.28906

-29.1094 6.02533
-29.1475 6.06445

-29.2217 6.1466
-29.2488 6.17676

-29.2778 6.21204
-29.2954 6.23291

-29.334 6.28064
-29.2958 6.23291

-29.2778 6.21145
-29.2486 6.17676

-29.1655 6.08476
-29.1986 6.12061

-29.2217 6.14646
-29.1988 6.12061

-29.1655 6.08431
-29.1472 6.06445

-29.5586 6.62117
-29.5614 6.62598

-29.6147 6.72269
-29.6233 6.73828

-29.5612 6.62598
-29.5925 6.68213

-29.6147 6.72267
-29.5925 6.68213

-29.7832 7.03664
-29.8036 7.0752

-29.8394 7.14326
-29.8626 7.1875

-29.8035 7.0752
-29.8331 7.13135

-29.8394 7.1432
-29.8331 7.13135

-29.6709 6.8265
-29.6839 6.85059

-29.7271 6.93099
-29.7441 6.96289

-29.6839 6.85059
-29.7141 6.90674

-29.7271 6.93096
-29.7141 6.90674

-29.6232 6.73828
-29.6536 6.79443

-29.6709 6.82646
-29.6536 6.79443

-29.7441 6.96289
-29.7739 7.01904

-29.7832 7.0366
-29.7739 7.01904

-29.4463 6.43674
-29.4602 6.45752

-29.4606 6.45752
-29.496 6.51367

-29.3901 6.35503
-29.423 6.40137

-29.3406 6.28906
-29.383 6.34521

-29.3901 6.35503
-29.3832 6.34521

-29.4463 6.43634
-29.4229 6.40137

-29.5024 6.52512
-29.5291 6.56982

-29.5586 6.62105
-29.5292 6.56982

-29.5024 6.52479
-29.4958 6.51367

-28.3794 5.36771
-28.4069 5.39062

-28.3232 5.32135
-28.339 5.33447

-28.3794 5.36781
-28.3392 5.33447

-28.2671 5.27417
-28.2721 5.27832

-28.2671 5.27459
-28.2109 5.22761

-28.3232 5.32141
-28.2715 5.27832

-27.3125 3.86611
-27.3453 3.93066

-27.3687 3.97987
-27.372 3.98682

-27.3721 3.98682
-27.3986 4.04297

-27.3687 3.97963
-27.345 3.93066

-27.5371 4.3557
-27.5477 4.37988

-27.5933 4.48252
-27.5976 4.49219

-27.5475 4.37988
-27.5723 4.43604

-27.5933 4.48242
-27.5723 4.43604

-27.4248 4.10038
-27.4498 4.15527

-27.481 4.22648
-27.4989 4.26758

-27.4495 4.15527
-27.4744 4.21143

-27.481 4.22648
-27.4744 4.21143

-27.3985 4.04297
-27.4244 4.09912

-27.4248 4.1002
-27.4243 4.09912

-27.4988 4.26758
-27.5232 4.32373

-27.5371 4.35567
-27.5232 4.32373

-27.874 4.91905
-27.8936 4.94141

-27.7617 4.78337
-27.7944 4.8291

-27.8179 4.85544
-27.8429 4.88525

-27.874 4.91949
-27.8425 4.88525

-27.8179 4.85645
-27.7949 4.8291

-28.0986 5.13199
-28.1383 5.16602

-27.9863 5.03164
-28.0107 5.05371

-28.0425 5.08255
-28.0734 5.10986

-28.0986 5.13169
-28.0739 5.10986

-28.0425 5.08251
-28.0111 5.05371

-28.1548 5.18031
-28.2043 5.22217

-28.2109 5.22754
-28.2046 5.22217

-28.1548 5.18024
-28.1383 5.16602

-27.9302 4.97738
-27.9512 4.99756

-27.9863 5.031
-27.9515 4.99756

-27.9302 4.97753
-27.894 4.94141

-27.6494 4.60025
-27.6515 4.60449

-27.7056 4.69997
-27.7157 4.7168

-27.6517 4.60449
-27.6822 4.66064

-27.7056 4.69991
-27.6819 4.66064

-27.5975 4.49219
-27.6239 4.54834

-27.6494 4.59953
-27.6238 4.54834

-27.7157 4.7168
-27.7534 4.77295

-27.7617 4.7842
-27.7533 4.77295

-28.8848 5.80587
-28.9207 5.83984

-28.6602 5.60504
-28.6717 5.61523

-28.7725 5.70403
-28.7983 5.72754

-28.8286 5.75524
-28.8597 5.78369

-28.8848 5.80652
-28.8598 5.78369

-28.8286 5.75529
-28.7979 5.72754

-28.7163 5.65468
-28.7351 5.67139

-28.7725 5.7044
-28.7353 5.67139

-28.7163 5.65474
-28.6712 5.61523

-28.9971 5.91135
-29.0377 5.95215

-29.0532 5.96796
-29.0931 6.0083

-29.1094 6.02516
-29.0933 6.0083

-29.0532 5.96766
-29.0379 5.95215

-28.9409 5.85916
-28.9796 5.896

-28.9971 5.91255
-28.9797 5.896

-28.9409 5.85922
-28.9202 5.83984

-28.604 5.55709
-28.6063 5.55908

-28.6602 5.60531
-28.6067 5.55908

-28.604 5.55698
-28.5479 5.50902

-28.4917 5.46138
-28.5409 5.50293

-28.4355 5.41466
-28.4739 5.44678

-28.4917 5.46152
-28.4741 5.44678

-28.5479 5.50915
-28.5405 5.50293

-28.4355 5.41472
-28.4066 5.39062

-30.9062 11.8457
-30.9158 11.9043

-30.9159 11.9043
-30.9253 11.9604

-30.9253 11.9604
-30.9347 12.0166

-30.9347 12.0166
-30.9441 12.0728

-30.9441 12.0728
-30.9534 12.1289

-30.9624 12.1837
-30.9626 12.1851

-30.9626 12.1851
-30.9717 12.2412

-30.9624 12.1836
-30.9534 12.1289

-30.9717 12.2412
-30.9807 12.2974

-30.9807 12.2974
-30.9895 12.3535

-31.0186 12.5467
-31.0232 12.5781

-30.9895 12.3535
-30.9981 12.4097

-30.9981 12.4097
-31.0066 12.4658

-31.0066 12.4658
-31.015 12.522

-31.0186 12.5465
-31.015 12.522

-31.0232 12.5781
-31.0314 12.6343

-31.0314 12.6343
-31.0395 12.6904

-31.0394 12.6904
-31.0475 12.7466

-31.0475 12.7466
-31.0555 12.8027

-31.0555 12.8027
-31.0635 12.8589

-31.0635 12.8589
-31.0716 12.915

-31.0747 12.9367
-31.0797 12.9712

-31.0797 12.9712
-31.0878 13.0273

-31.0747 12.9367
-31.0716 12.915

-31.1309 13.3153
-31.1383 13.3643

-31.1383 13.3643
-31.1469 13.4204

-31.1469 13.4204
-31.1554 13.4766

-31.0879 13.0273
-31.0961 13.0835

-31.0961 13.0835
-31.1044 13.1396

-31.1044 13.1396
-31.1128 13.1958

-31.1128 13.1958
-31.1213 13.252

-31.1213 13.252
-31.1298 13.3081

-31.1309 13.3153
-31.1298 13.3081

-31.1554 13.4766
-31.164 13.5327

-31.164 13.5327
-31.1726 13.5889

-31.187 13.6842
-31.1896 13.7012

-31.1726 13.5889
-31.1811 13.645

-31.187 13.6842
-31.1811 13.645

-31.1896 13.7012
-31.198 13.7573

-31.198 13.7573
-31.2064 13.8135

-31.2064 13.8135
-31.2148 13.8696

-31.2148 13.8696
-31.2231 13.9258

-31.2432 14.0618
-31.2561 14.1504

-31.2231 13.9258
-31.2314 13.9819

-31.2314 13.9819
-31.2397 14.0381

-31.2432 14.0618
-31.2397 14.0381

-31.2561 14.1504
-31.2642 14.2065

-31.2642 14.2065
-31.2723 14.2627

-31.2723 14.2627
-31.2803 14.3188

-31.2803 14.3188
-31.2882 14.375

-30.0078 7.45954
-30.0425 7.52441

-30.064 7.56528
-30.072 7.58057

-30.0722 7.58057
-30.1012 7.63672

-30.064 7.56508
-30.0425 7.52441

-30.2324 7.92494
-30.2521 7.97363

-30.2886 8.07568
-30.2922 8.08594

-30.2517 7.97363
-30.2725 8.02979

-30.2886 8.07562
-30.2726 8.02979

-30.1201 7.67467
-30.1292 7.69287

-30.1293 7.69287
-30.1563 7.74902

-30.1763 7.79312
-30.1818 7.80518

-30.1821 7.80518
-30.2066 7.86133

-30.1763 7.79263
-30.1563 7.74902

-30.1201 7.67463
-30.1012 7.63672

-30.2065 7.86133
-30.2297 7.91748

-30.2324 7.92432
-30.2297 7.91748

-30.457 8.73254
-30.4628 8.75977

-30.4628 8.75977
-30.4744 8.81592

-30.4744 8.81592
-30.486 8.87207

-30.4859 8.87207
-30.4974 8.92822

-30.4974 8.92822
-30.5088 8.98438

-30.3447 8.25628
-30.3602 8.31055

-30.2921 8.08594
-30.3106 8.14209

-30.3106 8.14209
-30.328 8.19824

-30.328 8.19824
-30.3445 8.25439

-30.3447 8.25547
-30.3444 8.25439

-30.3599 8.31055
-30.3746 8.3667

-30.3746 8.3667
-30.3886 8.42285

-30.4009 8.47526
-30.4018 8.479

-30.4018 8.479
-30.4146 8.53516

-30.4009 8.47528
-30.3885 8.42285

-30.4146 8.53516
-30.427 8.59131

-30.427 8.59131
-30.4391 8.64746

-30.4391 8.64746
-30.451 8.70361

-30.457 8.73239
-30.451 8.70361

-29.8955 7.24988
-29.9219 7.2998

-29.9517 7.35547
-29.9519 7.35596

-29.952 7.35596
-29.9821 7.41211

-29.9517 7.35543
-29.922 7.2998

-29.8626 7.1875
-29.8922 7.24365

-29.8955 7.24995
-29.8922 7.24365

-30.0078 7.45982
-29.9821 7.41211

-30.5132 9.0061
-30.5201 9.04053

-30.5201 9.04053
-30.5314 9.09668

-30.5132 9.00606
-30.5088 8.98438

-30.5314 9.09668
-30.5425 9.15283

-30.5425 9.15283
-30.5535 9.20898

-30.5693 9.29124
-30.5751 9.32129

-30.5751 9.32129
-30.5856 9.37744

-30.5856 9.37744
-30.5959 9.43359

-30.5535 9.20898
-30.5644 9.26514

-30.5693 9.29111
-30.5644 9.26514

-30.5959 9.43359
-30.606 9.48975

-30.606 9.48975
-30.6158 9.5459

-30.6255 9.60271
-30.6347 9.6582

-30.6158 9.5459
-30.6254 9.60205

-30.6255 9.60268
-30.6254 9.60205

-30.6347 9.6582
-30.6438 9.71436

-30.6438 9.71436
-30.6526 9.77051

-30.6526 9.77051
-30.6612 9.82666

-30.6612 9.82666
-30.6696 9.88281

-30.6816 9.96675
-30.6857 9.99512

-30.6857 9.99512
-30.6935 10.0513

-30.6935 10.0513
-30.7011 10.1074

-30.7011 10.1074
-30.7085 10.1636

-30.7085 10.1636
-30.7158 10.2197

-30.7158 10.2197
-30.7229 10.2759

-30.7229 10.2759
-30.7299 10.332

-30.6696 9.88281
-30.6777 9.93896

-30.6816 9.96654
-30.6777 9.93896

-30.7378 10.3981
-30.7432 10.4443

-30.7299 10.332
-30.7366 10.3882

-30.7378 10.398
-30.7366 10.3882

-30.7432 10.4443
-30.7497 10.5005

-30.7497 10.5005
-30.7559 10.5566

-30.7559 10.5566
-30.762 10.6128

-30.762 10.6128
-30.7679 10.6689

-30.7679 10.6689
-30.7736 10.7251

-30.7736 10.7251
-30.7792 10.7812

-30.7939 10.9345
-30.8007 11.0059

-30.7792 10.7812
-30.7847 10.8374

-30.7847 10.8374
-30.7901 10.8936

-30.7939 10.9343
-30.7901 10.8936

-30.8007 11.0059
-30.806 11.062

-30.806 11.062
-30.8114 11.1182

-30.8114 11.1182
-30.8169 11.1743

-30.8169 11.1743
-30.8227 11.2305

-30.8226 11.2305
-30.8286 11.2866

-30.8286 11.2866
-30.8348 11.3428

-30.8348 11.3428
-30.8413 11.3989

-30.8414 11.3989
-30.8483 11.4551

-30.8501 11.469
-30.8556 11.5112

-30.8556 11.5112
-30.8633 11.5674

-30.8501 11.4689
-30.8483 11.4551

-30.8633 11.5674
-30.8713 11.6235

-30.8713 11.6235
-30.8797 11.6797

-30.8797 11.6797
-30.8885 11.7358

-30.8885 11.7358
-30.8974 11.792

-30.9062 11.8461
-30.8974 11.792

-27.3125 2.54967
-27.2709 2.58301

-27.2697 2.58301
-27.2563 2.59374

-27.2563 2.59374
-27.2071 2.63916

-27.2065 2.63916
-27.2002 2.64494

-27.2002 2.64535
-27.1531 2.69531

-27.1537 2.69531
-27.144 2.70773

-27.144 2.7077
-27.1101 2.75146

-27.1105 2.75146
-27.0879 2.78677

-27.0879 2.78661
-27.0744 2.80762

-27.0746 2.80762
-27.0453 2.86377

-27.0454 2.86377
-27.0317 2.89763

-27.0317 2.89727
-27.0226 2.91992

-27.0228 2.91992
-27.0066 2.97607

-27.0065 2.97607
-26.9966 3.03223

-26.9969 3.03223
-26.993 3.08838

-26.9929 3.08838
-26.995 3.14453

-27.0879 3.44292
-27.1054 3.48145

-27.144 3.55374
-27.1656 3.59375

-27.1061 3.48145
-27.1352 3.5376

-27.144 3.5538
-27.1353 3.5376

-26.9955 3.14453
-27.003 3.20068

-27.0028 3.20068
-27.0153 3.25684

-27.0317 3.3096
-27.0328 3.31299

-27.0327 3.31299
-27.0537 3.36914

-27.0317 3.30947
-27.0157 3.25684

-27.054 3.36914
-27.0786 3.42529

-27.0879 3.44423
-27.0787 3.42529

-27.2002 3.65586
-27.2275 3.70605

-27.2563 3.75914
-27.258 3.76221

-27.2581 3.76221
-27.2879 3.81836

-27.2563 3.7591
-27.2276 3.70605

-27.1658 3.59375
-27.1967 3.6499

-27.2002 3.65623
-27.1967 3.6499

-27.3125 3.86606
-27.2878 3.81836

-31.3555 14.9339
-31.3557 14.9365

-31.3557 14.9365
-31.3648 15.0488

-31.3647 15.0488
-31.3686 15.105

-31.3686 15.105
-31.372 15.1611

-31.372 15.1611
-31.375 15.2173

-31.375 15.2173
-31.3776 15.2734

-31.2993 14.4557
-31.3036 14.4873

-31.2882 14.375
-31.296 14.4312

-31.2993 14.4557
-31.296 14.4312

-31.3036 14.4873
-31.3111 14.5435

-31.3111 14.5435
-31.3184 14.5996

-31.3184 14.5996
-31.3254 14.6558

-31.3254 14.6558
-31.3322 14.7119

-31.3322 14.7119
-31.3386 14.7681

-31.3386 14.7681
-31.3447 14.8242

-31.3447 14.8242
-31.3504 14.8804

-31.3555 14.9351
-31.3504 14.8804

-31.3776 15.2734
-31.3798 15.3296

-31.3798 15.3296
-31.3816 15.3857

-31.3816 15.3857
-31.3831 15.4419

-31.3832 15.4419
-31.3845 15.498

-31.3844 15.498
-31.3855 15.5542

-31.3855 15.5542
-31.3865 15.6104

-31.3864 15.6104
-31.3872 15.6665

-31.3872 15.6665
-31.3879 15.7227

-31.3879 15.7227
-31.3884 15.7788

-31.3884 15.7788
-31.3889 15.835

-31.3889 15.835
-31.3894 15.8911

-31.3894 15.8911
-31.3897 15.9473

-31.3897 15.9473
-31.3901 16.0034

-31.3901 16.0034
-31.3903 16.0596

-31.3903 16.0596
-31.3906 16.1157

-31.3906 16.1157
-31.3908 16.1719

-31.3908 16.1719
-31.3909 16.228

-31.3909 16.228
-31.391 16.2842

-31.391 16.2842
-31.391 16.3403

-31.391 16.3403
-31.3909 16.3965

-31.3909 16.3965
-31.3907 16.4526

-31.3907 16.4526
-31.3903 16.5088

-31.3903 16.5088
-31.3899 16.5649

-31.3899 16.5649
-31.3893 16.6211

-31.3893 16.6211
-31.3885 16.6772

-31.3885 16.6772
-31.3876 16.7334

-31.3876 16.7334
-31.3866 16.7896

-31.3866 16.7896
-31.3853 16.8457

-31.3853 16.8457
-31.384 16.9019

-31.384 16.9019
-31.3824 16.958

-31.3824 16.958
-31.3807 17.0142

-31.3807 17.0142
-31.3789 17.0703

-31.3789 17.0703
-31.3769 17.1265

-31.3769 17.1265
-31.3747 17.1826

-31.3747 17.1826
-31.3725 17.2388

-31.3725 17.2388
-31.3701 17.2949

-31.3701 17.2949
-31.3675 17.3511

-31.3675 17.3511
-31.3648 17.4072

-31.3649 17.4072
-31.359 17.5195

-31.359 17.5195
-31.3555 17.5791

-31.3555 17.5798
-31.3523 17.6318

-31.3523 17.6318
-31.3487 17.688

-31.3487 17.688
-31.3449 17.7441

-31.3449 17.7441
-31.341 17.8003

-31.341 17.8003
-31.3368 17.8564

-31.3368 17.8564
-31.3324 17.9126

-31.3324 17.9126
-31.3279 17.9688

-31.3279 17.9688
-31.3233 18.0249

-31.3233 18.0249
-31.3185 18.0811

-31.3185 18.0811
-31.3137 18.1372

-31.3137 18.1372
-31.3087 18.1934

-31.3086 18.1934
-31.3036 18.2495

-31.3036 18.2495
-31.2993 18.296

-31.2993 18.296
-31.2984 18.3057

-31.2984 18.3057
-31.2932 18.3618

-31.2932 18.3618
-31.288 18.418

-31.288 18.418
-31.2828 18.4741

-31.2828 18.4741
-31.2776 18.5303

-31.2776 18.5303
-31.2724 18.5864

-31.2724 18.5864
-31.2672 18.6426

-31.2672 18.6426
-31.2621 18.6987

-31.2621 18.6987
-31.257 18.7549

-31.257 18.7549
-31.2469 18.8672

-31.2469 18.8672
-31.2432 18.9092

-31.2432 18.9092
-31.2419 18.9233

-31.2419 18.9233
-31.2369 18.9795

-31.2369 18.9795
-31.2319 19.0356

-31.2319 19.0356
-31.227 19.0918

-31.227 19.0918
-31.2221 19.1479

-31.2221 19.1479
-31.2172 19.2041

-31.2172 19.2041
-31.2123 19.2603

-31.2123 19.2603
-31.2075 19.3164

-31.2075 19.3164
-31.2027 19.3726

-31.2027 19.3726
-31.198 19.4287

-31.198 19.4287
-31.1934 19.4849

-31.1934 19.4849
-31.1889 19.541

-31.1889 19.541
-31.187 19.565

-31.187 19.565
-31.1845 19.5972

-31.1845 19.5972
-31.1802 19.6533

-31.1802 19.6533
-31.1761 19.7095

-31.1761 19.7095
-31.172 19.7656

-31.172 19.7656
-31.1681 19.8218

-31.1681 19.8218
-31.1644 19.8779

-31.1644 19.8779
-31.1608 19.9341

-31.1608 19.9341
-31.1575 19.9902

-31.1575 19.9902
-31.1544 20.0464

-31.1544 20.0464
-31.1516 20.1025

-31.1516 20.1025
-31.1491 20.1587

-31.1491 20.1587
-31.1469 20.2148

-31.1469 20.2148
-31.1452 20.271

-31.1452 20.271
-31.1438 20.3271

-31.1438 20.3271
-31.1428 20.3833

-31.1428 20.3833
-31.1423 20.4395

-31.1423 20.4395
-31.1421 20.4956

-31.1421 20.4956
-31.1424 20.5518

-31.1424 20.5518
-31.143 20.6079

-31.143 20.6079
-31.1441 20.6641

-31.1441 20.6641
-31.1455 20.7202

-31.1455 20.7202
-31.1472 20.7764

-31.1472 20.7764
-31.1493 20.8325

-31.1493 20.8325
-31.1517 20.8887

-31.1517 20.8887
-31.1544 20.9448

-31.1543 20.9448
-31.1573 21.001

-31.1573 21.001
-31.1606 21.0571

-31.1606 21.0571
-31.164 21.1133

-31.1641 21.1133
-31.1678 21.1694

-31.1678 21.1694
-31.1717 21.2256

-31.1717 21.2256
-31.1759 21.2817

-31.1759 21.2817
-31.1803 21.3379

-31.187 21.4175
-31.1898 21.4502

-31.1803 21.3379
-31.185 21.394

-31.187 21.4175
-31.185 21.394

-31.1898 21.4502
-31.1949 21.5063

-31.1949 21.5063
-31.2002 21.5625

-31.2002 21.5625
-31.2057 21.6187

-31.2057 21.6187
-31.2115 21.6748

-31.2115 21.6748
-31.2174 21.731

-31.2174 21.731
-31.2236 21.7871

-31.2432 21.9541
-31.2503 22.0117

-31.2236 21.7871
-31.2299 21.8433

-31.2299 21.8433
-31.2365 21.8994

-31.2432 21.9544
-31.2365 21.8994

-31.2503 22.0117
-31.2575 22.0679

-31.2575 22.0679
-31.265 22.124

-31.265 22.124
-31.2726 22.1802

-31.2726 22.1802
-31.2804 22.2363

-31.2804 22.2363
-31.2884 22.2925

-31.2884 22.2925
-31.2966 22.3486

-31.2993 22.3665
-31.305 22.4048

-31.305 22.4048
-31.3136 22.4609

-31.2993 22.3665
-31.2966 22.3486

-31.3555 22.724
-31.3676 22.7979

-31.3677 22.7979
-31.377 22.854

-31.377 22.854
-31.3865 22.9102

-31.3865 22.9102
-31.3961 22.9663

-31.3961 22.9663
-31.4057 23.0225

-31.4116 23.0572
-31.4153 23.0786

-31.4153 23.0786
-31.425 23.1348

-31.4116 23.0572
-31.4057 23.0225

-31.425 23.1348
-31.4348 23.1909

-31.4348 23.1909
-31.4446 23.2471

-31.4446 23.2471
-31.4545 23.3032

-31.4545 23.3032
-31.4645 23.3594

-31.3136 22.4609
-31.3222 22.5171

-31.3223 22.5171
-31.3311 22.5732

-31.3311 22.5732
-31.3401 22.6294

-31.3401 22.6294
-31.3492 22.6855

-31.3555 22.7241
-31.3492 22.6855

-31.8047 25.0161
-31.8112 25.0439

-31.8112 25.0439
-31.8246 25.1001

-31.8246 25.1001
-31.838 25.1562

-31.4678 23.3775
-31.4849 23.4717

-31.4849 23.4717
-31.4953 23.5278

-31.4953 23.5278
-31.5059 23.584

-31.4678 23.3774
-31.4645 23.3594

-31.5239 23.6777
-31.5275 23.6963

-31.5059 23.584
-31.5166 23.6401

-31.5239 23.6777
-31.5166 23.6401

-31.5276 23.6963
-31.5386 23.7524

-31.5386 23.7524
-31.5498 23.8086

-31.5801 23.958
-31.5953 24.0332

-31.5953 24.0332
-31.6067 24.0894

-31.6067 24.0894
-31.618 24.1455

-31.6362 24.236
-31.6406 24.2578

-31.618 24.1455
-31.6293 24.2017

-31.6362 24.2359
-31.6293 24.2017

-31.5498 23.8086
-31.5611 23.8647

-31.5611 23.8647
-31.5725 23.9209

-31.5801 23.9581
-31.5725 23.9209

-31.6406 24.2578
-31.6519 24.314

-31.6519 24.314
-31.6632 24.3701

-31.6632 24.3701
-31.6746 24.4263

-31.6746 24.4263
-31.6861 24.4824

-31.6924 24.5126
-31.7096 24.5947

-31.7097 24.5947
-31.7217 24.6509

-31.7217 24.6509
-31.734 24.707

-31.6924 24.5125
-31.6861 24.4824

-31.7485 24.7724
-31.7591 24.8193

-31.734 24.707
-31.7465 24.7632

-31.7485 24.7724
-31.7465 24.7632

-31.7591 24.8193
-31.7719 24.8755

-31.7719 24.8755
-31.7849 24.9316

-31.7849 24.9316
-31.798 24.9878

-31.8047 25.0162
-31.798 24.9878

-32.7031 28.3531
-32.7207 28.4131

-32.7208 28.4131
-32.7373 28.4692

-32.7373 28.4692
-32.754 28.5254

-32.8154 28.7313
-32.821 28.75

-32.7593 28.5432
-32.7707 28.5815

-32.7707 28.5815
-32.7874 28.6377

-32.7593 28.5432
-32.754 28.5254

-32.7874 28.6377
-32.8042 28.6938

-32.8154 28.7313
-32.8042 28.6938

-31.8608 25.2506
-31.8652 25.2686

-31.838 25.1562
-31.8516 25.2124

-31.8608 25.2506
-31.8516 25.2124

-31.8652 25.2686
-31.8789 25.3247

-31.8789 25.3247
-31.8927 25.3809

-31.917 25.4792
-31.9204 25.4932

-31.9205 25.4932
-31.9344 25.5493

-31.9344 25.5493
-31.9485 25.6055

-31.8927 25.3809
-31.9065 25.437

-31.917 25.4792
-31.9065 25.437

-32.0293 25.9224
-32.0344 25.9424

-32.0344 25.9424
-32.049 25.9985

-32.049 25.9985
-32.0636 26.0547

-31.9731 25.7031
-31.9769 25.7178

-31.9485 25.6055
-31.9626 25.6616

-31.9731 25.7031
-31.9626 25.6616

-31.9769 25.7178
-31.9911 25.7739

-31.9911 25.7739
-32.0055 25.8301

-32.0055 25.8301
-32.0199 25.8862

-32.0293 25.9224
-32.0199 25.8862

-32.2539 26.7668
-32.2742 26.8408

-32.2742 26.8408
-32.2896 26.897

-32.2896 26.897
-32.3052 26.9531

-32.0854 26.1379
-32.0931 26.167

-32.0636 26.0547
-32.0783 26.1108

-32.0854 26.1379
-32.0783 26.1108

-32.0931 26.167
-32.1079 26.2231

-32.1079 26.2231
-32.1228 26.2793

-32.1416 26.3501
-32.1526 26.3916

-32.1526 26.3916
-32.1677 26.4478

-32.1677 26.4478
-32.1827 26.5039

-32.1228 26.2793
-32.1377 26.3354

-32.1416 26.3502
-32.1377 26.3354

-32.1978 26.5597
-32.1978 26.5601

-32.1979 26.5601
-32.213 26.6162

-32.1978 26.5597
-32.1827 26.5039

-32.213 26.6162
-32.2282 26.6724

-32.2282 26.6724
-32.2435 26.7285

-32.2539 26.7668
-32.2435 26.7285

-32.3662 27.1714
-32.368 27.1777

-32.3101 26.9708
-32.3208 27.0093

-32.3208 27.0093
-32.3364 27.0654

-32.3101 26.9708
-32.3052 26.9531

-32.3364 27.0654
-32.3522 27.1216

-32.3662 27.1714
-32.3522 27.1216

-32.368 27.1777
-32.3839 27.2339

-32.3838 27.2339
-32.3997 27.29

-32.4224 27.3699
-32.4316 27.4023

-32.3997 27.29
-32.4156 27.3462

-32.4224 27.3699
-32.4156 27.3462

-32.4785 27.568
-32.4952 27.627

-32.4952 27.627
-32.5111 27.6831

-32.5111 27.6831
-32.527 27.7393

-32.5347 27.7664
-32.5429 27.7954

-32.5429 27.7954
-32.5588 27.8516

-32.5347 27.7664
-32.527 27.7393

-32.4316 27.4023
-32.4475 27.4585

-32.4475 27.4585
-32.4634 27.5146

-32.4785 27.568
-32.4634 27.5146

-32.5908 27.9644
-32.6067 28.02

-32.6067 28.02
-32.6228 28.0762

-32.5588 27.8516
-32.5747 27.9077

-32.5747 27.9077
-32.5907 27.9639

-32.5908 27.9644
-32.5907 27.9639

-32.647 28.1603
-32.6551 28.1885

-32.6228 28.0762
-32.6389 28.1323

-32.647 28.1603
-32.6389 28.1323

-32.6551 28.1885
-32.6714 28.2446

-32.6714 28.2446
-32.6878 28.3008

-32.7031 28.3531
-32.6878 28.3008

-32.9277 29.1026
-32.9401 29.1431

-32.9401 29.1431
-32.9573 29.1992

-32.821 28.75
-32.8379 28.8062

-32.8379 28.8062
-32.8548 28.8623

-32.8716 28.9178
-32.8718 28.9185

-32.8718 28.9185
-32.8888 28.9746

-32.8716 28.9178
-32.8548 28.8623

-32.8888 28.9746
-32.9059 29.0308

-32.9059 29.0308
-32.923 29.0869

-32.9277 29.1026
-32.923 29.0869

-32.9839 29.2857
-32.9918 29.3115

-32.9573 29.1992
-32.9745 29.2554

-32.9839 29.2857
-32.9745 29.2554

-32.9918 29.3115
-33.0092 29.3677

-33.0092 29.3677
-33.0266 29.4238

-33.04 29.4672
-33.0614 29.5361

-33.0962 29.6476
-33.0964 29.6484

-33.0614 29.5361
-33.0789 29.5923

-33.0962 29.6476
-33.0789 29.5923

-33.04 29.4673
-33.0266 29.4238

-33.1523 29.8273
-33.1667 29.873

-33.1667 29.873
-33.1843 29.9292

-33.1843 29.9292
-33.202 29.9854

-33.2085 30.0058
-33.2198 30.0415

-33.2198 30.0415
-33.2376 30.0977

-33.2085 30.0058
-33.202 29.9854

-33.377 30.5315
-33.3819 30.5469

-33.2646 30.1825
-33.2734 30.21

-33.2734 30.21
-33.2914 30.2661

-33.2914 30.2661
-33.3094 30.3223

-33.2376 30.0977
-33.2555 30.1538

-33.2646 30.1826
-33.2555 30.1538

-33.3208 30.3576
-33.3275 30.3784

-33.3275 30.3784
-33.3456 30.4346

-33.3208 30.3576
-33.3094 30.3223

-33.3456 30.4346
-33.3637 30.4907

-33.377 30.5316
-33.3637 30.4907

-33.0964 29.6484
-33.114 29.7046

-33.114 29.7046
-33.1315 29.7607

-33.1315 29.7607
-33.1491 29.8169

-33.1523 29.8273
-33.1491 29.8169

-33.6016 31.2208
-33.62 31.2769

-33.62 31.2769
-33.6385 31.333

-33.6577 31.3911
-33.6757 31.4453

-33.6385 31.333
-33.6571 31.3892

-33.6577 31.3911
-33.6571 31.3892

-33.7139 31.5598
-33.7319 31.6138

-33.7319 31.6138
-33.7508 31.6699

-33.6757 31.4453
-33.6944 31.5015

-33.6944 31.5015
-33.7131 31.5576

-33.7139 31.5598
-33.7131 31.5576

-33.77 31.7273
-33.7884 31.7822

-33.7508 31.6699
-33.7696 31.7261

-33.77 31.7273
-33.7696 31.7261

-33.7884 31.7822
-33.8073 31.8384

-33.8073 31.8384
-33.8261 31.8945

-33.8262 31.8946
-33.845 31.9507

-33.845 31.9507
-33.8639 32.0068

-33.8823 32.0615
-33.8828 32.063

-33.8828 32.063
-33.9018 32.1191

-33.8823 32.0615
-33.8639 32.0068

-33.9385 32.2268
-33.9401 32.2314

-33.9401 32.2314
-33.9593 32.2876

-33.9593 32.2876
-33.9787 32.3438

-33.9018 32.1191
-33.9209 32.1753

-33.9385 32.2268
-33.9209 32.1753

-33.3819 30.5469
-33.4001 30.603

-33.4001 30.603
-33.4183 30.6592

-33.4331 30.7047
-33.4365 30.7153

-33.4365 30.7153
-33.4548 30.7715

-33.4331 30.7047
-33.4183 30.6592

-33.4893 30.8774
-33.4914 30.8838

-33.4914 30.8838
-33.5097 30.9399

-33.5097 30.9399
-33.528 30.9961

-33.4548 30.7715
-33.4731 30.8276

-33.4893 30.8773
-33.4731 30.8276

-33.5454 31.0494
-33.5463 31.0522

-33.5463 31.0522
-33.5647 31.1084

-33.5454 31.0494
-33.528 30.9961

-33.5647 31.1084
-33.5831 31.1646

-33.5831 31.1646
-33.6015 31.2207

-34.0508 32.5512
-34.0568 32.5684

-34.0568 32.5684
-34.0765 32.6245

-34.0765 32.6245
-34.0962 32.6807

-34.1069 32.7112
-34.116 32.7368

-34.116 32.7368
-34.1358 32.793

-34.1069 32.7112
-34.0962 32.6807

-34.2754 33.1856
-34.2956 33.2422

-34.1631 32.87
-34.1756 32.9053

-34.1756 32.9053
-34.1955 32.9614

-34.1955 32.9614
-34.2155 33.0176

-34.1358 32.793
-34.1557 32.8491

-34.1631 32.87
-34.1557 32.8491

-34.2192 33.0281
-34.2355 33.0737

-34.2355 33.0737
-34.2555 33.1299

-34.2192 33.0281
-34.2155 33.0176

-34.2754 33.1856
-34.2555 33.1299

-33.9946 32.3899
-33.9981 32.3999

-33.9981 32.3999
-34.0176 32.4561

-33.9946 32.3899
-33.9787 32.3438

-34.0176 32.4561
-34.0371 32.5122

-34.0508 32.5512
-34.0371 32.5122

-34.3315 33.3428
-34.3357 33.3545

-34.2956 33.2422
-34.3156 33.2983

-34.3315 33.3428
-34.3157 33.2983

-34.3357 33.3545
-34.3558 33.4106

-34.3558 33.4106
-34.3759 33.4668

-34.3877 33.4996
-34.4162 33.5791

-34.4438 33.656
-34.4566 33.6914

-34.4162 33.5791
-34.4364 33.6353

-34.4438 33.656
-34.4364 33.6353

-34.3877 33.4996
-34.3759 33.4668

-34.4566 33.6914
-34.4768 33.7476

-34.4768 33.7476
-34.4971 33.8037

-34.5 33.8117
-34.4971 33.8037

-77.625 119.82
-77.9252 120.391

-77.8647 120.391
-78.7514 122.188

-81.2188 126.403
-81.7951 127.578

-81.7129 127.578
-82.5852 129.375

-79.4219 123.368
-79.7784 123.984

-79.854 123.984
-80.9197 125.781

-79.4219 123.412
-78.7136 122.188

-81.2188 126.281
-80.9739 125.781

-84.8125 132.945
-84.8264 132.969

-84.8125 133.051
-85.5899 134.766

-85.4763 134.766
-86.4069 136.562

-88.4062 139.425
-88.8626 140.156

-90.2031 141.928
-90.2204 141.953

-90.2306 141.953
-91.4779 143.75

-88.6788 140.156
-89.8948 141.953

-90.2031 142.54
-89.7171 141.953

-86.6094 136.768
-87.6731 138.359

-88.4062 139.308
-87.8146 138.359

-86.6094 137.003
-86.3154 136.562

-83.0156 130.06
-83.6851 131.172

-84.8125 132.941
-83.7957 131.172

-83.0156 130.167
-82.5388 129.375

-75.8281 116.762
-75.8474 116.797

-75.8858 116.797
-76.9487 118.594

-75.8281 116.783
-74.8488 115

-77.625 119.775
-77.0033 118.594

-92 144.112
-91.7487 143.75

