-54.8333 0
-54.8369 0.112305

-54.8386 0.112305
-54.8426 0.168457

-54.8419 0.168457
-54.8461 0.224609

-54.8479 0.224609
-54.8501 0.280762

-54.8493 0.280762
-54.8476 0.336914

-54.849 0.336914
-54.8422 0.393066

-54.8417 0.393066
-54.8281 0.449219

-54.829 0.449219
-54.8271 0.453305

-54.8271 0.453784
-54.808 0.505371

-54.8081 0.505371
-54.7783 0.561523

-54.777 0.561523
-54.771 0.570853

-54.771 0.570957
-54.7407 0.617676

-54.7408 0.617676
-54.7148 0.653984

-54.7148 0.882625
-54.7282 0.898438

-54.7148 0.652425
-54.6995 0.673828

-54.6954 0.673828
-54.6616 0.72998

-54.6594 0.72998
-54.6587 0.733634

-54.6585 0.72998
-54.6471 0.786133

-54.6587 0.822774
-54.6663 0.842285

-54.7148 0.888832
-54.6658 0.842285

-54.6587 0.821012
-54.6451 0.786133

-54.9395 1.15351
-54.952 1.1792

-54.9529 1.1792
-54.9741 1.23535

-54.9956 1.33626
-54.9974 1.34766

-54.9733 1.23535
-54.988 1.2915

-54.9956 1.33619
-54.9884 1.2915

-54.8271 0.98373
-54.8528 1.01074

-54.8833 1.05798
-54.8897 1.06689

-54.8914 1.06689
-54.9256 1.12305

-54.8833 1.05714
-54.8497 1.01074

-54.771 0.921398
-54.8033 0.95459

-54.8271 0.982916
-54.803 0.95459

-54.771 0.923434
-54.7418 0.898438

-54.9395 1.15328
-54.9246 1.12305

-54.9966 1.34766
-55.0008 1.40381

-55.0012 1.40381
-55.0014 1.45996

-55.0002 1.45996
-54.9982 1.51611

-54.9986 1.51611
-54.9962 1.57227

-54.9958 1.57227
-54.9956 1.57716

-54.9956 1.57508
-54.9933 1.62842

-54.9934 1.62842
-54.9917 1.68457

-54.9917 1.68457
-54.9905 1.74072

-54.9905 1.74072
-54.9899 1.79688

-54.9898 1.79688
-54.99 1.85303

-54.99 1.85303
-54.991 1.90918

-54.9956 2.00855
-54.9964 2.02148

-54.991 1.90918
-54.993 1.96533

-54.9956 2.01098
-54.9929 1.96533

-54.9969 2.02148
-55.0007 2.07764

-55.0004 2.07764
-55.004 2.13379

-55.006 2.13379
-55.0059 2.18994

-55.005 2.18994
-54.999 2.24609

-55.0028 2.24609
-54.9956 2.26822

-54.9956 2.26876
-54.9847 2.30225

-54.9846 2.30225
-54.9461 2.3584

-54.9513 2.3584
-54.9395 2.37158

-54.9395 2.3651
-54.8849 2.41455

-54.8833 2.4127
-54.8797 2.41455

-54.882 2.41455
-54.8271 2.44249

-54.8271 2.44156
-54.771 2.45391

-54.771 2.45338
-54.7148 2.45229

-54.2656 2.21068
-54.3059 2.24609

-54.7148 2.45117
-54.6587 2.43993

-54.6587 2.43936
-54.6025 2.42135

-54.5464 2.39827
-54.5875 2.41455

-54.6025 2.42099
-54.5863 2.41455

-54.5464 2.39907
-54.4902 2.37268

-54.4341 2.34237
-54.4632 2.3584

-54.4341 2.34258
-54.3779 2.30572

-54.4902 2.37155
-54.4689 2.3584

-54.3218 2.26096
-54.3743 2.30225

-54.3779 2.30498
-54.3745 2.30225

-54.3218 2.26182
-54.3039 2.24609

-52.4688 0.637082
-52.504 0.673828

-52.5811 0.765361
-52.5972 0.786133

-52.6372 0.842983
-52.6747 0.898438

-52.5962 0.786133
-52.6367 0.842285

-52.6372 0.843007
-52.6367 0.842285

-52.5249 0.696882
-52.554 0.72998

-52.5811 0.76678
-52.5525 0.72998

-52.5249 0.696891
-52.5046 0.673828

-52.5811 0.788227
-52.5796 0.786133

-52.918 1.50635
-52.9213 1.51611

-52.9213 1.51611
-52.9421 1.57227

-53.0303 1.76117
-53.0515 1.79688

-52.9741 1.64872
-52.9904 1.68457

-52.9419 1.57227
-52.9648 1.62842

-52.9741 1.64894
-52.9648 1.62842

-52.9899 1.68457
-53.0187 1.74072

-53.0303 1.75927
-53.0193 1.74072

-52.6934 0.927639
-52.7104 0.95459

-52.7102 0.95459
-52.7432 1.01074

-52.7495 1.02177
-52.7733 1.06689

-52.773 1.06689
-52.7987 1.12305

-52.7495 1.02197
-52.7436 1.01074

-52.8057 1.13981
-52.8211 1.1792

-52.8207 1.1792
-52.8392 1.23535

-52.8618 1.31667
-52.8702 1.34766

-52.8389 1.23535
-52.8552 1.2915

-52.8618 1.31676
-52.8549 1.2915

-52.8057 1.14213
-52.7986 1.12305

-52.8057 1.23596
-52.8055 1.23535

-52.6934 0.928934
-52.6749 0.898438

-52.8698 1.34766
-52.8854 1.40381

-52.8853 1.40381
-52.9024 1.45996

-52.8618 1.34784
-52.8618 1.34766

-52.918 1.50525
-52.9019 1.45996

-52.918 1.57292
-52.9177 1.57227

-54.1533 2.12513
-54.1671 2.13379

-54.2095 2.15901
-54.2458 2.18994

-54.2656 2.21004
-54.242 2.18994

-54.2095 2.15673
-54.1729 2.13379

-54.1533 2.12547
-54.0972 2.10184

-54.0972 2.10218
-54.041 2.08368

-54.1533 2.13392
-54.153 2.13379

-53.8164 2.00007
-53.8553 2.02148

-53.9849 2.06899
-54.0149 2.07764

-54.041 2.08419
-54.0182 2.07764

-53.9849 2.06911
-53.9287 2.05207

-53.9287 2.05542
-53.8546 2.02148

-53.7603 1.9618
-53.7664 1.96533

-53.8164 1.99702
-53.7612 1.96533

-53.7603 1.96013
-53.7041 1.94171

-53.7041 1.94286
-53.6479 1.94491

-53.6479 1.94743
-53.5918 1.96262

-53.5918 1.96457
-53.5896 1.96533

-53.5891 1.96533
-53.5356 1.9841

-53.5356 1.9859
-53.4795 2.00293

-53.4795 2.0036
-53.4233 2.01302

-53.4233 2.01329
-53.3672 2.01323

-53.3672 2.01329
-53.311 2.00312

-53.311 2.00304
-53.2549 1.98282

-53.1987 1.95242
-53.2231 1.96533

-53.2549 1.98297
-53.2216 1.96533

-53.1987 1.95576
-53.1426 1.91092

-53.0864 1.84551
-53.0919 1.85303

-53.1426 1.9079
-53.0906 1.85303

-53.0864 1.84624
-53.0504 1.79688

-53.1426 1.91152
-53.1409 1.90918

-53.0303 1.79723
-53.03 1.79688

-52.3564 0.551991
-52.3707 0.561523

-52.4126 0.589501
-52.4452 0.617676

-52.4688 0.638125
-52.4451 0.617676

-52.4126 0.587504
-52.3739 0.561523

-52.3564 0.552119
-52.3003 0.524731

-52.2441 0.504784
-52.2457 0.505371

-52.3003 0.52498
-52.248 0.505371

-52.3564 0.56295
-52.3533 0.561523

-52.4688 0.674099
-52.4684 0.673828

-52.2441 0.504257
-52.188 0.488502

-52.188 0.488947
-52.1318 0.477031

-52.1318 0.47732
-52.0757 0.467776

-52.0757 0.467849
-52.0195 0.459954

-51.9072 0.444453
-51.9437 0.449219

-51.9072 0.444754
-51.8511 0.439425

-51.8511 0.439903
-51.7949 0.436426

-51.7949 0.436569
-51.7388 0.433704

-51.7388 0.433691
-51.6826 0.431179

-51.6826 0.43121
-51.6265 0.429017

-51.6265 0.429107
-51.5703 0.426991

-52.0195 0.460269
-51.9312 0.449219

-51.5703 0.427081
-51.5142 0.424684

-51.5142 0.424747
-51.458 0.421764

-51.458 0.421875
-51.4019 0.417956

-51.4019 0.417894
-51.3457 0.412941

-51.3457 0.412872
-51.2896 0.407146

-51.2896 0.407102
-51.2334 0.40083

-51.2334 0.400856
-51.1772 0.394075

-51.1211 0.386967
-51.1716 0.393066

-51.1772 0.394114
-51.1686 0.393066

-51.1211 0.387014
-51.0649 0.380792

-51.0649 0.380769
-51.0088 0.375153

-51.0088 0.375122
-50.9526 0.370222

-50.9526 0.370224
-50.8965 0.366098

-50.8965 0.366198
-50.8403 0.36264

-50.8403 0.362641
-50.7842 0.359448

-50.7842 0.359495
-50.728 0.356568

-50.728 0.356581
-50.6719 0.353803

-50.6719 0.353733
-50.6157 0.351217

-50.6157 0.351119
-50.5596 0.349202

-50.5596 0.349195
-50.5034 0.348089

-50.5034 0.348176
-50.4473 0.34772

-50.4473 0.348117
-50.335 0.346574

-50.335 0.346427
-50.2227 0.343994

-50.2227 0.343908
-50.1104 0.341049

-50.1104 0.341114
-49.998 0.33787

-49.9419 0.335986
-49.9704 0.336914

-49.9419 0.335954
-49.8857 0.33408

-49.998 0.337923
-49.9661 0.336914

-49.8857 0.334079
-49.8296 0.332357

-49.8296 0.33236
-49.7734 0.330784

-49.7734 0.330792
-49.7173 0.32934

-49.7173 0.329344
-49.6611 0.327995

-49.6611 0.327997
-49.605 0.326735

-49.605 0.326737
-49.5488 0.325554

-49.5488 0.325556
-49.4927 0.324445

-49.4927 0.324447
-49.4365 0.323401

-49.4365 0.323402
-49.3804 0.322412

-49.3804 0.322413
-49.3242 0.321474

-49.3242 0.321475
-49.2681 0.32058

-49.2681 0.320581
-49.2119 0.319726

-49.2119 0.319728
-49.1558 0.318906

-49.1558 0.318908
-49.0996 0.318114

-49.0996 0.318115
-49.0435 0.317342

-49.0435 0.317344
-48.9873 0.316585

-48.9873 0.316587
-48.9312 0.315837

-48.9312 0.315838
-48.875 0.315092

-48.875 0.315093
-48.8188 0.314345

-48.8188 0.314346
-48.7627 0.313593

-48.7627 0.313594
-48.7065 0.312833

-48.7065 0.312834
-48.6504 0.312063

-48.6504 0.312064
-48.5942 0.311282

-48.5942 0.311283
-48.5381 0.310484

-48.5381 0.310479
-48.4819 0.309672

-48.4819 0.309658
-48.4258 0.30888

-48.4258 0.308914
-48.3696 0.308126

-48.3696 0.30811
-48.3135 0.307278

-48.3135 0.307274
-48.2573 0.306437

-48.2573 0.306439
-48.2012 0.305603

-48.2012 0.305602
-48.145 0.304765

-48.145 0.304764
-48.0889 0.30393

-48.0889 0.30393
-48.0327 0.3031

-48.0327 0.303099
-47.9766 0.302275

-47.9766 0.302275
-47.9204 0.301459

-47.9204 0.301458
-47.8643 0.300653

-47.8643 0.300653
-47.8081 0.299862

-47.8081 0.299861
-47.752 0.299089

-47.752 0.299088
-47.6958 0.298336

-47.6958 0.298335
-47.6396 0.297608

-47.6396 0.297607
-47.5835 0.296908

-47.5835 0.296907
-47.5273 0.296237

-47.5273 0.296237
-47.4712 0.295599

-47.4712 0.295599
-47.415 0.294992

-47.415 0.294992
-47.3589 0.294417

-47.3589 0.294417
-47.3027 0.293875

-47.3027 0.293875
-47.2466 0.293365

-47.2466 0.293365
-47.1904 0.292887

-47.1904 0.292887
-47.1343 0.292441

-47.1343 0.292441
-47.0781 0.292026

-47.0781 0.292026
-47.022 0.291643

-47.022 0.291642
-46.9658 0.291289

-46.9658 0.291289
-46.9097 0.290968

-46.9097 0.290967
-46.8535 0.290677

-46.8535 0.290677
-46.7974 0.29042

-46.7974 0.29042
-46.7412 0.290198

-46.7412 0.290197
-46.6851 0.290011

-46.6851 0.29001
-46.6289 0.289861

-46.6289 0.28986
-46.5728 0.28975

-46.5728 0.28975
-46.5166 0.289681

-46.5166 0.289681
-46.4604 0.289656

-46.4604 0.289655
-46.4043 0.289675

-46.4043 0.289675
-46.3481 0.289741

-46.3481 0.289741
-46.292 0.289854

-46.292 0.289854
-46.2358 0.290012

-46.2358 0.290013
-46.1797 0.290214

-46.1797 0.290216
-46.1235 0.290454

-46.1235 0.290456
-46.0674 0.290725

-46.0674 0.290727
-46.0112 0.291017

-46.0112 0.29102
-45.9551 0.291319

-45.9551 0.291322
-45.8989 0.29162

-45.8989 0.291623
-45.8428 0.291906

-45.8428 0.291909
-45.7866 0.292167

-45.7866 0.29217
-45.7305 0.292392

-45.7305 0.292394
-45.6743 0.292571

-45.6743 0.292573
-45.6182 0.292697

-45.6182 0.292698
-45.562 0.292764

-45.562 0.292764
-45.5059 0.292767

-45.5059 0.292767
-45.4497 0.292706

-45.4497 0.292705
-45.3936 0.292582

-45.3936 0.292581
-45.3374 0.292399

-45.3374 0.292397
-45.2812 0.292162

-45.2812 0.292161
-45.2251 0.291881

-45.2251 0.291879
-45.1689 0.291562

-45.1689 0.29156
-45.1128 0.291216

-45.1128 0.291213
-45.0566 0.290852

-45.0566 0.290849
-45.0005 0.290481

-45.0005 0.290478
-44.9443 0.290114

-44.9443 0.290111
-44.8882 0.289763

-44.8882 0.28976
-44.832 0.289437

-44.832 0.289435
-44.7759 0.289146

-44.7759 0.289145
-44.7197 0.288897

-44.7197 0.288896
-44.6636 0.288693

-44.6636 0.288693
-44.6074 0.288539

-44.6074 0.288539
-44.5513 0.288437

-44.5513 0.288436
-44.4951 0.288388

-44.4951 0.288387
-44.439 0.288395

-44.439 0.288393
-44.3828 0.288462

-44.3828 0.28846
-44.3267 0.288595

-44.3267 0.288593
-44.2705 0.288804

-44.2705 0.288801
-44.2144 0.289098

-44.2144 0.289095
-44.1582 0.289492

-44.1582 0.289488
-44.1021 0.289998

-44.1021 0.289994
-44.0459 0.29063

-44.0459 0.290628
-43.9897 0.291402

-43.9897 0.291401
-43.9336 0.292322

-43.9336 0.292322
-43.8774 0.293394

-43.8774 0.293396
-43.8213 0.294614

-43.8213 0.294618
-43.7651 0.295971

-43.7651 0.295976
-43.709 0.297445

-43.709 0.297451
-43.6528 0.299011

-43.6528 0.299018
-43.5967 0.300642

-43.5967 0.30065
-43.5405 0.302308

-43.5405 0.302314
-43.4844 0.303978

-43.4844 0.30398
-43.4282 0.305636

-43.4282 0.305641
-43.3721 0.307274

-43.3721 0.307259
-43.3159 0.308887

-43.3159 0.308911
-43.2598 0.31052

-43.2598 0.310533
-43.2036 0.31205

-43.2036 0.312049
-43.1475 0.313449

-43.1475 0.31345
-43.0913 0.314731

-43.0913 0.314734
-43.0352 0.315887

-43.0352 0.31589
-42.979 0.316904

-42.979 0.316906
-42.9229 0.317773

-42.9229 0.317771
-42.8667 0.31849

-42.8667 0.318486
-42.8105 0.319069

-42.8105 0.319062
-42.7544 0.319533

-42.7544 0.319525
-42.6982 0.319916

-42.6982 0.319908
-42.6421 0.320249

-42.6421 0.320246
-42.5859 0.320558

-42.5859 0.320559
-42.5298 0.320847

-42.5298 0.320853
-42.4736 0.321101

-42.4736 0.321111
-42.4175 0.321288

-42.4175 0.3213
-42.3613 0.321364

-42.3613 0.321375
-42.3052 0.321282

-42.3052 0.321291
-42.249 0.321001

-42.249 0.321007
-42.1929 0.320487

-42.1929 0.32049
-42.1367 0.319721

-42.1367 0.31972
-42.0806 0.318699

-42.0806 0.318693
-42.0244 0.317437

-42.0244 0.317425
-41.9683 0.31597

-41.9683 0.315953
-41.9121 0.314358

-41.9121 0.314336
-41.856 0.312677

-41.856 0.312654
-41.7998 0.311023

-41.7998 0.310997
-41.7437 0.309495

-41.7437 0.309509
-41.6875 0.30816

-41.6875 0.308157
-41.6313 0.306938

-41.6313 0.306936
-41.5752 0.30586

-41.5752 0.305871
-41.519 0.30492

-41.519 0.30494
-41.4629 0.304052

-41.4629 0.304078
-41.4067 0.303161

-41.4067 0.303189
-41.3506 0.302135

-41.3506 0.302159
-41.2944 0.300865

-41.2944 0.300877
-41.2383 0.299269

-41.2383 0.299269
-41.1821 0.297324

-41.1821 0.297314
-41.126 0.295052

-41.126 0.295043
-41.0698 0.292503

-41.0698 0.292499
-41.0137 0.289708

-41.0137 0.289713
-40.9575 0.286666

-40.9575 0.286691
-40.9014 0.283327

-40.8452 0.27956
-40.8633 0.280762

-40.9014 0.283347
-40.8625 0.280762

-40.8452 0.279553
-40.7891 0.275515

-40.7891 0.275536
-40.7329 0.271235

-40.7329 0.271204
-40.6768 0.266662

-40.6768 0.266605
-40.6206 0.261999

-40.6206 0.261939
-40.5645 0.257505

-40.5645 0.257449
-40.5083 0.253416

-40.5083 0.253401
-40.4521 0.249909

-40.4521 0.249883
-40.396 0.247013

-40.396 0.247049
-40.3398 0.244783

-40.3398 0.244841
-40.2837 0.242992

-40.2837 0.243067
-40.2275 0.241367

-40.2275 0.241383
-40.1714 0.239652

-40.1714 0.239742
-40.1152 0.237769

-39.8906 0.21902
-39.9429 0.224609

-40.1152 0.238354
-40.0029 0.231225

-40.0029 0.231121
-39.9316 0.224609

-39.8906 0.219084
-39.8345 0.214007

-39.8345 0.21431
-39.7783 0.209774

-39.7783 0.209827
-39.7222 0.205123

-39.7222 0.205075
-39.666 0.200189

-39.666 0.200225
-39.6099 0.195178

-39.6099 0.195242
-39.5537 0.189835

-39.5537 0.189915
-39.4976 0.183857

-39.4976 0.183907
-39.4414 0.176937

-39.4414 0.176959
-39.3853 0.168934

-39.3291 0.160216
-39.3849 0.168457

-39.3853 0.168953
-39.3819 0.168457

-39.3291 0.160255
-39.2729 0.15249

-39.2729 0.152435
-39.2168 0.145256

-39.2168 0.145236
-39.1606 0.138794

-39.1606 0.138627
-39.1045 0.133295

-39.1045 0.133087
-39.0483 0.129614

-39.0483 0.129477
-38.9922 0.128552

-38.9922 0.128452
-38.936 0.130551

-38.936 0.130559
-38.8799 0.135866

-38.8799 0.135995
-38.8237 0.144236

-38.8237 0.144539
-38.7676 0.154851

-38.7676 0.154958
-38.7114 0.166519

-38.7114 0.166339
-38.701 0.168457

-38.7054 0.168457
-38.6553 0.17866

-38.6553 0.178488
-38.5991 0.188701

-38.5991 0.188738
-38.543 0.197744

-38.543 0.197763
-38.4868 0.205452

-38.4868 0.20524
-38.4307 0.211996

-38.4307 0.211639
-38.3745 0.2186

-38.3745 0.218071
-38.3371 0.224609

-38.3269 0.224609
-38.3184 0.226061

-38.3184 0.227322
-38.2622 0.24214

-38.2622 0.241614
-38.2061 0.262738

-38.2061 0.262708
-38.1687 0.280762

-38.1726 0.280762
-38.1499 0.291735

-38.1499 0.291606
-38.0938 0.321394

-38.0938 0.320895
-38.064 0.336914

-38.0661 0.336914
-38.0376 0.35224

-38.0376 0.352127
-37.9814 0.381761

-37.9814 0.382046
-37.9581 0.393066

-37.9599 0.393066
-37.9253 0.409431

-37.9253 0.408981
-37.8691 0.431098

-37.8691 0.430842
-37.8132 0.449219

-37.813 0.448537
-37.8103 0.449219

-37.8112 0.449219
-37.7568 0.465136

-37.7568 0.463496
-37.7007 0.47433

-37.7007 0.474493
-37.6445 0.482646

-37.6445 0.482437
-37.5884 0.487999

-37.5884 0.487896
-37.5322 0.49149

-37.5322 0.491366
-37.4761 0.493445

-37.4761 0.493275
-37.4199 0.494429

-37.4199 0.49432
-37.3638 0.495108

-37.3638 0.495045
-37.3076 0.495812

-37.3076 0.495801
-37.2515 0.496691

-37.2515 0.496658
-37.1953 0.497762

-37.1953 0.497714
-37.1392 0.499192

-37.1392 0.499179
-37.083 0.501154

-37.083 0.50123
-37.0269 0.503574

-37.0269 0.503692
-36.9851 0.505371

-36.9881 0.505371
-36.9707 0.506068

-36.9707 0.506152
-36.9146 0.507677

-36.9146 0.507739
-36.8584 0.508068

-36.8584 0.508077
-36.8022 0.507068

-36.7461 0.50475
-36.761 0.505371

-36.8022 0.50704
-36.7621 0.505371

-36.7461 0.504633
-36.6899 0.50117

-36.6899 0.500947
-36.6338 0.496969

-36.6338 0.49684
-36.5776 0.493049

-36.5776 0.492975
-36.5215 0.489778

-36.5215 0.489797
-36.4653 0.487304

-36.4653 0.487383
-36.4092 0.485399

-36.4092 0.485529
-36.353 0.483636

-36.353 0.483757
-36.2969 0.481455

-36.2969 0.481506
-36.2407 0.47845

-36.2407 0.478455
-36.1846 0.474534

-36.1846 0.474422
-36.1284 0.469852

-36.1284 0.469804
-36.0723 0.464906

-36.0723 0.464414
-35.96 0.456117

-35.96 0.456008
-35.8477 0.450294

-35.7915 0.448452
-35.8163 0.449219

-35.7915 0.44881
-35.7354 0.447699

-35.7354 0.447923
-35.6792 0.446476

-35.6792 0.446367
-35.623 0.444352

-35.623 0.444252
-35.5669 0.442087

-35.5669 0.441964
-35.5107 0.440095

-35.5107 0.439939
-35.4546 0.438927

-35.4546 0.438845
-35.3984 0.439164

-35.8477 0.45035
-35.8107 0.449219

-35.3984 0.43918
-35.3423 0.44096

-35.3423 0.441099
-35.2861 0.44403

-35.2861 0.444202
-35.23 0.447663

-35.23 0.447756
-35.2049 0.449219

-35.2076 0.449219
-35.1738 0.4512

-35.1738 0.450432
-35.0615 0.458596

-35.0615 0.457848
-35.0054 0.463318

-35.0054 0.463293
-34.9492 0.471696

-34.792 0
-34.7808 0.0208677

-34.7808 0.0174396
-34.7368 0

-34.9492 0.471362
-34.8931 0.483414

-34.8931 0.482952
-34.8369 0.500247

-34.8369 0.500097
-34.8231 0.505371

-34.8269 0.505371
-34.7808 0.523027

-34.7808 0.522887
-34.7246 0.546248

-34.7246 0.546485
-34.6889 0.561523

-34.692 0.561523
-34.6123 0.592994

-34.6123 0.592917
-34.5562 0.612532

-34.5562 0.612332
-34.5386 0.617676

-34.5399 0.617676
-34.5 0.62979

-34.5 37.9018
-35.202 39.5312

-36.2969 41.9905
-36.8121 43.125

-35.1986 39.5312
-35.9933 41.3281

-36.2969 41.9878
-35.9973 41.3281

-41.6875 53.231
-42.0181 53.9062

-43.4844 56.9459
-43.7511 57.5

-42.0136 53.9062
-42.8836 55.7031

-43.4844 56.9427
-42.8876 55.7031

-38.0938 45.8572
-38.5018 46.7188

-39.8906 49.5855
-40.2465 50.3125

-38.4976 46.7188
-39.3628 48.5156

-39.8906 49.5823
-39.3685 48.5156

-36.8099 43.125
-37.6463 44.9219

-38.0938 45.8526
-37.6529 44.9219

-40.2462 50.3125
-41.1324 52.1094

-41.6875 53.2257
-41.141 52.1094

-63.25 95.2186
-63.2583 95.2344

-63.25 95.2393
-64.2066 97.0312

-65.0469 98.5662
-65.1895 98.8281

-65.1952 98.8281
-66.1728 100.625

-65.0469 98.5663
-64.2109 97.0312

-70.4375 108.514
-71.0252 109.609

-71.0161 109.609
-71.9967 111.406

-72.2344 111.799
-73.0221 113.203

-73.0312 113.203
-74.0134 115

-72.2344 111.82
-72.0024 111.406

-66.8438 101.891
-67.1269 102.422

-67.116 102.422
-68.0845 104.219

-68.6406 105.203
-69.0877 106.016

-69.0875 106.016
-70.0684 107.812

-68.6406 105.207
-68.097 104.219

-66.8438 101.871
-66.1796 100.625

-70.4375 108.459
-70.0905 107.812

-48.875 68.0779
-48.9766 68.2812

-50.6719 71.561
-50.837 71.875

-48.9708 68.2812
-49.889 70.0781

-50.6719 71.5584
-49.8935 70.0781

-56.0625 81.7064
-56.5587 82.6562

-57.8594 85.1074
-58.4699 86.25

-56.5503 82.6562
-57.4987 84.4531

-57.8594 85.0977
-57.5149 84.4531

-52.4688 74.9282
-52.7556 75.4688

-54.2656 78.3023
-54.6719 79.0625

-52.7487 75.4688
-53.7043 77.2656

-54.2656 78.2942
-53.7159 77.2656

-50.8404 71.875
-51.7991 73.6719

-52.4688 74.9171
-51.808 73.6719

-54.6721 79.0625
-55.6224 80.8594

-56.0625 81.6841
-55.6317 80.8594

-45.2812 60.711
-45.463 61.0938

-47.0781 64.4585
-47.1896 64.6875

-45.4563 61.0938
-46.3137 62.8906

-47.0781 64.4569
-46.3157 62.8906

-43.7491 57.5
-44.6083 59.2969

-45.2812 60.7064
-44.612 59.2969

-47.1902 64.6875
-48.0784 66.4844

-48.875 68.0743
-48.0806 66.4844

-59.6562 88.5076
-60.3613 89.8438

-61.4531 91.8609
-62.3046 93.4375

-60.3591 89.8438
-61.3231 91.6406

-61.4531 91.8531
-61.3384 91.6406

-58.4697 86.25
-59.4199 88.0469

-59.6562 88.4709
-59.4325 88.0469

-63.25 95.2181
-62.3051 93.4375

-34.5 0.629478
-34.4438 0.6442

-34.4438 0.643915
-34.3877 0.657254

-34.3877 0.656926
-34.3315 0.67011

-34.3315 0.669957
-34.3162 0.673828

-34.3159 0.673828
-34.2754 0.683948

-34.2754 0.684183
-34.2192 0.699532

-34.2192 0.699249
-34.1631 0.716053

-34.1631 0.715978
-34.1212 0.72998

-34.1223 0.72998
-34.1069 0.735119

-34.1069 0.735068
-34.0508 0.755401

-34.0508 0.755337
-33.9946 0.776929

-33.9946 0.777092
-33.9712 0.786133

-33.9739 0.786133
-33.9385 0.799364

-33.9385 0.799247
-33.8823 0.819566

-33.8823 0.819702
-33.8262 0.838409

-33.8262 0.837874
-33.811 0.842285

-33.8145 0.842285
-33.77 0.855234

-33.77 0.854828
-33.7139 0.868639

-33.7139 0.868735
-33.6577 0.880149

-33.6577 0.880184
-33.6016 0.888939

-33.6016 0.888744
-33.5454 0.895159

-33.5454 0.894852
-33.5084 0.898438

-33.5007 0.898438
-33.4893 0.899791

-33.4893 0.899613
-33.377 0.912441

-33.377 0.912987
-33.3208 0.920361

-33.3208 0.920204
-33.2646 0.927762

-33.2646 0.927815
-33.2085 0.935766

-33.2085 0.935775
-33.1523 0.943992

-33.1523 0.943948
-33.0962 0.952503

-33.0962 0.952591
-33.0829 0.95459

-33.0844 0.95459
-33.04 0.96127

-33.04 0.961302
-32.9839 0.96894

-32.9839 0.969039
-32.9277 0.975501

-32.9277 0.975558
-32.8716 0.980535

-32.8716 0.980517
-32.8154 0.98393

-32.8154 0.983805
-32.7593 0.985942

-32.7593 0.98572
-32.7031 0.987278

-32.7031 0.98704
-32.647 0.988937

-32.647 0.988807
-32.5908 0.99178

-32.5908 0.991737
-32.5347 0.99613

-32.5347 0.996234
-32.4785 1.00192

-32.4785 1.00206
-32.4224 1.00857

-32.4224 1.0087
-32.4069 1.01074

-32.4043 1.01074
-32.3662 1.01552

-32.3662 1.01581
-32.3101 1.02442

-32.3101 1.02432
-32.2539 1.03425

-32.2539 1.03422
-32.1978 1.04572

-32.1978 1.04561
-32.1416 1.05898

-32.1416 1.05883
-32.1117 1.06689

-32.114 1.06689
-32.0854 1.07459

-32.0854 1.07454
-32.0293 1.0906

-32.0293 1.09066
-31.9731 1.10698

-31.9731 1.10703
-31.9177 1.12305

-31.9213 1.12305
-31.917 1.12426

-31.917 1.12381
-31.8608 1.13876

-31.8608 1.13869
-31.8047 1.1515

-31.8047 1.15157
-31.7485 1.16226

-31.7485 1.16239
-31.6924 1.17057

-31.6924 1.17058
-31.6362 1.17597

-31.6362 1.17587
-31.5801 1.17865

-31.5801 1.17854
-31.5239 1.17913

-31.5307 1.1792
-31.5239 1.17927

-31.5239 1.1789
-31.4678 1.17799

-31.4678 1.17777
-31.4116 1.17627

-31.4116 1.17602
-31.3555 1.17487

-31.3555 1.1747
-31.2993 1.17475

-31.2993 1.1746
-31.2432 1.17649

-31.2432 1.17652
-31.2048 1.1792

-31.2057 1.1792
-31.187 1.18051

-31.187 1.1806
-31.1309 1.18619

-31.1309 1.18637
-31.0747 1.19298

-31.0747 1.19317
-31.0186 1.20009

-31.0186 1.20015
-30.9624 1.20689

-30.9624 1.20686
-30.9062 1.21336

-30.9062 1.2133
-30.8501 1.21974

-30.8501 1.21969
-30.7939 1.2263

-30.7939 1.22626
-30.7378 1.23321

-30.7378 1.23325
-30.7218 1.23535

-30.7219 1.23535
-30.6816 1.24052

-30.6816 1.24062
-30.6255 1.24845

-30.6255 1.24841
-30.5693 1.25671

-30.5693 1.25673
-30.5132 1.26554

-30.5132 1.26557
-30.457 1.27481

-30.457 1.27484
-30.4009 1.2844

-30.4009 1.28445
-30.3594 1.2915

-30.3612 1.2915
-30.3447 1.29431

-30.3447 1.29434
-30.2886 1.30312

-30.2886 1.30333
-30.2324 1.31043

-30.2324 1.3104
-30.1763 1.31543

-30.1763 1.31523
-30.1201 1.31867

-30.1201 1.31846
-30.064 1.32112

-30.064 1.321
-30.0078 1.32357

-30.0078 1.32351
-29.9517 1.32632

-29.9517 1.32636
-29.8955 1.32944

-29.8955 1.32951
-29.8394 1.33263

-29.8394 1.33274
-29.7832 1.33556

-29.7832 1.33568
-29.7271 1.33777

-29.7271 1.3378
-29.6709 1.33885

-29.6709 1.33882
-29.6147 1.33882

-29.6147 1.33865
-29.5586 1.338

-29.5586 1.33774
-29.5024 1.3373

-29.5024 1.3371
-29.4463 1.33779

-29.4463 1.33766
-29.3901 1.34014

-29.3901 1.34023
-29.334 1.34456

-29.334 1.34465
-29.3039 1.34766

-29.3049 1.34766
-29.2217 1.35664

-29.2217 1.35713
-29.1655 1.36474

-29.1655 1.36469
-29.1094 1.37297

-29.1094 1.37295
-29.0532 1.38207

-29.0532 1.38205
-28.9971 1.39211

-28.9971 1.39203
-28.9409 1.40323

-28.9409 1.40327
-28.9384 1.40381

-28.9393 1.40381
-28.8848 1.41551

-28.8848 1.41553
-28.8286 1.42789

-28.8286 1.42796
-28.7725 1.44044

-28.7725 1.44036
-28.7163 1.45297

-28.7163 1.45287
-28.6851 1.45996

-28.6871 1.45996
-28.6602 1.46602

-28.6602 1.46587
-28.604 1.47855

-28.604 1.47853
-28.5479 1.49107

-28.5479 1.49103
-28.4917 1.50356

-28.4917 1.50355
-28.4358 1.51611

-28.4364 1.51611
-28.4355 1.51632

-28.4355 1.51631
-28.3794 1.52882

-28.3794 1.52873
-28.3232 1.54102

-28.3232 1.54097
-28.2671 1.55332

-28.2671 1.55323
-28.2109 1.56588

-28.2109 1.56583
-28.1831 1.57227

-28.1843 1.57227
-28.0986 1.59196

-28.0986 1.592
-28.0425 1.60498

-28.0425 1.60495
-27.9863 1.61801

-27.9863 1.61795
-27.9422 1.62842

-27.9422 1.62842
-27.9302 1.63127

-27.9302 1.63123
-27.874 1.64504

-27.874 1.6449
-27.8179 1.65955

-27.8179 1.65946
-27.7617 1.67539

-27.7617 1.67538
-27.7318 1.68457

-27.7318 1.68457
-27.6494 1.71079

-27.6494 1.71142
-27.5933 1.73116

-27.5933 1.73101
-27.5665 1.74072

-27.5672 1.74072
-27.5371 1.75164

-27.5371 1.75147
-27.481 1.77262

-27.481 1.77258
-27.4248 1.79468

-27.4248 1.79476
-27.4197 1.79688

-27.4194 1.79688
-27.3687 1.81778

-27.3687 1.81769
-27.3125 1.84201

-27.3125 6.92271
-27.3328 6.96289

-27.4248 7.137
-27.4516 7.1875

-27.3687 7.0318
-27.3915 7.0752

-27.3328 6.96289
-27.3619 7.01904

-27.3687 7.03177
-27.3619 7.01904

-27.3916 7.0752
-27.4216 7.13135

-27.4248 7.13718
-27.4217 7.13135

-27.7617 7.85671
-27.7635 7.86133

-27.7635 7.86133
-27.784 7.91748

-27.7841 7.91748
-27.8037 7.97363

-27.8179 8.01665
-27.8222 8.02979

-27.8223 8.02979
-27.8403 8.08594

-27.8179 8.01659
-27.8036 7.97363

-27.5371 7.35224
-27.5671 7.41211

-27.6494 7.58795
-27.6715 7.63672

-27.5933 7.46724
-27.5938 7.46826

-27.5939 7.46826
-27.6204 7.52441

-27.5933 7.46697
-27.5668 7.41211

-27.6203 7.52441
-27.6462 7.58057

-27.6494 7.58777
-27.6462 7.58057

-27.481 7.24301
-27.4813 7.24365

-27.4815 7.24365
-27.5106 7.2998

-27.481 7.24283
-27.4517 7.1875

-27.5371 7.35208
-27.5106 7.2998

-27.7056 7.71595
-27.7194 7.74902

-27.6714 7.63672
-27.6958 7.69287

-27.7056 7.71589
-27.6959 7.69287

-27.7194 7.74902
-27.7419 7.80518

-27.7617 7.85659
-27.742 7.80518

-27.874 8.19642
-27.8746 8.19824

-27.8746 8.19824
-27.8911 8.25439

-27.8911 8.25439
-27.9072 8.31055

-27.8403 8.08594
-27.8577 8.14209

-27.874 8.19634
-27.8577 8.14209

-27.9302 8.39346
-27.9382 8.42285

-27.9072 8.31055
-27.9228 8.3667

-27.9302 8.39344
-27.9229 8.3667

-27.9382 8.42285
-27.9532 8.479

-27.9532 8.479
-27.9678 8.53516

-27.9863 8.60837
-27.9962 8.64746

-27.9961 8.64746
-28.0099 8.70361

-28.0099 8.70361
-28.0233 8.75977

-28.0425 8.84225
-28.0493 8.87207

-28.0233 8.75977
-28.0365 8.81592

-28.0425 8.84225
-28.0365 8.81592

-28.0493 8.87207
-28.0617 8.92822

-28.0617 8.92822
-28.0736 8.98438

-27.9678 8.53516
-27.9821 8.59131

-27.9863 8.60819
-27.9821 8.59131

-28.2109 10.1054
-28.2111 10.1074

-28.2112 10.1074
-28.222 10.2197

-28.222 10.2197
-28.2274 10.2759

-28.2274 10.2759
-28.2326 10.332

-28.2326 10.332
-28.2377 10.3882

-28.2377 10.3882
-28.2425 10.4443

-28.2426 10.4443
-28.2472 10.5005

-28.2472 10.5005
-28.2516 10.5566

-28.2516 10.5566
-28.2558 10.6128

-28.2558 10.6128
-28.2596 10.6689

-28.2596 10.6689
-28.2632 10.7251

-28.2632 10.7251
-28.2666 10.7812

-28.0986 9.11334
-28.1149 9.20898

-28.0736 8.98438
-28.0849 9.04053

-28.0849 9.04053
-28.0955 9.09668

-28.0986 9.11403
-28.0956 9.09668

-28.1147 9.20898
-28.1232 9.26514

-28.1232 9.26514
-28.131 9.32129

-28.1309 9.32129
-28.138 9.37744

-28.1381 9.37744
-28.1447 9.43359

-28.1548 9.52752
-28.1567 9.5459

-28.1446 9.43359
-28.1508 9.48975

-28.1548 9.52746
-28.1508 9.48975

-28.1567 9.5459
-28.1623 9.60205

-28.1623 9.60205
-28.1679 9.6582

-28.1679 9.6582
-28.1733 9.71436

-28.1733 9.71436
-28.1787 9.77051

-28.1787 9.77051
-28.1841 9.82666

-28.1841 9.82666
-28.1895 9.88281

-28.1895 9.88281
-28.1949 9.93896

-28.1949 9.93896
-28.2003 9.99512

-28.2003 9.99512
-28.2057 10.0513

-28.2109 10.1052
-28.2057 10.0513

-28.2671 10.7914
-28.2696 10.8374

-28.2696 10.8374
-28.2724 10.8936

-28.2671 10.7912
-28.2665 10.7812

-28.2724 10.8936
-28.275 10.9497

-28.275 10.9497
-28.2776 11.0059

-28.2775 11.0059
-28.2801 11.062

-28.28 11.062
-28.2826 11.1182

-28.2826 11.1182
-28.2853 11.1743

-28.2853 11.1743
-28.2883 11.2305

-28.2883 11.2305
-28.2917 11.2866

-28.2917 11.2866
-28.2954 11.3428

-28.2954 11.3428
-28.2996 11.3989

-28.2996 11.3989
-28.3041 11.4551

-28.3232 11.6603
-28.3251 11.6797

-28.3041 11.4551
-28.309 11.5112

-28.309 11.5112
-28.3142 11.5674

-28.3142 11.5674
-28.3196 11.6235

-28.3232 11.6605
-28.3196 11.6235

-28.3252 11.6797
-28.3366 11.792

-28.3366 11.792
-28.3425 11.8481

-28.3425 11.8481
-28.3484 11.9043

-28.3484 11.9043
-28.3543 11.9604

-28.3543 11.9604
-28.3603 12.0166

-28.3603 12.0166
-28.3662 12.0728

-28.3662 12.0728
-28.3721 12.1289

-28.3794 12.1986
-28.3838 12.2412

-28.3721 12.1289
-28.378 12.1851

-28.3794 12.1985
-28.378 12.1851

-28.3838 12.2412
-28.3896 12.2974

-28.3896 12.2974
-28.3954 12.3535

-28.3954 12.3535
-28.4013 12.4097

-28.4013 12.4097
-28.4072 12.4658

-28.4071 12.4658
-28.4131 12.522

-28.4131 12.522
-28.4192 12.5781

-28.4355 12.7199
-28.4457 12.8027

-28.4457 12.8027
-28.4529 12.8589

-28.4529 12.8589
-28.4604 12.915

-28.4604 12.915
-28.4681 12.9712

-28.4681 12.9712
-28.476 13.0273

-28.4192 12.5781
-28.4255 12.6343

-28.4255 12.6343
-28.432 12.6904

-28.4355 12.7198
-28.432 12.6904

-28.4917 13.1356
-28.4923 13.1396

-28.476 13.0273
-28.4841 13.0835

-28.4917 13.1356
-28.4841 13.0835

-28.4923 13.1396
-28.5006 13.1958

-28.5006 13.1958
-28.5091 13.252

-28.5091 13.252
-28.5175 13.3081

-28.5176 13.3081
-28.526 13.3643

-28.526 13.3643
-28.5345 13.4204

-28.5345 13.4204
-28.543 13.4766

-28.6602 14.254
-28.6615 14.2627

-28.6615 14.2627
-28.6791 14.375

-28.5479 13.5085
-28.5599 13.5889

-28.5599 13.5889
-28.5683 13.645

-28.5683 13.645
-28.5767 13.7012

-28.5479 13.5086
-28.543 13.4766

-28.5767 13.7012
-28.585 13.7573

-28.585 13.7573
-28.5934 13.8135

-28.604 13.8844
-28.6102 13.9258

-28.5934 13.8135
-28.6018 13.8696

-28.604 13.8844
-28.6018 13.8696

-28.6102 13.9258
-28.6186 13.9819

-28.6186 13.9819
-28.6271 14.0381

-28.6271 14.0381
-28.6356 14.0942

-28.6356 14.0942
-28.6442 14.1504

-28.6442 14.1504
-28.6528 14.2065

-28.6602 14.2541
-28.6528 14.2065

-27.3125 1.84201
-27.2882 1.85303

-27.2887 1.85303
-27.2563 1.86771

-27.2563 1.86769
-27.2002 1.89377

-27.2002 1.89367
-27.1673 1.90918

-27.1679 1.90918
-27.144 1.92046

-27.144 1.92036
-27.0879 1.94715

-27.0879 1.94713
-27.0499 1.96533

-27.0501 1.96533
-27.0317 1.97411

-27.0317 1.97403
-26.9756 2.00111

-26.9756 2.00101
-26.9338 2.02148

-26.9339 2.02148
-26.8633 2.05646

-26.8633 2.05662
-26.822 2.07764

-26.8223 2.07764
-26.8071 2.08534

-26.8071 2.08537
-26.751 2.1141

-26.751 2.11411
-26.7125 2.13379

-26.7122 2.13379
-26.6948 2.14265

-26.6948 2.14273
-26.6387 2.17159

-26.6387 2.1714
-26.6034 2.18994

-26.6033 2.18994
-26.5825 2.20084

-26.5825 2.20071
-26.5264 2.23164

-26.5264 2.23144
-26.5019 2.24609

-26.5012 2.24609
-26.4702 2.26459

-26.4702 2.26477
-26.4141 2.30188

-26.4138 2.30225
-26.3579 2.34234

-26.3579 2.34262
-26.3375 2.3584

-26.3372 2.3584
-26.3018 2.38469

-26.3018 2.38598
-26.2668 2.41455

-26.2667 2.41455
-26.2456 2.43177

-26.2456 2.43179
-26.1997 2.4707

-26.1997 2.4707
-26.1895 2.47919

-26.1895 2.47961
-26.135 2.52686

-26.1358 2.52686
-26.1333 2.52902

-26.1333 2.52897
-26.0771 2.57708

-26.0771 2.57667
-26.0696 2.58301

-26.0695 2.58301
-26.021 2.62382

-26.021 2.62381
-26.0027 2.63916

-26.0028 2.63916
-25.9648 2.67107

-25.9648 2.67097
-25.9359 2.69531

-25.936 2.69531
-25.9087 2.71823

-25.9087 2.71822
-25.8692 2.75146

-25.8691 2.75146
-25.8525 2.76544

-25.8525 2.76544
-25.8025 2.80762

-25.8025 2.80762
-25.7964 2.81278

-25.7964 2.81272
-25.7402 2.86031

-25.7402 2.86049
-25.7364 2.86377

-25.7361 2.86377
-25.6841 2.90837

-25.6841 2.90874
-25.6714 2.91992

-25.6705 2.91992
-25.6279 2.95745

-25.6279 2.9584
-25.609 2.97607

-25.6076 2.97607
-25.5718 3.00941

-25.5718 3.00979
-25.5494 3.03223

-25.5474 3.03223
-25.5156 3.06673

-25.5156 3.06596
-25.4939 3.08838

-25.4942 3.08838
-25.4595 3.12797

-25.4595 3.12661
-25.4437 3.14453

-25.4431 3.14453
-25.4033 3.19881

-25.4033 3.19716
-25.4006 3.20068

-25.4004 3.20068
-25.362 3.25684

-25.362 3.25684
-25.3472 3.28222

-25.3472 3.28209
-25.3291 3.31299

-25.3292 3.31299
-25.3016 3.36914

-25.3013 3.36914
-25.291 3.39698

-25.291 3.39565
-25.279 3.42529

-25.2792 3.42529
-25.2608 3.48145

-25.2609 3.48145
-25.2463 3.5376

-25.2464 3.5376
-25.2353 3.59375

-25.9648 5.14132
-25.9882 5.16602

-26.0771 5.26594
-26.0883 5.27832

-26.1333 5.32967
-26.1375 5.33447

-26.1374 5.33447
-26.1868 5.39062

-26.1333 5.32975
-26.0881 5.27832

-26.021 5.20301
-26.0383 5.22217

-26.0771 5.26583
-26.0384 5.22217

-26.021 5.20267
-25.9879 5.16602

-25.7402 4.91219
-25.7687 4.94141

-25.5156 4.6653
-25.5563 4.7168

-25.6279 4.79598
-25.6576 4.8291

-25.6841 4.85553
-25.7129 4.88525

-25.7402 4.9127
-25.7129 4.88525

-25.6841 4.85615
-25.6579 4.8291

-25.5718 4.7334
-25.6063 4.77295

-25.6279 4.79637
-25.6063 4.77295

-25.5718 4.73402
-25.5567 4.7168

-25.8525 5.02405
-25.8818 5.05371

-25.9087 5.08224
-25.9352 5.10986

-25.9648 5.14126
-25.9356 5.10986

-25.9087 5.08198
-25.8815 5.05371

-25.7964 4.96852
-25.8255 4.99756

-25.8525 5.02431
-25.8258 4.99756

-25.7964 4.96865
-25.7691 4.94141

-26.8633 6.14784
-26.8845 6.17676

-26.9194 6.22955
-26.9217 6.23291

-26.9219 6.23291
-26.9591 6.28906

-26.9194 6.22924
-26.8838 6.17676

-26.5825 5.81972
-26.602 5.83984

-26.5264 5.76159
-26.5475 5.78369

-26.5825 5.81968
-26.5477 5.78369

-26.4702 5.70255
-26.4938 5.72754

-26.4141 5.64253
-26.4408 5.67139

-26.4702 5.70249
-26.4409 5.67139

-26.5264 5.7616
-26.4938 5.72754

-26.751 5.99984
-26.7583 6.0083

-26.7582 6.0083
-26.8034 6.06445

-26.6948 5.93675
-26.7091 5.95215

-26.6387 5.87772
-26.6563 5.896

-26.6948 5.93666
-26.657 5.896

-26.751 6.0003
-26.7091 5.95215

-26.8071 6.07008
-26.8447 6.12061

-26.8633 6.14731
-26.8445 6.12061

-26.8071 6.06937
-26.8035 6.06445

-26.6387 5.8778
-26.6021 5.83984

-27.0879 6.49457
-27.0994 6.51367

-27.2002 6.69861
-27.221 6.73828

-27.144 6.59286
-27.1623 6.62598

-27.0992 6.51367
-27.1313 6.56982

-27.144 6.59283
-27.1314 6.56982

-27.1622 6.62598
-27.1919 6.68213

-27.2002 6.69826
-27.1919 6.68213

-26.9756 6.31425
-26.9958 6.34521

-26.9959 6.34521
-27.0315 6.40137

-27.0317 6.40181
-27.0659 6.45752

-27.0879 6.49446
-27.066 6.45752

-27.0317 6.40156
-27.0316 6.40137

-26.9756 6.31432
-26.9591 6.28906

-27.2563 6.80965
-27.2767 6.85059

-27.2206 6.73828
-27.2488 6.79443

-27.2563 6.80964
-27.2488 6.79443

-27.2766 6.85059
-27.3045 6.90674

-27.3125 6.92281
-27.3044 6.90674

-26.3579 5.58143
-26.3888 5.61523

-26.3018 5.5196
-26.3375 5.55908

-26.3579 5.58135
-26.3375 5.55908

-26.2456 5.45693
-26.2868 5.50293

-26.1895 5.39371
-26.2365 5.44678

-26.2456 5.45684
-26.2366 5.44678

-26.3018 5.51951
-26.2868 5.50293

-26.4141 5.64247
-26.3888 5.61523

-26.1895 5.39361
-26.1868 5.39062

-25.2356 3.59375
-25.2349 3.59858

-25.2349 3.59822
-25.2273 3.6499

-25.2273 3.6499
-25.2216 3.70605

-25.2218 3.70605
-25.2182 3.76221

-25.2182 3.76221
-25.2164 3.81836

-25.2163 3.81836
-25.2164 3.87451

-25.2165 3.87451
-25.2185 3.93066

-25.2182 3.93066
-25.2225 3.98682

-25.2226 3.98682
-25.2298 4.04297

-25.291 4.27255
-25.3107 4.32373

-25.3105 4.32373
-25.3347 4.37988

-25.3472 4.40525
-25.3622 4.43604

-25.3618 4.43604
-25.393 4.49219

-25.3472 4.40584
-25.3345 4.37988

-25.2349 4.07174
-25.2398 4.09912

-25.2399 4.09912
-25.2534 4.15527

-25.2349 4.07121
-25.2297 4.04297

-25.2536 4.15527
-25.27 4.21143

-25.2699 4.21143
-25.2889 4.26758

-25.291 4.27279
-25.289 4.26758

-25.4595 4.59279
-25.4677 4.60449

-25.4033 4.50825
-25.4285 4.54834

-25.4595 4.5929
-25.4283 4.54834

-25.4678 4.60449
-25.5109 4.66064

-25.5156 4.66621
-25.5111 4.66064

-25.4033 4.5085
-25.3931 4.49219

-28.6792 14.375
-28.6881 14.4312

-28.6881 14.4312
-28.6972 14.4873

-28.6972 14.4873
-28.7063 14.5435

-28.7063 14.5435
-28.7153 14.5996

-28.7163 14.6055
-28.7243 14.6558

-28.7243 14.6558
-28.7331 14.7119

-28.7163 14.6055
-28.7154 14.5996

-28.7332 14.7119
-28.7417 14.7681

-28.7417 14.7681
-28.75 14.8242

-28.7725 14.9923
-28.7796 15.0488

-28.75 14.8242
-28.7579 14.8804

-28.7579 14.8804
-28.7654 14.9365

-28.7725 14.9916
-28.7654 14.9365

-28.7795 15.0488
-28.7861 15.105

-28.7861 15.105
-28.7926 15.1611

-28.7926 15.1611
-28.7988 15.2173

-28.7989 15.2173
-28.805 15.2734

-28.805 15.2734
-28.8111 15.3296

-28.8111 15.3296
-28.8171 15.3857

-28.8286 15.4961
-28.8288 15.498

-28.8171 15.3857
-28.823 15.4419

-28.8286 15.4961
-28.823 15.4419

-28.8288 15.498
-28.8346 15.5542

-28.8346 15.5542
-28.8403 15.6104

-28.8403 15.6104
-28.846 15.6665

-28.846 15.6665
-28.8517 15.7227

-28.8848 16.0715
-28.8931 16.1719

-28.8517 15.7227
-28.8573 15.7788

-28.8573 15.7788
-28.8628 15.835

-28.8628 15.835
-28.8682 15.8911

-28.8682 15.8911
-28.8735 15.9473

-28.8735 15.9473
-28.8787 16.0034

-28.8787 16.0034
-28.8837 16.0596

-28.8848 16.0724
-28.8837 16.0596

-28.8931 16.1719
-28.8974 16.228

-28.8974 16.228
-28.9014 16.2842

-28.9014 16.2842
-28.905 16.3403

-28.905 16.3403
-28.9082 16.3965

-28.9082 16.3965
-28.9109 16.4526

-28.9109 16.4526
-28.9132 16.5088

-28.9132 16.5088
-28.9151 16.5649

-28.9151 16.5649
-28.9166 16.6211

-28.9166 16.6211
-28.9178 16.6772

-28.9178 16.6772
-28.9188 16.7334

-28.9188 16.7334
-28.9196 16.7896

-28.9197 16.7896
-28.9205 16.8457

-28.9205 16.8457
-28.9214 16.9019

-28.9214 16.9019
-28.9223 16.958

-28.9223 16.958
-28.9233 17.0142

-28.9233 17.0142
-28.9244 17.0703

-28.9244 17.0703
-28.9255 17.1265

-28.9255 17.1265
-28.9266 17.1826

-28.9267 17.1826
-28.9278 17.2388

-28.9278 17.2388
-28.929 17.2949

-28.9291 17.2949
-28.9303 17.3511

-28.9303 17.3511
-28.9315 17.4072

-28.9315 17.4072
-28.9326 17.4634

-28.9326 17.4634
-28.9337 17.5195

-28.9338 17.5195
-28.9348 17.5757

-28.9348 17.5757
-28.9357 17.6318

-28.9357 17.6318
-28.9366 17.688

-28.9366 17.688
-28.9374 17.7441

-28.9374 17.7441
-28.938 17.8003

-28.938 17.8003
-28.9386 17.8564

-28.9386 17.8564
-28.9391 17.9126

-28.9391 17.9126
-28.9395 17.9688

-28.9395 17.9688
-28.9398 18.0249

-28.9398 18.0249
-28.9401 18.0811

-28.9401 18.0811
-28.9404 18.1372

-28.9404 18.1372
-28.9407 18.1934

-28.9409 18.2336
-28.941 18.2495

-28.941 18.2495
-28.9415 18.3057

-28.9409 18.2355
-28.9406 18.1934

-28.9415 18.3057
-28.9421 18.3618

-28.9421 18.3618
-28.943 18.418

-28.943 18.418
-28.944 18.4741

-28.944 18.4741
-28.9453 18.5303

-28.9453 18.5303
-28.9468 18.5864

-28.9468 18.5864
-28.9484 18.6426

-28.9484 18.6426
-28.9501 18.6987

-28.9501 18.6987
-28.9519 18.7549

-28.9519 18.7549
-28.9538 18.811

-28.9538 18.811
-28.9556 18.8672

-28.9556 18.8672
-28.9574 18.9233

-28.9574 18.9233
-28.9592 18.9795

-28.9592 18.9795
-28.961 19.0356

-28.961 19.0356
-28.9627 19.0918

-28.9627 19.0918
-28.9644 19.1479

-28.9644 19.1479
-28.966 19.2041

-28.966 19.2041
-28.9676 19.2603

-28.9676 19.2603
-28.9691 19.3164

-28.9691 19.3164
-28.9706 19.3726

-28.9706 19.3726
-28.972 19.4287

-28.972 19.4287
-28.9733 19.4849

-28.9733 19.4849
-28.9746 19.541

-28.9746 19.541
-28.9759 19.5972

-28.9759 19.5972
-28.9772 19.6533

-28.9772 19.6533
-28.9784 19.7095

-28.9784 19.7095
-28.9797 19.7656

-28.9797 19.7656
-28.981 19.8218

-28.981 19.8218
-28.9824 19.8779

-28.9823 19.8779
-28.9837 19.9341

-28.9837 19.9341
-28.9852 19.9902

-28.9852 19.9902
-28.9867 20.0464

-28.9867 20.0464
-28.9883 20.1025

-28.9883 20.1025
-28.99 20.1587

-28.99 20.1587
-28.9919 20.2148

-28.9971 20.3494
-29.0011 20.4395

-28.9919 20.2148
-28.9939 20.271

-28.9939 20.271
-28.9961 20.3271

-28.9971 20.3492
-28.9961 20.3271

-29.0011 20.4395
-29.007 20.5518

-29.007 20.5518
-29.0103 20.6079

-29.0103 20.6079
-29.0138 20.6641

-29.0138 20.6641
-29.0177 20.7202

-29.0177 20.7202
-29.0218 20.7764

-29.0218 20.7764
-29.0262 20.8325

-29.0262 20.8325
-29.0309 20.8887

-29.0309 20.8887
-29.0358 20.9448

-29.0358 20.9448
-29.0411 21.001

-29.0411 21.001
-29.0465 21.0571

-29.0465 21.0571
-29.0521 21.1133

-29.0532 21.1238
-29.0579 21.1694

-29.0579 21.1694
-29.0638 21.2256

-29.0532 21.124
-29.0521 21.1133

-29.0637 21.2256
-29.0697 21.2817

-29.0697 21.2817
-29.0758 21.3379

-29.0758 21.3379
-29.082 21.394

-29.082 21.394
-29.0884 21.4502

-29.0884 21.4502
-29.0949 21.5063

-29.0949 21.5063
-29.1017 21.5625

-30.9062 28.428
-30.9198 28.4692

-30.9198 28.4692
-30.9382 28.5254

-30.9624 28.599
-30.9752 28.6377

-30.9382 28.5254
-30.9567 28.5815

-30.9624 28.599
-30.9567 28.5815

-30.9752 28.6377
-30.9937 28.6938

-30.9937 28.6938
-31.0123 28.75

-29.1094 21.6223
-29.1162 21.6748

-29.1163 21.6748
-29.1242 21.731

-29.1242 21.731
-29.1326 21.7871

-29.1326 21.7871
-29.1414 21.8433

-29.1413 21.8433
-29.1505 21.8994

-29.1655 21.9858
-29.1701 22.0117

-29.1506 21.8994
-29.1602 21.9556

-29.1655 21.9858
-29.1602 21.9556

-29.1701 22.0117
-29.1804 22.0679

-29.1804 22.0679
-29.1909 22.124

-29.1909 22.124
-29.2017 22.1802

-29.2017 22.1802
-29.2127 22.2363

-29.2217 22.2816
-29.235 22.3486

-29.2351 22.3486
-29.2465 22.4048

-29.2465 22.4048
-29.258 22.4609

-29.2217 22.2818
-29.2127 22.2363

-29.334 22.8205
-29.3532 22.9102

-29.2778 22.5559
-29.2815 22.5732

-29.258 22.4609
-29.2697 22.5171

-29.2778 22.556
-29.2697 22.5171

-29.2815 22.5732
-29.2933 22.6294

-29.2933 22.6294
-29.3052 22.6855

-29.3052 22.6855
-29.3171 22.7417

-29.3171 22.7417
-29.3291 22.7979

-29.334 22.8205
-29.3291 22.7979

-29.3532 22.9102
-29.3652 22.9663

-29.3652 22.9663
-29.3773 23.0225

-29.3901 23.082
-29.4016 23.1348

-29.3773 23.0225
-29.3894 23.0786

-29.3901 23.082
-29.3894 23.0786

-29.4463 23.3343
-29.452 23.3594

-29.4016 23.1348
-29.4139 23.1909

-29.4139 23.1909
-29.4264 23.2471

-29.4264 23.2471
-29.4391 23.3032

-29.4463 23.3345
-29.4391 23.3032

-29.5586 23.7882
-29.5637 23.8086

-29.5637 23.8086
-29.5774 23.8647

-29.5774 23.8647
-29.591 23.9209

-29.6147 24.0213
-29.6176 24.0332

-29.5909 23.9209
-29.6043 23.9771

-29.6147 24.0213
-29.6043 23.9771

-29.6175 24.0332
-29.6307 24.0894

-29.6307 24.0894
-29.644 24.1455

-29.644 24.1455
-29.6574 24.2017

-29.6573 24.2017
-29.6708 24.2578

-29.452 23.3594
-29.4653 23.4155

-29.4653 23.4155
-29.4789 23.4717

-29.5024 23.5661
-29.5069 23.584

-29.4789 23.4717
-29.4928 23.5278

-29.5024 23.5661
-29.4928 23.5278

-29.507 23.584
-29.5212 23.6401

-29.5212 23.6401
-29.5355 23.6963

-29.5355 23.6963
-29.5497 23.7524

-29.5586 23.7882
-29.5497 23.7524

-29.6709 24.2581
-29.6844 24.314

-29.6844 24.314
-29.6982 24.3701

-29.6982 24.3701
-29.712 24.4263

-29.712 24.4263
-29.726 24.4824

-29.6709 24.2581
-29.6708 24.2578

-29.7271 24.4867
-29.74 24.5386

-29.74 24.5386
-29.7542 24.5947

-29.7271 24.4867
-29.726 24.4824

-29.7542 24.5947
-29.7684 24.6509

-29.7684 24.6509
-29.7827 24.707

-29.7832 24.7088
-29.7972 24.7632

-29.7972 24.7632
-29.8118 24.8193

-29.8394 24.9243
-29.8413 24.9316

-29.8118 24.8193
-29.8265 24.8755

-29.8394 24.9243
-29.8265 24.8755

-29.8955 25.1345
-29.9014 25.1562

-29.8413 24.9316
-29.8561 24.9878

-29.8561 24.9878
-29.8711 25.0439

-29.8711 25.0439
-29.8862 25.1001

-29.8955 25.1346
-29.8862 25.1001

-29.7832 24.7088
-29.7827 24.707

-29.1017 21.5625
-29.1088 21.6187

-29.1094 21.6229
-29.1088 21.6187

-30.0078 25.5368
-30.0276 25.6055

-30.0276 25.6055
-30.0439 25.6616

-30.0439 25.6616
-30.0603 25.7178

-30.064 25.7302
-30.0768 25.7739

-30.0768 25.7739
-30.0933 25.8301

-30.064 25.7302
-30.0603 25.7178

-30.1201 25.9207
-30.1265 25.9424

-30.1265 25.9424
-30.1432 25.9985

-30.1432 25.9985
-30.16 26.0547

-30.0933 25.8301
-30.1099 25.8862

-30.1201 25.9208
-30.1099 25.8862

-30.2324 26.2954
-30.2445 26.3354

-30.2445 26.3354
-30.2615 26.3916

-30.2886 26.4809
-30.2956 26.5039

-30.2615 26.3916
-30.2785 26.4478

-30.2886 26.481
-30.2785 26.4478

-30.1763 26.109
-30.1768 26.1108

-30.1768 26.1108
-30.1937 26.167

-30.1763 26.109
-30.16 26.0547

-30.1937 26.167
-30.2106 26.2231

-30.2106 26.2231
-30.2276 26.2793

-30.2324 26.2954
-30.2276 26.2793

-30.3447 26.6641
-30.3646 26.7285

-30.2955 26.5039
-30.3127 26.5601

-30.3127 26.5601
-30.3299 26.6162

-30.3447 26.6642
-30.3299 26.6162

-30.3647 26.7285
-30.3822 26.7847

-30.3822 26.7847
-30.3997 26.8408

-30.4009 26.8445
-30.4173 26.897

-30.4173 26.897
-30.4349 26.9531

-30.4009 26.8445
-30.3997 26.8408

-29.9013 25.1562
-29.9166 25.2124

-29.9166 25.2124
-29.9321 25.2686

-29.9517 25.339
-29.9634 25.3809

-29.9321 25.2686
-29.9477 25.3247

-29.9517 25.339
-29.9477 25.3247

-29.9634 25.3809
-29.9793 25.437

-29.9793 25.437
-29.9953 25.4932

-30.0078 25.5368
-29.9953 25.4932

-30.457 27.0234
-30.4702 27.0654

-30.4702 27.0654
-30.4879 27.1216

-30.4879 27.1216
-30.5057 27.1777

-30.5693 27.3779
-30.5771 27.4023

-30.5132 27.2013
-30.5235 27.2339

-30.5235 27.2339
-30.5414 27.29

-30.5132 27.2013
-30.5057 27.1777

-30.5414 27.29
-30.5592 27.3462

-30.5693 27.3779
-30.5592 27.3462

-30.6816 27.7312
-30.6842 27.7393

-30.6842 27.7393
-30.7021 27.7954

-30.7021 27.7954
-30.72 27.8516

-30.5771 27.4023
-30.595 27.4585

-30.595 27.4585
-30.6128 27.5146

-30.6255 27.5545
-30.6307 27.5708

-30.6307 27.5708
-30.6485 27.627

-30.6255 27.5545
-30.6128 27.5146

-30.6485 27.627
-30.6663 27.6831

-30.6816 27.7312
-30.6663 27.6831

-30.4349 26.9531
-30.4526 27.0093

-30.457 27.0235
-30.4526 27.0093

-30.7378 27.9072
-30.738 27.9077

-30.738 27.9077
-30.756 27.9639

-30.7378 27.9072
-30.72 27.8516

-30.756 27.9639
-30.774 28.02

-30.774 28.02
-30.7921 28.0762

-30.7939 28.0819
-30.8102 28.1323

-30.8102 28.1323
-30.8284 28.1885

-30.8501 28.2555
-30.8648 28.3008

-30.8284 28.1885
-30.8466 28.2446

-30.8501 28.2555
-30.8466 28.2446

-30.7939 28.0819
-30.7921 28.0762

-30.8648 28.3008
-30.8831 28.3569

-30.8831 28.3569
-30.9014 28.4131

-30.9062 28.428
-30.9014 28.4131

-31.1309 29.1065
-31.1431 29.1431

-31.1431 29.1431
-31.162 29.1992

-31.0186 28.769
-31.0309 28.8062

-31.0309 28.8062
-31.0495 28.8623

-31.0747 28.9383
-31.0868 28.9746

-31.0495 28.8623
-31.0681 28.9185

-31.0747 28.9384
-31.0681 28.9185

-31.0186 28.7689
-31.0123 28.75

-31.0868 28.9746
-31.1055 29.0308

-31.1055 29.0308
-31.1243 29.0869

-31.1309 29.1065
-31.1243 29.0869

-31.187 29.2734
-31.1999 29.3115

-31.162 29.1992
-31.1809 29.2554

-31.187 29.2734
-31.1809 29.2554

-31.1999 29.3115
-31.2188 29.3677

-31.2188 29.3677
-31.2378 29.4238

-31.2432 29.4397
-31.2568 29.48

-31.2568 29.48
-31.2759 29.5361

-31.2993 29.6049
-31.3142 29.6484

-31.2759 29.5361
-31.295 29.5923

-31.2993 29.6049
-31.295 29.5923

-31.2432 29.4397
-31.2378 29.4238

-31.3555 29.7687
-31.372 29.8169

-31.372 29.8169
-31.3914 29.873

-31.4678 30.0944
-31.4689 30.0977

-31.4116 29.9318
-31.4301 29.9854

-31.3914 29.873
-31.4107 29.9292

-31.4116 29.9318
-31.4107 29.9292

-31.4301 29.9854
-31.4495 30.0415

-31.4678 30.0944
-31.4495 30.0415

-31.5801 30.4184
-31.5857 30.4346

-31.5857 30.4346
-31.6053 30.4907

-31.6053 30.4907
-31.6248 30.5469

-31.4689 30.0977
-31.4883 30.1538

-31.4883 30.1538
-31.5078 30.21

-31.5239 30.2566
-31.5272 30.2661

-31.5272 30.2661
-31.5467 30.3223

-31.5239 30.2566
-31.5078 30.21

-31.5467 30.3223
-31.5662 30.3784

-31.5801 30.4184
-31.5662 30.3784

-31.3142 29.6484
-31.3334 29.7046

-31.3334 29.7046
-31.3527 29.7607

-31.3555 29.7688
-31.3527 29.7607

-31.8047 31.0585
-31.8225 31.1084

-31.8608 31.2141
-31.8632 31.2207

-31.8226 31.1084
-31.8429 31.1646

-31.8608 31.2141
-31.8429 31.1646

-31.917 31.3679
-31.9452 31.4453

-31.8633 31.2207
-31.8837 31.2769

-31.8837 31.2769
-31.9042 31.333

-31.917 31.368
-31.9042 31.333

-32.2539 32.287
-32.2749 32.3438

-32.0293 31.6763
-32.0474 31.7261

-32.0474 31.7261
-32.0679 31.7822

-32.0854 31.8301
-32.0885 31.8384

-32.0885 31.8384
-32.109 31.8945

-32.0854 31.8302
-32.0679 31.7822

-31.9731 31.522
-31.9861 31.5576

-31.9452 31.4453
-31.9657 31.5015

-31.9731 31.522
-31.9657 31.5015

-31.9861 31.5576
-32.0065 31.6138

-32.0065 31.6138
-32.027 31.6699

-32.0293 31.6764
-32.027 31.6699

-32.1416 31.983
-32.1504 32.0068

-32.1503 32.0068
-32.1711 32.063

-32.1711 32.063
-32.1918 32.1191

-32.109 31.8945
-32.1297 31.9507

-32.1416 31.9831
-32.1297 31.9507

-32.1978 32.1353
-32.2125 32.1753

-32.2125 32.1753
-32.2333 32.2314

-32.1978 32.1353
-32.1918 32.1191

-32.2539 32.287
-32.2333 32.2314

-31.6924 30.7403
-31.7033 30.7715

-31.6362 30.5796
-31.6444 30.603

-31.6444 30.603
-31.664 30.6592

-31.6362 30.5796
-31.6248 30.5469

-31.664 30.6592
-31.6837 30.7153

-31.6924 30.7403
-31.6837 30.7153

-31.7033 30.7715
-31.723 30.8276

-31.723 30.8276
-31.7427 30.8838

-31.7485 30.9003
-31.7625 30.9399

-31.7625 30.9399
-31.7824 30.9961

-31.7485 30.9003
-31.7427 30.8838

-31.7824 30.9961
-31.8024 31.0522

-31.8047 31.0586
-31.8024 31.0522

-32.7031 33.4919
-32.7148 33.5229

-32.7148 33.5229
-32.7361 33.5791

-32.7593 33.6401
-32.7788 33.6914

-32.7361 33.5791
-32.7574 33.6353

-32.7593 33.6402
-32.7574 33.6353

-32.9277 34.0783
-32.952 34.1406

-32.8154 33.7871
-32.8218 33.8037

-32.8218 33.8037
-32.865 33.916

-32.7788 33.6914
-32.8003 33.7476

-32.8154 33.7871
-32.8003 33.7476

-32.9277 34.0776
-32.8649 33.916

-33.6016 35.7729
-33.6685 35.9375

-33.1523 34.6487
-33.3073 35.0391

-32.9521 34.1406
-33.1286 34.5898

-33.1523 34.6485
-33.1291 34.5898

-33.6016 35.7659
-33.3059 35.0391

-32.3101 32.4384
-32.3166 32.4561

-32.2749 32.3438
-32.2958 32.3999

-32.3101 32.4384
-32.2958 32.3999

-32.3166 32.4561
-32.3374 32.5122

-32.3374 32.5122
-32.3583 32.5684

-32.3662 32.5896
-32.3792 32.6245

-32.3792 32.6245
-32.4 32.6807

-32.4224 32.7409
-32.4417 32.793

-32.4 32.6807
-32.4209 32.7368

-32.4224 32.7409
-32.4209 32.7368

-32.3662 32.5897
-32.3583 32.5684

-32.4785 32.892
-32.4834 32.9053

-32.4834 32.9053
-32.5044 32.9614

-32.5044 32.9614
-32.5253 33.0176

-32.5908 33.1928
-32.6093 33.2422

-32.5347 33.0426
-32.5463 33.0737

-32.5463 33.0737
-32.5673 33.1299

-32.5347 33.0427
-32.5253 33.0176

-32.5673 33.1299
-32.5883 33.186

-32.5908 33.1929
-32.5883 33.186

-32.4417 32.793
-32.4626 32.8491

-32.4785 32.892
-32.4626 32.8491

-32.647 33.3427
-32.6514 33.3545

-32.6093 33.2422
-32.6303 33.2983

-32.647 33.3427
-32.6303 33.2983

-32.6514 33.3545
-32.6725 33.4106

-32.6725 33.4106
-32.6936 33.4668

-32.7031 33.492
-32.6936 33.4668

-33.6711 35.9375
-34.4243 37.7344

-34.5 37.8976
-34.4297 37.7344

-77.625 121.585
-77.9478 122.188

-81.2188 128.143
-81.839 129.375

-79.4219 124.966
-79.8853 125.781

-77.9182 122.188
-78.8576 123.984

-79.4219 125.004
-78.842 123.984

-79.9199 125.781
-80.9413 127.578

-81.2188 128.01
-81.0016 127.578

-84.8125 134.694
-84.8526 134.766

-84.8125 134.786
-85.6528 136.562

-90.2031 143.378
-90.4687 143.75

-88.4062 140.972
-89.0282 141.953

-90.2031 143.749
-88.8035 141.953

-86.6094 138.331
-86.6253 138.359

-86.6504 138.359
-87.8693 140.156

-85.5516 136.562
-86.5636 138.359

-86.6094 138.562
-86.4716 138.359

-88.4062 140.832
-87.9777 140.156

-83.0156 131.675
-83.7783 132.969

-81.7836 129.375
-82.6957 131.172

-83.0156 131.78
-82.657 131.172

-84.8125 134.684
-83.8588 132.969

-75.8281 118.393
-75.939 118.594

-74.0312 115.058
-74.9589 116.797

-75.8281 118.4
-74.9436 116.797

-75.9524 118.594
-76.9743 120.391

-77.625 121.536
-77.0116 120.391

-92 145.342
-90.4363 143.75

-90.2031 143.987
-90.0271 143.75

