14.4648 57.4323
14.3939 57.5

14.9141 57.0082
14.869 57.0508

14.4648 57.4314
14.8678 57.0508

15.3633 56.5875
15.3482 56.6016

15.3633 56.5867
15.8125 56.1665

14.9141 57.0078
15.3471 56.6016

22.5508 50.0961
22.3018 50.3125

23 49.7079
22.8205 49.8633

22.5508 50.0954
22.819 49.8633

18.5078 53.686
18.2659 53.9062

19.4062 52.8769
19.2613 53.0078

18.957 53.2807
18.762 53.457

18.5078 53.6854
18.7604 53.457

18.957 53.2794
19.2582 53.0078

16.7109 55.3296
16.3091 55.7031

17.6094 54.5039
17.2824 54.8047

17.1602 54.9158
16.7934 55.2539

16.7109 55.3302
16.7937 55.2539

17.1602 54.9159
17.2815 54.8047

16.2617 55.7471
15.8274 56.1523

15.8125 56.1682
15.8295 56.1523

16.2617 55.7476
16.3097 55.7031

18.0586 54.0943
17.7725 54.3555

17.6094 54.5045
17.7726 54.3555

18.0586 54.094
18.2652 53.9062

20.3047 52.0735
20.2646 52.1094

20.3047 52.0708
20.7539 51.6718

21.2031 51.2748
20.7671 51.6602

20.7539 51.6732
20.7687 51.6602

19.8555 52.4728
19.76 52.5586

19.4062 52.8742
19.7578 52.5586

19.8555 52.4713
20.2611 52.1094

21.6523 50.8796
21.2759 51.2109

22.1016 50.486
21.7865 50.7617

21.6523 50.8791
21.7865 50.7617

21.2031 51.2747
21.2756 51.2109

22.1016 50.4856
22.3006 50.3125

-5.75 78.8475
-5.93659 79.0625

-11.1406 85.2548
-11.9631 86.25

-9.34375 83.094
-10.477 84.4531

-11.1406 85.2617
-10.4724 84.4531

-7.54688 80.9573
-8.9792 82.6562

-5.92989 79.0625
-7.46544 80.8594

-7.54688 80.9626
-7.45982 80.8594

-9.34375 83.0962
-8.97694 82.6562

-20.125 96.4496
-20.5792 97.0312

-21.9219 98.7535
-21.9798 98.8281

-21.9647 98.8281
-23.351 100.625

-21.9219 98.7762
-20.5676 97.0312

-27.3125 105.832
-27.4507 106.016

-27.4332 106.016
-28.7836 107.812

-30.9062 110.645
-31.4706 111.406

-32.7031 113.069
-32.8021 113.203

-32.7821 113.203
-34.1011 115

-32.7031 113.097
-31.4585 111.406

-29.1094 108.242
-30.1319 109.609

-30.9062 110.664
-30.1248 109.609

-29.1094 108.25
-28.7822 107.812

-25.5156 103.457
-26.0922 104.219

-23.7188 101.104
-24.7261 102.422

-25.5156 103.474
-24.7192 102.422

-27.3125 105.857
-26.0798 104.219

-23.7188 101.11
-23.3478 100.625

-16.5312 91.9005
-17.7512 93.4375

-14.7344 89.6392
-14.9 89.8438

-12.9375 87.4338
-13.4394 88.0469

-14.7344 89.6558
-13.4317 88.0469

-14.8876 89.8438
-16.3261 91.6406

-16.5312 91.9045
-16.3218 91.6406

-18.3281 94.1656
-19.1701 95.2344

-20.125 96.4666
-19.1628 95.2344

-18.3281 94.175
-17.7472 93.4375

-12.9375 87.4459
-11.9583 86.25

0.539062 71.7461
0.422381 71.875

1.4375 70.7609
1.24052 70.9766

0.988281 71.2511
0.828962 71.4258

0.539062 71.7471
0.828079 71.4258

0.988281 71.2488
1.2365 70.9766

7.27734 64.5668
7.15986 64.6875

7.72656 64.1045
7.59663 64.2383

7.27734 64.5648
7.59515 64.2383

8.17578 63.6414
8.03152 63.7891

8.625 63.1842
8.47116 63.3398

8.17578 63.6396
8.46877 63.3398

7.72656 64.1024
8.03093 63.7891

4.13281 67.8494
3.72914 68.2812

4.58203 67.3686
4.56846 67.3828

5.03125 66.901
4.99988 66.9336

4.58203 67.3687
4.9981 66.9336

4.56871 67.3828
4.14661 67.832

4.13281 67.8507
4.15025 67.832

2.33594 69.7756
2.05695 70.0781

3.23438 68.8051
2.88458 69.1797

2.78516 69.2869
2.46883 69.6289

2.33594 69.7752
2.46995 69.6289

2.78516 69.2878
2.88514 69.1797

1.88672 70.2663
1.64885 70.5273

1.4375 70.7594
1.64961 70.5273

1.88672 70.267
2.05883 70.0781

3.68359 68.3293
3.30654 68.7305

3.23438 68.8076
3.30655 68.7305

3.68359 68.3314
3.7307 68.2812

5.48047 66.4349
5.43324 66.4844

5.92969 65.9663
5.86406 66.0352

5.48047 66.4344
5.86171 66.0352

6.37891 65.4929
6.28944 65.5859

6.82812 65.028
6.72247 65.1367

6.37891 65.4907
6.71941 65.1367

5.92969 65.9619
6.28806 65.5859

5.03125 66.9019
5.43275 66.4844

6.82812 65.0255
7.15667 64.6875

-2.15625 74.7586
-2.7881 75.4688

-3.95312 76.7875
-4.37365 77.2656

-5.75 78.856
-4.36988 77.2656

-3.95312 76.7943
-2.78722 75.4688

-0.359375 72.7479
-1.18949 73.6719

-2.15625 74.7574
-1.19053 73.6719

-0.359375 72.7491
0.426139 71.875

10.8711 60.9334
10.7097 61.0938

11.3203 60.49
11.1641 60.6445

10.8711 60.9323
11.1621 60.6445

11.7695 60.0459
11.6182 60.1953

12.2188 59.604
12.0744 59.7461

11.7695 60.0445
12.0727 59.7461

11.3203 60.4884
11.6172 60.1953

9.07422 62.7312
8.91553 62.8906

9.52344 62.2801
9.36283 62.4414

9.07422 62.7297
9.3611 62.4414

9.97266 61.8289
9.80957 61.9922

10.4219 61.3797
10.2585 61.543

9.97266 61.8273
10.2566 61.543

9.52344 62.2786
9.80865 61.9922

8.625 63.1813
8.91242 62.8906

10.4219 61.3779
10.708 61.0938

12.668 59.1639
12.5321 59.2969

13.1172 58.7287
12.9948 58.8477

12.668 59.1628
12.9924 58.8477

13.5664 58.2938
13.4582 58.3984

14.0156 57.8622
13.9252 57.9492

13.5664 58.2923
13.923 57.9492

13.1172 58.7268
13.4568 58.3984

12.2188 59.602
12.5308 59.2969

14.0156 57.8597
14.3926 57.5

-63.25 157.547
-63.576 158.125

-74.0312 171.709
-74.6386 172.5

-70.4375 167.25
-71.8078 168.906

-72.2344 169.434
-73.2559 170.703

-74.0312 171.691
-73.2731 170.703

-72.2344 169.422
-71.8194 168.906

-68.6406 165.167
-68.7607 165.312

-66.8438 162.945
-67.2833 163.516

-68.6406 165.126
-67.313 163.516

-65.0469 160.48
-65.9046 161.719

-63.5573 158.125
-64.665 159.922

-65.0469 160.477
-64.6627 159.922

-66.8438 162.928
-65.9127 161.719

-68.809 165.312
-70.3161 167.109

-70.4375 167.247
-70.3239 167.109

-48.875 135.647
-49.5177 136.562

-54.2656 143.324
-54.5672 143.75

-52.4688 140.806
-53.2763 141.953

-54.2656 143.363
-53.2663 141.953

-50.6719 138.198
-50.7839 138.359

-50.7518 138.359
-52.0048 140.156

-50.6719 138.238
-49.5065 136.562

-52.4688 140.823
-51.9993 140.156

-41.6875 125.472
-41.9073 125.781

-43.4844 128.024
-44.4457 129.375

-41.8843 125.781
-43.162 127.578

-43.4844 128.034
-43.1602 127.578

-38.0938 120.496
-39.3179 122.188

-36.2969 117.998
-36.7289 118.594

-34.5 115.54
-35.4174 116.797

-36.2969 118.023
-35.4083 116.797

-36.714 118.594
-38.0148 120.391

-38.0938 120.504
-38.0115 120.391

-39.8906 122.973
-40.6169 123.984

-41.6875 125.504
-40.6063 123.984

-39.8906 122.991
-39.3135 122.188

-45.2812 130.54
-45.7275 131.172

-45.7108 131.172
-46.9766 132.969

-47.0781 133.111
-48.2457 134.766

-48.875 135.67
-48.2405 134.766

-47.0781 133.118
-46.9725 132.969

-45.2812 130.568
-44.4382 129.375

-59.6562 150.71
-59.7967 150.938

-56.0625 145.817
-57.2544 147.344

-57.8594 148.052
-58.6693 149.141

-59.6562 150.738
-58.6681 149.141

-57.8594 148.081
-57.3109 147.344

-61.4531 154.212
-61.6194 154.531

-59.7352 150.938
-60.6946 152.734

-61.4531 154.229
-60.6758 152.734

-61.6028 154.531
-62.5644 156.328

-63.25 157.551
-62.5602 156.328

-54.5251 143.75
-55.8465 145.547

-56.0625 145.825
-55.8454 145.547

-77.625 177.176
-78.0105 177.891

-77.9989 177.891
-78.8652 179.688

-81.2188 184.552
-81.493 185.078

-81.4976 185.078
-82.4786 186.875

-79.4219 180.928
-79.6824 181.484

-79.6753 181.484
-80.5543 183.281

-79.4219 180.919
-78.8455 179.688

-81.2188 184.557
-80.5537 183.281

-84.8125 191.003
-85.5351 192.266

-85.5358 192.266
-86.5747 194.062

-88.4062 197.19
-88.6808 197.656

-90.2031 200.202
-90.836 201.25

-88.6808 197.656
-89.7521 199.453

-90.2031 200.197
-89.7536 199.453

-86.6094 194.122
-87.623 195.859

-88.4062 197.189
-87.6226 195.859

-86.6094 194.122
-86.5749 194.062

-83.0156 187.828
-83.4876 188.672

-83.4894 188.672
-84.5075 190.469

-83.0156 187.829
-82.4821 186.875

-84.8125 191.002
-84.5072 190.469

-75.8281 174.175
-75.9143 174.297

-75.9348 174.297
-77.0539 176.094

-75.8281 174.153
-74.6609 172.5

-77.625 177.156
-77.052 176.094

-90.8409 201.25
-91.9336 203.047

-92 203.2
-91.9098 203.047

-34.5 115.55
-34.0981 115

51.7377 20.6641
51.5822 21.1133

51.5825 21.1133
51.4195 21.5625

48.1562 27.816
48.1327 27.8516

47.707 28.4319
47.4699 28.75

48.1251 27.8516
47.8053 28.3008

47.707 28.433
47.8056 28.3008

49.9531 24.8082
49.7712 25.1562

50.8516 22.952
50.6731 23.3594

51.3008 21.8727
51.2475 22.0117

51.248 22.0117
51.0657 22.4609

51.3008 21.8745
51.4203 21.5625

51.0657 22.4609
50.8732 22.9102

50.8516 22.9587
50.8734 22.9102

50.4023 23.927
50.2395 24.2578

50.6715 23.3594
50.4607 23.8086

50.4023 23.9284
50.4613 23.8086

50.2391 24.2578
50.0086 24.707

49.9531 24.8129
50.0095 24.707

49.0547 26.4011
48.9934 26.5039

48.9959 26.5039
48.7184 26.9531

49.5039 25.636
49.2634 26.0547

49.7694 25.1562
49.521 25.6055

49.5039 25.6375
49.5223 25.6055

49.0547 26.4052
49.2635 26.0547

48.6055 27.1284
48.4287 27.4023

48.1562 27.8045
48.4288 27.4023

48.6055 27.13
48.7196 26.9531

31.0859 42.9959
30.9276 43.125

31.5352 42.6282
31.4769 42.6758

31.0859 42.9941
31.4756 42.6758

31.5352 42.6274
31.9844 42.2602

33.332 41.1606
33.1258 41.3281

33.7812 40.7977
33.6808 40.8789

33.332 41.1602
33.6799 40.8789

32.4336 41.8925
32.0254 42.2266

32.8828 41.5254
32.5743 41.7773

32.4336 41.8911
32.5729 41.7773

31.9844 42.2595
32.0246 42.2266

32.8828 41.5248
33.125 41.3281

35.5781 39.3571
35.3602 39.5312

36.0273 39
35.9243 39.082

35.5781 39.3567
35.9233 39.082

36.0273 38.9997
36.4766 38.6419

36.9258 38.2838
36.4875 38.6328

37.375 37.9271
37.0524 38.1836

36.9258 38.2829
37.0507 38.1836

36.4766 38.6413
36.4873 38.6328

34.6797 40.0737
34.2373 40.4297

33.7812 40.7972
34.2305 40.4351

34.2305 40.4349
34.2369 40.4297

35.1289 39.7149
34.797 39.9805

34.6797 40.0731
34.7955 39.9805

35.1289 39.7142
35.3584 39.5312

26.5938 46.6706
26.5362 46.7188

24.7969 48.1768
24.3968 48.5156

23.4492 49.3203
23.3404 49.4141

23.8984 48.9364
23.8652 48.9648

23.4492 49.3197
23.8642 48.9648

23 49.7068
23.3399 49.4141

23.8984 48.9355
24.3477 48.5551

24.3477 48.5562
24.3958 48.5156

25.6953 47.4206
25.4618 47.6172

25.2461 47.7993
24.9293 48.0664

24.7969 48.177
24.9281 48.0664

25.2461 47.7984
25.4612 47.6172

26.1445 47.0436
25.9963 47.168

25.6953 47.4195
25.995 47.168

26.1445 47.0425
26.5323 46.7188

26.5938 46.6677
27.043 46.295

27.4922 45.9249
27.0738 46.2695

27.043 46.2956
27.0746 46.2695

27.9414 45.5574
27.6208 45.8203

28.3906 45.19
28.1692 45.3711

27.9414 45.5565
28.1681 45.3711

27.4922 45.9244
27.6191 45.8203

28.8398 44.824
28.7199 44.9219

29.2891 44.4584
29.2716 44.4727

28.8398 44.8234
29.2705 44.4727

30.1875 43.726
29.8223 44.0234

29.2891 44.4576
29.7383 44.0918

29.7383 44.0912
29.8215 44.0234

28.3906 45.1894
28.7186 44.9219

30.6367 43.3608
30.3745 43.5742

30.1875 43.7251
30.3729 43.5742

30.6367 43.36
30.925 43.125

40.0703 35.7681
39.8598 35.9375

40.5195 35.4049
40.4161 35.4883

40.0703 35.7662
40.415 35.4883

40.5195 35.4047
40.9688 35.042

44.5625 32.0237
44.2108 32.3438

42.3164 33.9547
42.0868 34.1406

42.7656 33.588
42.6391 33.6914

42.3164 33.9535
42.6371 33.6914

41.418 34.6785
40.9714 35.0391

41.8672 34.3173
41.529 34.5898

41.418 34.6777
41.527 34.5898

40.9688 35.0408
40.9709 35.0391

41.8672 34.3169
42.0848 34.1406

43.2148 33.2152
43.1825 33.2422

43.2148 33.214
43.6641 32.83

42.7656 33.5885
43.1814 33.2422

44.1133 32.4355
43.7086 32.793

43.6641 32.829
43.7049 32.793

44.1133 32.4344
44.2114 32.3438

37.8242 37.5701
37.6179 37.7344

38.2734 37.2114
38.181 37.2852

37.8242 37.5693
38.1802 37.2852

39.1719 36.4892
38.7396 36.8359

38.2734 37.2113
38.7227 36.8509

38.7227 36.8497
38.7398 36.8359

37.375 37.9265
37.6164 37.7344

39.6211 36.1283
39.2994 36.3867

39.1719 36.4877
39.2976 36.3867

39.6211 36.1275
39.8572 35.9375

46.3594 30.1152
45.983 30.5469

45.4609 31.1113
45.1482 31.4453

45.0117 31.585
44.6952 31.8945

44.5625 32.0192
44.69 31.8945

45.0117 31.5812
45.1486 31.4453

45.9102 30.6284
45.575 30.9961

45.4609 31.1151
45.5745 30.9961

45.9102 30.6313
45.9871 30.5469

46.8086 29.5796
46.7525 29.6484

47.2578 29.0193
47.1174 29.1992

46.8086 29.5807
47.1193 29.1992

46.753 29.6484
46.3743 30.0977

46.3594 30.1159
46.3753 30.0977

47.2578 29.0253
47.4727 28.75

55.3288 0
55.3259 0.898438

55.3253 0.898438
55.3177 1.79688

55.3177 1.79688
55.3068 2.69531

55.308 2.69531
55.2912 3.59375

55.2931 3.59375
55.2641 4.49219

55.2641 4.49219
55.2432 4.94141

55.2437 4.94141
55.2153 5.39062

55.2159 5.39062
55.178 5.83984

55.1785 5.83984
55.1292 6.28906

55.1295 6.28906
55.0673 6.73828

55.0675 6.73828
54.9913 7.1875

54.8945 7.66433
54.7989 8.08594

54.991 7.1875
54.9012 7.63672

54.8945 7.66543
54.901 7.63672

54.7975 8.08594
54.6872 8.53516

54.6867 8.53516
54.5716 8.98438

54.4453 9.45481
54.332 9.88281

54.3307 9.88281
54.2099 10.332

54.2101 10.332
54.09 10.7812

54.5716 8.98438
54.4528 9.43359

54.4453 9.46072
54.4526 9.43359

53.5469 13.0276
53.4476 13.4766

53.4489 13.4766
53.3556 13.9258

53.3558 13.9258
53.2655 14.375

53.9961 11.1351
53.9712 11.2305

53.9712 11.2305
53.8593 11.6797

53.9961 11.1364
54.0889 10.7812

53.8598 11.6797
53.7528 12.1289

53.7535 12.1289
53.6488 12.5781

53.5469 13.0231
53.6479 12.5781

53.0977 15.2305
53.0893 15.2734

53.2658 14.375
53.1771 14.8242

53.0977 15.2324
53.1771 14.8242

53.0903 15.2734
53.0027 15.7227

53.0029 15.7227
52.9133 16.1719

52.6484 17.4166
52.5205 17.9688

52.9133 16.1719
52.8213 16.6211

52.8217 16.6211
52.7264 17.0703

52.6484 17.4226
52.7275 17.0703

52.5191 17.9688
52.406 18.418

52.4059 18.418
52.2867 18.8672

52.1992 19.1785
52.1606 19.3164

52.1619 19.3164
52.0279 19.7656

52.1992 19.1811
52.2871 18.8672

52.0267 19.7656
51.8854 20.2148

51.75 20.6266
51.8857 20.2148

