-59.8058 0
-59.8035 0.0561523

-59.8038 0.0561523
-59.7964 0.112305

-59.7953 0.112305
-59.7847 0.168457

-59.7851 0.168457
-59.7725 0.224609

-59.7718 0.224609
-59.7686 0.237846

-59.7686 0.237641
-59.7577 0.280762

-59.7584 0.280762
-59.7428 0.336914

-59.7398 0.336914
-59.7272 0.393066

-59.7276 0.393066
-59.7234 0.449219

-59.7238 0.449219
-59.7264 0.505371

-59.7261 0.505371
-59.7354 0.561523

-59.737 0.561523
-59.7504 0.617676

-59.7503 0.617676
-59.7649 0.673828

-59.7686 0.680205
-59.7913 0.786133

-59.7913 0.786133
-59.7998 0.842285

-59.7997 0.842285
-59.8051 0.898438

-59.7686 0.68547
-59.7657 0.673828

-59.8057 0.898438
-59.8071 0.95459

-59.8069 0.95459
-59.8034 1.01074

-59.8033 1.01074
-59.7952 1.06689

-59.7954 1.06689
-59.7823 1.12305

-59.7821 1.12305
-59.7686 1.16419

-59.7686 1.16654
-59.7647 1.1792

-59.7648 1.1792
-59.7445 1.23535

-59.7442 1.23535
-59.7207 1.2915

-59.7202 1.2915
-59.7124 1.30816

-59.7124 1.30994
-59.6947 1.34766

-59.6942 1.34766
-59.6651 1.40381

-59.6646 1.40381
-59.6562 1.41867

-59.6562 1.41983
-59.6336 1.45996

-59.6332 1.45996
-59.6001 1.51453

-59.6001 1.51449
-59.5991 1.51611

-59.5992 1.51611
-59.563 1.57227

-59.5625 1.57227
-59.5439 1.60019

-59.5439 1.60034
-59.5252 1.62842

-59.525 1.62842
-59.4878 1.68337

-59.4878 1.68346
-59.487 1.68457

-59.4864 1.68457
-59.4492 1.74072

-59.4493 1.74072
-59.4316 1.76889

-59.4316 1.76846
-59.4138 1.79688

-57.9717 0.6279
-57.9947 0.673828

-57.9155 0.549074
-57.9271 0.561523

-57.8594 0.490409
-57.8736 0.505371

-57.9155 0.5491
-57.8748 0.505371

-57.9272 0.561523
-57.9667 0.617676

-57.9717 0.632634
-57.9642 0.617676

-57.9939 0.673828
-58.0127 0.72998

-58.0127 0.72998
-58.0225 0.786133

-58.0217 0.786133
-58.0241 0.842285

-58.0242 0.842285
-58.0206 0.898438

-57.9717 0.674937
-57.9714 0.673828

-58.0194 0.898438
-58.0117 0.95459

-58.0118 0.95459
-58.0023 1.01074

-58.0014 1.01074
-57.9916 1.06689

-57.9919 1.06689
-57.9832 1.12305

-57.9825 1.12305
-57.9753 1.1792

-57.9756 1.1792
-57.9717 1.22374

-57.9717 1.22593
-57.9707 1.23535

-57.9694 1.23535
-57.9676 1.34766

-58.084 1.73914
-58.0849 1.74072

-58.0854 1.74072
-58.1214 1.79688

-57.9717 1.40381
-57.9789 1.45996

-57.9783 1.45996
-57.99 1.51611

-57.9904 1.51611
-58.0067 1.57227

-57.9717 1.394
-57.967 1.34766

-57.9717 1.46549
-57.9703 1.45996

-58.0278 1.62865
-58.054 1.68457

-58.0061 1.57227
-58.0273 1.62842

-58.084 1.73739
-58.0526 1.68457

-59.4135 1.79688
-59.3813 1.85303

-59.3821 1.85303
-59.3755 1.86603

-59.3755 1.86429
-59.3527 1.90918

-59.3525 1.90918
-59.328 1.96533

-59.3285 1.96533
-59.3193 1.99072

-59.3193 1.98996
-59.3079 2.02148

-59.3081 2.02148
-59.2913 2.07764

-59.2912 2.07764
-59.2777 2.13379

-59.278 2.13379
-59.2673 2.18994

-59.2672 2.18994
-59.2632 2.21705

-59.2632 2.21652
-59.2588 2.24609

-59.2592 2.24609
-59.2528 2.30225

-59.2526 2.30225
-59.2477 2.3584

-59.248 2.3584
-59.2442 2.41455

-59.2441 2.41455
-59.241 2.4707

-59.2414 2.4707
-59.2387 2.52686

-59.2385 2.52686
-59.236 2.58301

-59.2366 2.58301
-59.2335 2.63916

-59.2332 2.63916
-59.2291 2.69531

-58.7578 2.38558
-58.7707 2.41455

-58.7737 2.41455
-58.7663 2.4707

-58.7639 2.4707
-58.7578 2.48188

-59.23 2.69531
-59.224 2.75146

-59.2235 2.75146
-59.2148 2.80762

-59.2168 2.80762
-59.207 2.84258

-59.207 2.84667
-59.2032 2.86377

-59.2029 2.86377
-59.1858 2.91992

-59.1873 2.91992
-59.163 2.97607

-59.1611 2.97607
-59.1509 2.99328

-59.1509 2.99663
-59.1298 3.03223

-59.1295 3.03223
-59.0947 3.08043

-59.0947 3.07685
-59.0849 3.08838

-59.0827 3.08838
-59.0386 3.1294

-59.0386 3.12736
-59.0091 3.14453

-59.0076 3.14453
-58.9824 3.1657

-58.9824 3.15965
-58.9263 3.17818

-58.9263 3.17891
-58.8701 3.18478

-58.8701 3.18312
-58.814 3.1782

-58.814 3.17922
-58.7578 3.16481

-58.5894 2.23873
-58.6015 2.24609

-58.5894 2.23941
-58.5332 2.20895

-58.4771 2.18069
-58.4944 2.18994

-58.5332 2.20995
-58.4957 2.18994

-58.4771 2.1834
-58.4209 2.14507

-58.3647 2.09401
-58.4095 2.13379

-58.3086 2.03398
-58.3491 2.07764

-58.3647 2.09489
-58.3481 2.07764

-58.4209 2.14173
-58.4125 2.13379

-58.7017 2.31491
-58.7543 2.3584

-58.6455 2.27079
-58.6884 2.30225

-58.7017 2.31476
-58.6846 2.30225

-58.7578 2.37583
-58.7544 2.3584

-58.6455 2.27167
-58.598 2.24609

-58.7578 2.47549
-58.73 2.52686

-58.7273 2.52686
-58.7017 2.56662

-58.7017 2.5662
-58.6908 2.58301

-58.6901 2.58301
-58.6564 2.63916

-58.6567 2.63916
-58.6455 2.66077

-58.6455 2.66057
-58.6267 2.69531

-58.1963 1.89835
-58.2046 1.90918

-58.2524 1.96795
-58.2976 2.02148

-58.2049 1.90918
-58.2501 1.96533

-58.2524 1.96749
-58.2506 1.96533

-58.1401 1.82354
-58.1612 1.85303

-58.1963 1.89765
-58.162 1.85303

-58.1401 1.82336
-58.1213 1.79688

-58.1963 1.91046
-58.1952 1.90918

-58.3086 2.03645
-58.2921 2.02148

-58.6265 2.69531
-58.604 2.75146

-58.6044 2.75146
-58.5894 2.80724

-58.5894 2.80711
-58.5892 2.80762

-58.5888 2.80762
-58.5813 2.86377

-58.5818 2.86377
-58.5817 2.91992

-58.7017 3.13539
-58.7177 3.14453

-58.6455 3.07954
-58.6518 3.08838

-58.7017 3.13719
-58.6558 3.08838

-58.5894 2.97078
-58.5904 2.97607

-58.5917 2.97607
-58.6151 3.03223

-58.5894 2.97102
-58.5795 2.91992

-58.6455 3.08564
-58.6155 3.03223

-58.7578 3.16455
-58.7095 3.14453

-57.8032 0.448824
-57.8037 0.449219

-57.8032 0.447767
-57.7471 0.416939

-57.7471 0.417518
-57.6909 0.395234

-57.6348 0.379836
-57.6819 0.393066

-57.6909 0.395969
-57.6806 0.393066

-57.6348 0.380116
-57.5786 0.369524

-57.5786 0.369765
-57.5225 0.363436

-57.5225 0.363457
-57.4663 0.360865

-57.4663 0.360961
-57.4102 0.361875

-57.8594 0.487474
-57.8041 0.449219

-57.4102 0.362232
-57.354 0.365745

-57.354 0.366246
-57.2979 0.370643

-57.2979 0.371254
-57.2417 0.374312

-57.2417 0.374769
-57.1855 0.37435

-57.1855 0.374493
-57.1294 0.369392

-57.1294 0.36936
-57.0732 0.359354

-56.9609 0.323197
-57.0015 0.336914

-57.0732 0.359656
-56.9906 0.336914

-56.9609 0.322634
-56.9048 0.305189

-56.9048 0.305186
-56.8486 0.292408

-56.9609 0.337038
-56.9605 0.336914

-56.8486 0.292382
-56.7925 0.28433

-56.7925 0.284564
-56.7363 0.280823

-56.6802 0.280533
-56.6995 0.280762

-56.7363 0.281212
-56.6983 0.280762

-56.6802 0.280902
-56.624 0.281825

-56.624 0.282067
-56.5679 0.283377

-56.5679 0.283488
-56.5117 0.28448

-56.5117 0.284495
-56.4556 0.284917

-56.4556 0.284888
-56.3994 0.28477

-56.3994 0.284727
-56.3433 0.284212

-56.3433 0.284173
-56.2871 0.283427

-56.2871 0.283399
-56.231 0.282556

-56.231 0.282552
-56.1748 0.281675

-56.1187 0.280707
-56.1219 0.280762

-56.1748 0.281696
-56.1192 0.280762

-56.1187 0.280701
-56.0625 0.279756

-56.0625 0.279747
-56.0063 0.27892

-56.0063 0.278924
-55.9502 0.278229

-55.9502 0.278233
-55.894 0.277652

-55.894 0.277656
-55.8379 0.277171

-55.8379 0.277176
-55.7817 0.276768

-55.7817 0.276773
-55.7256 0.276422

-55.7256 0.276427
-55.6694 0.276114

-55.6694 0.276118
-55.6133 0.275827

-55.6133 0.27583
-55.5571 0.275548

-55.5571 0.275551
-55.501 0.275267

-55.501 0.275269
-55.4448 0.274975

-55.4448 0.274977
-55.3887 0.274663

-55.3887 0.274665
-55.3325 0.274323

-55.3325 0.274324
-55.2764 0.273948

-55.2764 0.273949
-55.2202 0.273534

-55.2202 0.273534
-55.1641 0.273079

-55.1641 0.273079
-55.1079 0.272584

-55.1079 0.272584
-55.0518 0.272051

-55.0518 0.27205
-54.9956 0.271481

-54.9956 0.271481
-54.9395 0.27088

-54.9395 0.270879
-54.8833 0.270249

-54.8833 0.270248
-54.8271 0.269593

-54.8271 0.269592
-54.771 0.268914

-54.771 0.268913
-54.7148 0.268216

-54.7148 0.268215
-54.6587 0.267502

-54.6587 0.267501
-54.6025 0.266774

-54.6025 0.266773
-54.5464 0.266037

-54.5464 0.266036
-54.4902 0.265292

-54.4902 0.265291
-54.4341 0.264544

-54.4341 0.264543
-54.3779 0.263795

-54.3779 0.263794
-54.3218 0.263048

-54.3218 0.263048
-54.2656 0.262307

-54.2656 0.262307
-54.2095 0.261575

-54.2095 0.261574
-54.1533 0.260852

-54.1533 0.260852
-54.0972 0.260142

-54.0972 0.260142
-54.041 0.259446

-54.041 0.259446
-53.9849 0.258762

-53.9849 0.258763
-53.9287 0.258092

-53.9287 0.258092
-53.8726 0.257435

-53.8726 0.257435
-53.8164 0.256789

-53.8164 0.256789
-53.7603 0.256154

-53.7603 0.256153
-53.7041 0.25553

-53.7041 0.25553
-53.6479 0.254917

-53.6479 0.254918
-53.5918 0.254316

-53.5918 0.254315
-53.5356 0.253724

-53.5356 0.253714
-53.4795 0.253157

-53.4795 0.253174
-53.4233 0.252639

-53.4233 0.252633
-53.3672 0.2521

-53.3672 0.252098
-53.311 0.251586

-53.311 0.251587
-53.2549 0.251098

-53.2549 0.251097
-53.1987 0.25063

-53.1987 0.250629
-53.1426 0.250189

-53.1426 0.250188
-53.0864 0.24978

-53.0864 0.249779
-53.0303 0.249406

-53.0303 0.249405
-52.9741 0.249073

-52.9741 0.249072
-52.918 0.248784

-52.918 0.248783
-52.8618 0.248543

-52.8618 0.248542
-52.8057 0.248353

-52.8057 0.248352
-52.7495 0.248218

-52.7495 0.248217
-52.6934 0.248142

-52.6934 0.248141
-52.6372 0.248126

-52.6372 0.248126
-52.5811 0.248173

-52.5811 0.248173
-52.5249 0.248282

-52.5249 0.248282
-52.4688 0.248453

-52.4688 0.248453
-52.4126 0.248685

-52.4126 0.248686
-52.3564 0.248976

-52.3564 0.248977
-52.3003 0.249322

-52.3003 0.249323
-52.2441 0.249719

-52.2441 0.249721
-52.188 0.250164

-52.188 0.250166
-52.1318 0.250647

-52.1318 0.25065
-52.0757 0.25116

-52.0757 0.251161
-52.0195 0.251692

-52.0195 0.251694
-51.9634 0.252239

-51.9634 0.252235
-51.9072 0.252798

-51.9072 0.252814
-51.8511 0.253373

-51.8511 0.253371
-51.7949 0.253895

-51.7949 0.253895
-51.7388 0.254385

-51.7388 0.254387
-51.6826 0.254842

-51.6826 0.254844
-51.6265 0.255257

-51.6265 0.255258
-51.5703 0.255621

-51.5703 0.255622
-51.5142 0.255929

-51.5142 0.25593
-51.458 0.256179

-51.458 0.25618
-51.4019 0.256368

-51.4019 0.256368
-51.3457 0.256494

-51.3457 0.256494
-51.2896 0.256558

-51.2896 0.256558
-51.2334 0.256561

-51.2334 0.25656
-51.1772 0.256503

-51.1772 0.256503
-51.1211 0.256387

-51.1211 0.256387
-51.0649 0.256215

-51.0649 0.256214
-51.0088 0.255987

-51.0088 0.255987
-50.9526 0.255707

-50.9526 0.255707
-50.8965 0.255376

-50.8965 0.255377
-50.8403 0.254995

-50.8403 0.254995
-50.7842 0.254561

-50.7842 0.25456
-50.728 0.254073

-50.728 0.25407
-50.6719 0.253537

-50.6719 0.253529
-50.6157 0.252972

-50.6157 0.252986
-50.5596 0.252396

-50.5596 0.252395
-50.5034 0.251748

-50.5034 0.251745
-50.4473 0.251052

-50.4473 0.251049
-50.3911 0.250322

-50.3911 0.25032
-50.335 0.249565

-50.335 0.249563
-50.2788 0.248788

-50.2788 0.248785
-50.2227 0.247999

-50.2227 0.247996
-50.1665 0.247214

-50.1665 0.247212
-50.1104 0.246444

-50.1104 0.246441
-50.0542 0.245696

-50.0542 0.245693
-49.998 0.24498

-49.998 0.244977
-49.9419 0.244306

-49.9419 0.244303
-49.8857 0.243683

-49.8857 0.24368
-49.8296 0.243121

-49.8296 0.243118
-49.7734 0.24263

-49.7734 0.242627
-49.7173 0.242221

-49.7173 0.242219
-49.6611 0.241907

-49.6611 0.241904
-49.605 0.241698

-49.605 0.241695
-49.5488 0.241606

-49.5488 0.241603
-49.4927 0.241642

-49.4927 0.241639
-49.4365 0.241818

-49.4365 0.241816
-49.3804 0.242145

-49.3804 0.242143
-49.3242 0.242634

-49.3242 0.242632
-49.2681 0.243291

-49.2681 0.24329
-49.2119 0.244124

-49.2119 0.244124
-49.1558 0.245132

-49.1558 0.245134
-49.0996 0.246313

-49.0996 0.246318
-49.0435 0.247655

-49.0435 0.247661
-48.9873 0.249138

-48.9873 0.249148
-48.9312 0.250735

-48.9312 0.250728
-48.875 0.25242

-48.875 0.252432
-48.8188 0.254219

-48.8188 0.254234
-48.7627 0.256062

-48.7627 0.256072
-48.7065 0.257894

-48.7065 0.2579
-48.6504 0.259687

-48.6504 0.259688
-48.5942 0.261424

-48.5942 0.261423
-48.5381 0.26311

-48.5381 0.263108
-48.4819 0.264749

-48.4819 0.264747
-48.4258 0.266349

-48.4258 0.266346
-48.3696 0.267919

-48.3696 0.267915
-48.3135 0.269473

-48.3135 0.269469
-48.2573 0.271028

-48.2573 0.271024
-48.2012 0.272601

-48.2012 0.272599
-48.145 0.274206

-48.145 0.274204
-48.0889 0.27585

-48.0889 0.275846
-48.0327 0.277544

-48.0327 0.277531
-47.9766 0.279315

-47.9766 0.279319
-47.9327 0.280762

-47.9352 0.280762
-47.9204 0.281248

-47.9204 0.281255
-47.8643 0.282981

-47.8643 0.282978
-47.8081 0.284452

-47.8081 0.284461
-47.752 0.285672

-47.752 0.28566
-47.6958 0.286615

-47.6958 0.286598
-47.6396 0.287359

-47.6396 0.287348
-47.5835 0.287973

-47.5835 0.28797
-47.5273 0.28849

-47.5273 0.288492
-47.4712 0.288911

-47.4712 0.288915
-47.415 0.289219

-47.415 0.289222
-47.3589 0.289396

-47.3589 0.289396
-47.3027 0.289433

-47.3027 0.289431
-47.2466 0.289332

-47.2466 0.28933
-47.1904 0.289102

-47.1904 0.2891
-47.1343 0.288752

-47.1343 0.288749
-47.0781 0.288289

-47.0781 0.288285
-47.022 0.287726

-47.022 0.287719
-46.9658 0.287082

-46.9658 0.287071
-46.9097 0.286389

-46.9097 0.286375
-46.8535 0.285697

-46.8535 0.28568
-46.7974 0.285067

-46.7974 0.285051
-46.7412 0.284567

-46.7412 0.284554
-46.6851 0.284258

-46.6851 0.28425
-46.6289 0.284184

-46.6289 0.284184
-46.5728 0.284363

-46.5728 0.284371
-46.5166 0.284777

-46.5166 0.284794
-46.4604 0.285377

-46.4604 0.2854
-46.4043 0.286079

-46.4043 0.286107
-46.3481 0.28678

-46.3481 0.286809
-46.292 0.287366

-46.292 0.287391
-46.2358 0.287722

-46.2358 0.287743
-46.1797 0.287755

-46.1797 0.287768
-46.1235 0.287394

-46.1235 0.287399
-46.0674 0.286602

-46.0674 0.286598
-46.0112 0.285378

-46.0112 0.285367
-45.9551 0.283753

-45.9551 0.283749
-45.8989 0.281769

-45.8428 0.279449
-45.8753 0.280762

-45.8989 0.281759
-45.8743 0.280762

-45.8428 0.279447
-45.7866 0.276992

-45.7866 0.276998
-45.7305 0.274383

-45.7305 0.27437
-45.6743 0.271611

-45.6743 0.271598
-45.6182 0.268747

-45.6182 0.268739
-45.562 0.265837

-45.562 0.26583
-45.5059 0.262908

-45.5059 0.262901
-45.4497 0.259986

-45.4497 0.25998
-45.3936 0.257099

-45.3936 0.257091
-45.3374 0.254273

-45.3374 0.254276
-45.2812 0.251532

-45.2812 0.251515
-45.2251 0.248874

-45.2251 0.248869
-45.1689 0.246373

-45.1689 0.246367
-45.1128 0.244039

-45.1128 0.24403
-45.0566 0.2419

-45.0566 0.241887
-45.0005 0.239998

-45.0005 0.239983
-44.9443 0.238393

-44.9443 0.238378
-44.8882 0.237148

-44.8882 0.237138
-44.832 0.236318

-44.832 0.236341
-44.7759 0.235907

-44.7759 0.235945
-44.7197 0.235777

-44.7197 0.235814
-44.6074 0.235709

-44.6074 0.235804
-44.4951 0.235762

-44.4951 0.235835
-44.3828 0.235517

-44.3828 0.235579
-44.2705 0.234712

-44.2705 0.234918
-44.1582 0.232963

-44.1582 0.232813
-44.0459 0.22966

-44.0459 0.22907
-43.9336 0.226199

-43.9336 0.225709
-43.8213 0.225278

-43.8213 0.225245
-43.709 0.228302

-43.4844 0.224552
-43.4847 0.224609

-43.709 0.230786
-43.5967 0.232429

-43.5967 0.230833
-43.4844 0.229286

-43.3809 0
-43.385 0.0561523

-43.3868 0.0561523
-43.3899 0.112305

-43.4844 0.219591
-43.4282 0.207431

-43.3781 0.112305
-43.3964 0.168457

-43.4282 0.216954
-43.395 0.168457

-43.3721 0.0577148
-43.3665 0

-43.3721 0.133492
-43.368 0.112305

-43.4844 0.225464
-43.4827 0.224609

-43.2598 0
-43.2598 0.224609

-42.3619 0
-42.3613 0.00178507

-42.3613 0.0028669
-42.3187 0.0561523

-42.3094 0.0561523
-42.3052 0.0580788

-42.249 0.0398958
-42.2878 0.0561523

-42.3052 0.0593639
-42.288 0.0561523

-42.249 0.0612374
-42.2216 0

-41.8522 0
-41.8097 0.0561523

-41.8156 0.0561523
-41.7998 0.0629732

-41.7998 0.047659
-41.7437 0.0474024

-41.7437 0.048125
-41.6875 0.0145926

-41.5862 0
-41.5862 0.112305

-41.4629 0
-41.4629 0.112305

-41.2384 0
-41.2384 0.112305

-41.2389 0.112305
-41.2383 0.113341

-41.2352 0
-41.229 0.0561523

-41.2261 0.0561523
-41.2139 0.112305

-41.2255 0.112305
-41.1821 0.165582

-41.1841 0.168457
-41.1821 0.1697

-41.1821 0.159188
-41.126 0.160982

-41.1821 0.172216
-41.126 0.17401

-41.0698 0.153448
-41.1229 0.168457

-41.126 0.18127
-41.0807 0.168457

-41.0698 0.149675
-41.0137 0.116106

-41.0698 0.170706
-41.0661 0.168457

-40.9686 0
-40.9791 0.0561523

-40.9844 0.0561523
-41.0054 0.112305

-40.9348 0.112305
-40.9014 0.181936

-40.7996 0.112305
-40.7891 0.134167

-40.5768 0
-40.5645 0.0842388

-40.5645 0.0557772
-40.5644 0.0561523

-40.5645 0.072428
-40.5549 0.112305

-40.5554 0.112305
-40.536 0.168457

-40.5358 0.168457
-40.5109 0.224609

-40.5103 0.224609
-40.5083 0.228524

-40.5083 0.228334
-40.4813 0.280762

-40.4816 0.280762
-40.4521 0.33194

-40.4521 0.33269
-40.4497 0.336914

-40.4499 0.336914
-40.4121 0.393066

-40.4117 0.393066
-40.396 0.411404

-40.396 0.415479
-40.3671 0.449219

-40.3707 0.449219
-40.3398 0.476891

-40.3398 0.473196
-40.2956 0.505371

-40.2992 0.505371
-40.2837 0.516618

-40.2837 0.515862
-40.2275 0.543679

-40.2275 0.542043
-40.1714 0.557701

-40.1714 0.55747
-40.1406 0.561523

-40.1331 0.561523
-40.1152 0.565756

-40.1152 0.564194
-40.0029 0.566048

-39.9468 0.559783
-39.9687 0.561523

-39.9468 0.559548
-39.8906 0.553767

-40.0029 0.563754
-39.976 0.561523

-39.8906 0.553606
-39.8345 0.546705

-39.8345 0.546666
-39.7783 0.539045

-39.7783 0.53899
-39.7222 0.530837

-39.7222 0.530819
-39.666 0.522281

-39.666 0.522256
-39.6099 0.513417

-39.5537 0.504327
-39.5602 0.505371

-39.6099 0.513403
-39.5601 0.505371

-39.5537 0.504321
-39.4976 0.495112

-39.4976 0.495056
-39.4414 0.485851

-39.1606 0.442938
-39.2049 0.449219

-39.1606 0.442909
-39.1045 0.43623

-39.1045 0.436491
-39.0483 0.431406

-39.0483 0.431427
-38.9922 0.427375

-39.4414 0.48583
-39.3853 0.476782

-39.3853 0.476721
-39.3291 0.467989

-39.3291 0.468016
-39.2168 0.45132

-39.2168 0.452032
-39.1942 0.449219

-38.9922 0.427356
-38.936 0.424334

-38.936 0.424358
-38.8799 0.422357

-38.8799 0.422413
-38.8237 0.421271

-38.8237 0.42134
-38.7676 0.420806

-38.7676 0.420903
-38.7114 0.420648

-38.7114 0.420751
-38.6553 0.420376

-38.6553 0.420503
-38.5991 0.419545

-38.5991 0.419654
-38.543 0.417643

-38.543 0.417718
-38.4868 0.414286

-38.4868 0.414278
-38.4307 0.40929

-38.4307 0.409221
-38.3745 0.402834

-38.3745 0.402723
-38.3184 0.395296

-38.2622 0.387137
-38.3031 0.393066

-38.3184 0.395151
-38.304 0.393066

-38.2622 0.387027
-38.2061 0.378437

-38.2061 0.378349
-38.1499 0.369637

-38.1499 0.369551
-38.0938 0.361068

-38.0938 0.360974
-38.0376 0.353079

-38.0376 0.352648
-37.9814 0.346388

-37.9814 0.346654
-37.8691 0.33806

-37.813 0.335934
-37.8339 0.336914

-37.813 0.335629
-37.7568 0.334267

-37.8691 0.338242
-37.8279 0.336914

-37.7568 0.33429
-37.7007 0.334701

-37.7007 0.334763
-37.6445 0.336772

-37.6464 0.336914
-37.6445 0.336949

-37.6445 0.33686
-37.6435 0.336914

-37.6426 0.336914
-37.5322 0.343658

-37.5322 0.343864
-37.4761 0.348628

-37.4761 0.348609
-37.4199 0.354333

-37.4199 0.35475
-37.3638 0.360637

-37.3638 0.360509
-37.3076 0.36598

-37.3076 0.365837
-37.2515 0.371435

-37.2515 0.371383
-37.1953 0.3775

-37.1953 0.377457
-37.1392 0.384282

-37.1392 0.384151
-37.083 0.392033

-37.083 0.392052
-37.0767 0.393066

-37.0772 0.393066
-37.0269 0.401156

-37.0269 0.401096
-36.9707 0.4112

-36.9707 0.411184
-36.9146 0.422501

-36.9146 0.422472
-36.8584 0.43509

-36.8584 0.435099
-36.8022 0.449054

-36.8027 0.449219
-36.7461 0.464055

-36.6338 8.8769e-05
-36.5776 0.0148508

-36.5776 0.0186885
-36.569 0

-36.7461 0.464835
-36.6899 0.481607

-36.6899 0.481301
-36.6338 0.499166

-36.6338 0.499064
-36.615 0.505371

-36.617 0.505371
-36.5776 0.518596

-36.5776 0.518333
-36.5215 0.537642

-36.5215 0.537501
-36.4653 0.557637

-36.4653 0.557717
-36.4551 0.561523

-36.456 0.561523
-36.4092 0.578501

-36.4092 0.578823
-36.353 0.599877

-36.353 0.599715
-36.3053 0.617676

-36.3068 0.617676
-36.2969 0.621411

-36.2969 0.621298
-36.2407 0.641864

-36.2407 0.641605
-36.1846 0.661393

-36.1846 0.661373
-36.148 0.673828

-36.1506 0.673828
-36.0723 0.698626

-36.0723 0.697971
-36.0161 0.713006

-36.0161 0.713117
-35.96 0.726496

-35.96 0.726143
-35.9409 0.72998

-35.9442 0.72998
-35.9038 0.738101

-35.9038 0.737839
-35.8477 0.746984

-35.8477 0.747016
-35.7915 0.754057

-35.7915 0.753971
-35.7354 0.759019

-35.7354 0.758958
-35.6792 0.762305

-35.6792 0.76224
-35.623 0.764137

-35.623 0.76405
-35.5669 0.7648

-35.5669 0.764709
-35.5107 0.764667

-35.5107 0.764546
-35.4546 0.764136

-35.4546 0.764036
-35.3984 0.763701

-35.3984 0.763594
-35.3423 0.763747

-35.3423 0.763678
-35.2861 0.764667

-35.2861 0.76458
-35.23 0.766717

-35.23 0.766643
-35.1738 0.77025

-35.1738 0.770137
-35.1177 0.775589

-35.1177 0.77551
-35.0615 0.783189

-35.0615 0.783252
-35.0453 0.786133

-35.0428 0.786133
-34.9492 0.804948

-34.9492 0.806049
-34.8931 0.820932

-34.8931 0.820685
-34.8369 0.83745

-34.8369 0.837128
-34.8212 0.842285

-34.8239 0.842285
-34.7808 0.856486

-34.7808 0.856317
-34.7246 0.875742

-34.7246 0.875858
-34.6685 0.895887

-34.6685 0.895524
-34.6594 0.898438

-34.6645 0.898438
-34.6123 0.9154

-34.6123 0.914297
-34.5562 0.929751

-34.5562 0.930072
-34.5 0.943916

-34.5 32.6205
-34.5208 32.6807

-34.5562 32.782
-34.56 32.793

-34.5209 32.6807
-34.5404 32.7368

-34.5562 32.782
-34.5404 32.7368

-34.6123 32.9426
-34.6386 33.0176

-34.56 32.793
-34.5796 32.8491

-34.5796 32.8491
-34.5992 32.9053

-34.6123 32.9426
-34.5992 32.9053

-34.6685 33.1026
-34.678 33.1299

-34.6386 33.0176
-34.6583 33.0737

-34.6685 33.1026
-34.6583 33.0737

-34.678 33.1299
-34.6978 33.186

-34.6978 33.186
-34.7175 33.2422

-34.9492 33.8987
-34.9554 33.916

-34.9554 33.916
-34.9755 33.9722

-34.9755 33.9722
-34.9956 34.0283

-35.0054 34.0554
-35.0158 34.0845

-35.0158 34.0845
-35.0361 34.1406

-35.0054 34.0554
-34.9956 34.0283

-34.7246 33.2622
-34.7373 33.2983

-34.7373 33.2983
-34.7571 33.3545

-34.7808 33.4218
-34.7966 33.4668

-34.7571 33.3545
-34.7768 33.4106

-34.7808 33.4218
-34.7768 33.4106

-34.8369 33.5813
-34.8559 33.6353

-34.8559 33.6353
-34.8757 33.6914

-34.7966 33.4668
-34.8164 33.5229

-34.8164 33.5229
-34.8361 33.5791

-34.8369 33.5813
-34.8361 33.5791

-34.7246 33.2623
-34.7175 33.2422

-34.8931 33.7405
-34.8955 33.7476

-34.8955 33.7476
-34.9154 33.8037

-34.8931 33.7405
-34.8757 33.6914

-34.9154 33.8037
-34.9354 33.8599

-34.9492 33.8987
-34.9354 33.8599

-35.3984 35.1197
-35.4104 35.1514

-35.4104 35.1514
-35.4317 35.2075

-35.4317 35.2075
-35.453 35.2637

-35.5107 35.4153
-35.5386 35.4883

-35.4546 35.2679
-35.4743 35.3198

-35.4743 35.3198
-35.4957 35.376

-35.4546 35.2679
-35.453 35.2637

-35.5107 35.4154
-35.4957 35.376

-35.623 35.7084
-35.6248 35.7129

-35.6248 35.7129
-35.6464 35.769

-35.6464 35.769
-35.668 35.8252

-35.6792 35.8542
-35.6897 35.8813

-35.6897 35.8813
-35.7114 35.9375

-35.6792 35.8542
-35.668 35.8252

-35.5669 35.5622
-35.5816 35.6006

-35.5386 35.4883
-35.5601 35.5444

-35.5669 35.5622
-35.5601 35.5444

-35.5816 35.6006
-35.6032 35.6567

-35.623 35.7085
-35.6032 35.6567

-35.1738 34.518
-35.2003 34.5898

-35.0615 34.2106
-35.0769 34.2529

-35.1177 34.3648
-35.1178 34.3652

-35.0769 34.2529
-35.0973 34.3091

-35.1177 34.3648
-35.0973 34.3091

-35.0361 34.1406
-35.0565 34.1968

-35.0615 34.2107
-35.0565 34.1968

-35.1178 34.3652
-35.1384 34.4214

-35.1384 34.4214
-35.1589 34.4775

-35.1738 34.518
-35.1589 34.4775

-35.23 34.6701
-35.2419 34.7021

-35.2003 34.5898
-35.221 34.646

-35.23 34.6701
-35.221 34.646

-35.2419 34.7021
-35.2627 34.7583

-35.2627 34.7583
-35.2837 34.8145

-35.2861 34.821
-35.3047 34.8706

-35.3047 34.8706
-35.3257 34.9268

-35.3423 34.9709
-35.3468 34.9829

-35.3468 34.9829
-35.368 35.0391

-35.3423 34.9709
-35.3257 34.9268

-35.2861 34.821
-35.2837 34.8145

-35.368 35.0391
-35.3892 35.0952

-35.3984 35.1198
-35.3892 35.0952

-38.0938 41.7672
-38.6828 43.125

-36.2969 37.4477
-36.3215 37.5098

-36.3213 37.5098
-36.4113 37.7344

-36.7461 38.5628
-36.7744 38.6328

-36.4116 37.7344
-36.5926 38.1836

-36.7461 38.5626
-36.5927 38.1836

-36.7732 38.6328
-37.1426 39.5312

-35.8477 36.2909
-35.8629 36.3306

-35.8629 36.3306
-35.8844 36.3867

-35.96 36.584
-35.9704 36.6113

-35.9038 36.4374
-35.9059 36.4429

-35.9059 36.4429
-35.9274 36.499

-35.9038 36.4374
-35.8844 36.3867

-35.9274 36.499
-35.9489 36.5552

-35.96 36.584
-35.9489 36.5552

-35.9704 36.6113
-35.992 36.6675

-35.992 36.6675
-36.0135 36.7236

-36.0161 36.7303
-36.0351 36.7798

-36.0351 36.7798
-36.0568 36.8359

-36.0161 36.7304
-36.0135 36.7236

-35.7354 35.9996
-35.7547 36.0498

-35.7915 36.145
-35.7981 36.1621

-35.7547 36.0498
-35.7764 36.106

-35.7915 36.145
-35.7764 36.106

-35.7114 35.9375
-35.7331 35.9937

-35.7354 35.9996
-35.733 35.9937

-35.7981 36.1621
-35.8197 36.2183

-35.8197 36.2183
-35.8413 36.2744

-35.8477 36.291
-35.8413 36.2744

-36.0723 36.8759
-36.1003 36.9482

-36.1284 37.0203
-36.1441 37.0605

-36.1003 36.9482
-36.1222 37.0044

-36.1284 37.0203
-36.1222 37.0044

-36.1846 37.1636
-36.1882 37.1729

-36.1881 37.1729
-36.2324 37.2852

-36.1441 37.0605
-36.1662 37.1167

-36.1846 37.1636
-36.1662 37.1167

-36.0723 36.8759
-36.0568 36.8359

-36.2969 37.4478
-36.2324 37.2852

-37.1409 39.5312
-37.9 41.3281

-38.0938 41.7627
-37.9052 41.3281

-41.6875 49.6833
-41.9841 50.3125

-45.2812 57.3257
-45.3625 57.5

-43.4844 53.4851
-43.6827 53.9062

-41.983 50.3125
-42.8324 52.1094

-43.4844 53.4829
-42.8375 52.1094

-43.6793 53.9062
-44.5213 55.7031

-45.2812 57.3243
-44.5257 55.7031

-39.8906 45.8179
-40.3003 46.7188

-38.6798 43.125
-39.4792 44.9219

-39.8906 45.815
-39.4844 44.9219

-40.2965 46.7188
-41.1311 48.5156

-41.6875 49.68
-41.1387 48.5156

-63.25 92.7654
-63.6017 93.4375

-66.8438 99.517
-67.4174 100.625

-65.0469 96.2607
-65.4645 97.0312

-63.5769 93.4375
-64.4964 95.2344

-65.0469 96.2619
-64.49 95.2344

-65.4887 97.0312
-66.4802 98.8281

-66.8438 99.4759
-66.5084 98.8281

-70.4375 106.213
-71.2488 107.812

-74.0312 112.79
-74.2534 113.203

-74.2044 113.203
-75.1019 115

-72.2344 109.672
-73.2457 111.406

-71.2037 107.812
-72.1657 109.609

-72.2344 109.714
-72.1731 109.609

-74.0312 112.766
-73.3003 111.406

-68.6406 102.993
-69.3283 104.219

-67.3796 100.625
-68.3104 102.422

-68.6406 103.006
-68.3128 102.422

-69.3684 104.219
-70.3557 106.016

-70.4375 106.138
-70.3755 106.016

-48.875 65.0145
-49.5811 66.4844

-49.5729 66.4844
-50.4501 68.2812

-50.6719 68.7211
-51.3588 70.0781

-51.3641 70.0781
-52.297 71.875

-50.6719 68.7085
-50.4556 68.2812

-56.0625 79.0399
-56.0744 79.0625

-59.6562 85.9398
-59.8187 86.25

-57.8594 82.5668
-57.9055 82.6562

-56.0719 79.0625
-56.9924 80.8594

-57.8594 82.5661
-56.9799 80.8594

-57.9067 82.6562
-58.8611 84.4531

-59.6562 85.9318
-58.8818 84.4531

-52.4688 72.1946
-53.2352 73.6719

-53.2278 73.6719
-54.1625 75.4688

-54.2656 75.6615
-55.1167 77.2656

-56.0625 79.0393
-55.1291 77.2656

-54.2656 75.6456
-54.1718 75.4688

-52.4688 72.1674
-52.3171 71.875

-45.3611 57.5
-46.1891 59.2969

-46.186 59.2969
-47.0152 61.0938

-47.0781 61.2348
-47.8543 62.8906

-47.8558 62.8906
-48.7146 64.6875

-47.0781 61.2234
-47.0173 61.0938

-48.875 64.9952
-48.7272 64.6875

-61.4531 89.4552
-61.6575 89.8438

-59.8075 86.25
-60.7245 88.0469

-61.4531 89.4537
-60.7132 88.0469

-61.6681 89.8438
-62.6444 91.6406

-63.25 92.7449
-62.6722 91.6406

-34.5 0.943623
-34.4492 0.95459

-34.4502 0.95459
-34.4438 0.955967

-34.4438 0.955897
-34.3877 0.96662

-34.3877 0.966322
-34.3315 0.975993

-34.3315 0.975902
-34.2754 0.9853

-34.2754 0.985194
-34.2192 0.994714

-34.2192 0.994584
-34.1631 1.0047

-34.1631 1.00463
-34.1309 1.01074

-34.1337 1.01074
-34.0508 1.02623

-34.0508 1.02639
-33.9946 1.03685

-33.9946 1.0369
-33.9385 1.04692

-33.9385 1.04691
-33.8823 1.05638

-33.8823 1.05631
-33.8262 1.0654

-33.8262 1.06529
-33.8156 1.06689

-33.818 1.06689
-33.77 1.07415

-33.77 1.07405
-33.7139 1.08163

-33.7139 1.08171
-33.6577 1.0883

-33.6577 1.08831
-33.6016 1.09375

-33.6016 1.09381
-33.5454 1.09797

-33.5454 1.09799
-33.4893 1.10069

-33.4893 1.10069
-33.4331 1.10189

-33.4331 1.10183
-33.377 1.10168

-33.377 1.10158
-33.3208 1.10037

-33.3208 1.10025
-33.2646 1.09845

-33.2646 1.0983
-33.2085 1.09645

-33.2085 1.09633
-33.1523 1.09496

-33.1523 1.09487
-33.0962 1.0944

-33.0962 1.09437
-33.04 1.09507

-33.04 1.09508
-32.9839 1.09698

-32.9839 1.09704
-32.9277 1.09999

-32.9277 1.10006
-32.8716 1.10381

-32.8716 1.10385
-32.8154 1.10819

-32.8154 1.10819
-32.7593 1.11306

-32.7593 1.11304
-32.7031 1.11848

-32.7031 1.11857
-32.6594 1.12305

-32.6628 1.12305
-32.5908 1.12996

-32.5908 1.12974
-32.5347 1.13476

-32.5347 1.13483
-32.4785 1.13976

-32.4785 1.13968
-32.4224 1.14455

-32.4224 1.14454
-32.3662 1.14954

-32.3662 1.14955
-32.3101 1.15468

-32.3101 1.15472
-32.2539 1.15985

-32.2539 1.15992
-32.1978 1.16483

-32.1978 1.16489
-32.1416 1.16932

-32.1416 1.16931
-32.0854 1.17317

-32.0854 1.17308
-32.0293 1.17654

-32.0293 1.17642
-31.9845 1.1792

-31.9842 1.1792
-31.9731 1.17988

-31.9731 1.17982
-31.917 1.18372

-31.917 1.18363
-31.8608 1.18829

-31.8608 1.18822
-31.8047 1.19399

-31.8047 1.19398
-31.7485 1.20102

-31.7485 1.20105
-31.6924 1.2093

-31.6924 1.20936
-31.6362 1.21861

-31.6362 1.21865
-31.5801 1.22872

-31.5801 1.22883
-31.5447 1.23535

-31.5469 1.23535
-31.4678 1.2493

-31.4678 1.24915
-31.4116 1.25848

-31.4116 1.25855
-31.3555 1.26751

-31.3555 1.26748
-31.2993 1.27598

-31.2993 1.27586
-31.2432 1.28418

-31.2432 1.28409
-31.1942 1.2915

-31.1955 1.2915
-31.187 1.29279

-31.187 1.29275
-31.1309 1.30133

-31.1309 1.30134
-31.0747 1.3097

-31.0747 1.30976
-31.0186 1.31775

-31.0186 1.31779
-30.9624 1.32521

-30.9624 1.32524
-30.9062 1.33196

-30.9062 1.33199
-30.8501 1.33792

-30.8501 1.33795
-30.7939 1.34296

-30.7939 1.34294
-30.7378 1.34697

-30.7378 1.34682
-30.7218 1.34766

-30.7233 1.34766
-30.6816 1.35029

-30.6816 1.34972
-30.5693 1.35411

-30.5693 1.35339
-30.457 1.35764

-30.457 1.35772
-30.4009 1.36032

-30.4009 1.3602
-30.3447 1.36339

-30.3447 1.36336
-30.2886 1.36744

-30.2886 1.36745
-30.2324 1.37246

-30.2324 1.3724
-30.1763 1.37846

-30.1763 1.37845
-30.1201 1.3857

-30.1201 1.38566
-30.064 1.39419

-30.064 1.39409
-30.0098 1.40381

-30.0105 1.40381
-30.0078 1.40429

-30.0078 1.40424
-29.9517 1.41585

-29.9517 1.4158
-29.8955 1.42891

-29.8955 1.42891
-29.8394 1.44365

-29.8394 1.44357
-29.7837 1.45996

-29.7837 1.45996
-29.7832 1.46009

-29.7832 1.46032
-29.7271 1.4784

-29.7271 1.47834
-29.6709 1.49765

-29.6709 1.49775
-29.6203 1.51611

-29.6211 1.51611
-29.6147 1.51843

-29.6147 1.51842
-29.5586 1.53908

-29.5586 1.53899
-29.5024 1.55963

-29.5024 1.55968
-29.4678 1.57227

-29.469 1.57227
-29.4463 1.5805

-29.4463 1.58018
-29.3901 1.60001

-29.3901 1.59993
-29.334 1.61948

-29.334 1.61934
-29.3078 1.62842

-29.3083 1.62842
-29.2778 1.63899

-29.2778 1.63884
-29.2217 1.65847

-29.2217 1.65835
-29.1655 1.67851

-29.1655 1.67852
-29.1495 1.68457

-29.1492 1.68457
-29.1094 1.69938

-29.1094 1.69954
-29.0532 1.72209

-29.0532 1.72178
-29.0097 1.74072

-29.0103 1.74072
-28.9971 1.74647

-28.9971 1.7464
-28.9409 1.77295

-28.9409 1.77273
-28.8937 1.79688

-28.8946 1.79688
-28.8848 1.80169

-28.8848 1.80195
-28.8286 1.83235

-28.8286 1.83193
-28.791 1.85303

-28.7923 1.85303
-28.7725 1.8642

-28.7725 1.86405
-28.7163 1.89639

-28.7163 1.89606
-28.6937 1.90918

-28.6946 1.90918
-28.6602 1.92902

-28.6602 1.92894
-28.604 1.9617

-28.604 1.9612
-28.5969 1.96533

-28.5982 1.96533
-28.5479 1.99454

-28.5479 1.99423
-28.5007 2.02148

-28.501 2.02148
-28.4355 2.05931

-28.4355 2.05925
-28.4035 2.07764

-28.4041 2.07764
-28.3794 2.09183

-28.3794 2.09163
-28.3232 2.12346

-28.3232 2.12326
-28.3043 2.13379

-28.3051 2.13379
-28.2671 2.15494

-28.2671 2.1547
-28.2109 2.18537

-28.2109 2.18513
-28.202 2.18994

-28.2026 2.18994
-28.1548 2.21565

-28.1548 2.21547
-28.0986 2.24536

-28.0986 2.24531
-28.0972 2.24609

-28.0974 2.24609
-28.0425 2.27519

-28.0425 2.2749
-27.9914 2.30225

-27.9915 2.30225
-27.9863 2.30502

-27.9863 2.30496
-27.9302 2.3359

-27.9302 2.33582
-27.891 2.3584

-27.8901 2.3584
-27.874 2.36755

-27.874 2.36801
-27.8179 2.40239

-27.8179 2.40226
-27.7995 2.41455

-27.7986 2.41455
-27.7617 2.43915

-27.7617 2.43938
-27.7197 2.4707

-27.7187 2.4707
-27.7056 2.48051

-27.7056 2.48063
-27.651 2.52686

-27.6506 2.52686
-27.6494 2.52787

-27.6494 2.52731
-27.5936 2.58301

-27.5933 2.5826
-27.5928 2.58301

-27.5935 2.58301
-27.5933 2.58325

-27.5932 2.58301
-27.5457 2.63916

-27.5467 2.63916
-27.5371 2.65306

-27.5371 2.65199
-27.5074 2.69531

-27.5076 2.69531
-27.481 2.74444

-27.481 2.74448
-27.4772 2.75146

-27.4771 2.75146
-27.4548 2.80762

-27.455 2.80762
-27.4405 2.86377

-27.4404 2.86377
-27.4335 2.91992

-27.4323 2.91992
-27.4395 3.03223

-27.4419 3.03223
-27.4555 3.08838

-27.4552 3.08838
-27.4746 3.14453

-27.5933 3.36612
-27.5951 3.36914

-27.5371 3.27051
-27.5613 3.31299

-27.5933 3.36608
-27.5613 3.31299

-27.6494 3.45528
-27.6655 3.48145

-27.7056 3.54629
-27.7339 3.59375

-27.6657 3.48145
-27.7002 3.5376

-27.7056 3.54627
-27.7004 3.5376

-27.5954 3.36914
-27.6304 3.42529

-27.6494 3.45555
-27.6305 3.42529

-27.481 3.15784
-27.4998 3.20068

-27.4998 3.20068
-27.5287 3.25684

-27.481 3.15835
-27.4749 3.14453

-27.5371 3.27107
-27.529 3.25684

-30.457 7.12538
-30.4907 7.1875

-30.2324 6.71252
-30.247 6.73828

-30.0078 6.35972
-30.0394 6.40137

-30.064 6.43782
-30.0777 6.45752

-30.0781 6.45752
-30.1152 6.51367

-30.064 6.43726
-30.0389 6.40137

-30.1763 6.61327
-30.1839 6.62598

-30.1201 6.52188
-30.1502 6.56982

-30.1763 6.61324
-30.1503 6.56982

-30.1836 6.62598
-30.2157 6.68213

-30.2324 6.71228
-30.2157 6.68213

-30.1201 6.5217
-30.1151 6.51367

-30.3447 6.91898
-30.3685 6.96289

-30.2886 6.81519
-30.3077 6.85059

-30.2467 6.73828
-30.2774 6.79443

-30.2886 6.81518
-30.2773 6.79443

-30.3077 6.85059
-30.3381 6.90674

-30.3447 6.91903
-30.3381 6.90674

-30.4009 7.02232
-30.4297 7.0752

-30.3685 6.96289
-30.3991 7.01904

-30.4009 7.02228
-30.3991 7.01904

-30.457 7.12546
-30.4297 7.0752

-29.9517 6.28631
-29.9539 6.28906

-29.8955 6.21844
-29.9079 6.23291

-29.9517 6.28638
-29.908 6.23291

-29.8394 6.15388
-29.8598 6.17676

-29.7832 6.0924
-29.8094 6.12061

-29.8394 6.15385
-29.8096 6.12061

-29.8955 6.21862
-29.8597 6.17676

-29.7271 6.03295
-29.7573 6.06445

-29.6709 5.97572
-29.7032 6.0083

-29.7271 6.03292
-29.7034 6.0083

-29.6147 5.91958
-29.6477 5.95215

-29.5586 5.86638
-29.5895 5.896

-29.6147 5.91973
-29.59 5.896

-29.6709 5.97575
-29.6475 5.95215

-29.7832 6.09241
-29.7572 6.06445

-29.5024 5.81326
-29.5307 5.83984

-29.4463 5.7619
-29.4699 5.78369

-29.5024 5.8133
-29.4703 5.78369

-29.3901 5.71079
-29.4086 5.72754

-29.334 5.661
-29.3456 5.67139

-29.3901 5.71078
-29.3459 5.67139

-29.4463 5.762
-29.4083 5.72754

-29.2778 5.61121
-29.2824 5.61523

-29.2778 5.61154
-29.2217 5.56312

-29.1094 5.46837
-29.1504 5.50293

-29.1655 5.51581
-29.2166 5.55908

-29.2217 5.56352
-29.2164 5.55908

-29.1655 5.51588
-29.15 5.50293

-29.334 5.66115
-29.2816 5.61523

-29.5586 5.86653
-29.5302 5.83984

-29.9537 6.28906
-29.9973 6.34521

-30.0078 6.35932
-29.9974 6.34521

-28.9971 5.37657
-29.0142 5.39062

-28.9409 5.33178
-28.9443 5.33447

-28.9971 5.3768
-28.9444 5.33447

-28.9409 5.33186
-28.8848 5.28713

-28.7163 5.15385
-28.7316 5.16602

-28.6602 5.10926
-28.6609 5.10986

-28.7163 5.15394
-28.6612 5.10986

-28.8286 5.24255
-28.8738 5.27832

-28.7725 5.19854
-28.8024 5.22217

-28.8286 5.24264
-28.8026 5.22217

-28.8848 5.28722
-28.8735 5.27832

-28.7725 5.19861
-28.7314 5.16602

-28.4355 4.90736
-28.4671 4.94141

-28.2109 4.59943
-28.2136 4.60449

-28.2671 4.69501
-28.2808 4.7168

-28.2135 4.60449
-28.2457 4.66064

-28.2671 4.69502
-28.2454 4.66064

-28.3232 4.77646
-28.3626 4.8291

-28.3794 4.84666
-28.4134 4.88525

-28.4355 4.90823
-28.4132 4.88525

-28.3794 4.84783
-28.3629 4.8291

-28.2808 4.7168
-28.32 4.77295

-28.3232 4.77733
-28.3198 4.77295

-28.5479 5.01557
-28.5928 5.05371

-28.6602 5.10941
-28.604 5.06335

-28.604 5.0631
-28.5931 5.05371

-28.4917 4.96458
-28.5277 4.99756

-28.5479 5.01472
-28.5291 4.99756

-28.4917 4.96445
-28.4685 4.94141

-27.7617 3.64207
-27.7977 3.70605

-27.8179 3.74562
-27.8266 3.76221

-27.8268 3.76221
-27.8549 3.81836

-27.8179 3.74516
-27.7973 3.70605

-27.874 3.85862
-27.908 3.93066

-27.9302 3.98188
-27.9324 3.98682

-27.9325 3.98682
-27.9569 4.04297

-27.9302 3.98169
-27.9075 3.93066

-27.874 3.85837
-27.8548 3.81836

-27.9863 4.11218
-28.0048 4.15527

-28.0425 4.24357
-28.0528 4.26758

-28.0047 4.15527
-28.0286 4.21143

-28.0425 4.24355
-28.0286 4.21143

-28.0986 4.37106
-28.1026 4.37988

-28.1548 4.49068
-28.1555 4.49219

-28.1025 4.37988
-28.1285 4.43604

-28.1548 4.4907
-28.1285 4.43604

-28.0527 4.26758
-28.0773 4.32373

-28.0986 4.37114
-28.0773 4.32373

-27.9568 4.04297
-27.9808 4.09912

-27.9863 4.11219
-27.9808 4.09912

-27.7617 3.64198
-27.7339 3.59375

-28.1554 4.49219
-28.1837 4.54834

-28.2109 4.59953
-28.1836 4.54834

-29.0532 5.4226
-29.0826 5.44678

-29.1094 5.46884
-29.0826 5.44678

-29.0532 5.42264
-29.0139 5.39062

-30.9062 8.07104
-30.9115 8.08594

-30.9113 8.08594
-30.9295 8.14209

-30.9296 8.14209
-30.9469 8.19824

-30.9624 8.25147
-30.9633 8.25439

-30.9633 8.25439
-30.9791 8.31055

-30.9624 8.25142
-30.9468 8.19824

-31.0186 8.4613
-31.0369 8.53516

-30.9791 8.31055
-30.9943 8.3667

-30.9943 8.3667
-31.0089 8.42285

-31.0186 8.46106
-31.0089 8.42285

-31.1309 8.95058
-31.1382 8.98438

-31.0367 8.53516
-31.0501 8.59131

-31.0501 8.59131
-31.0632 8.64746

-31.0747 8.69787
-31.076 8.70361

-31.076 8.70361
-31.0887 8.75977

-31.0747 8.69785
-31.0632 8.64746

-31.0887 8.75977
-31.1013 8.81592

-31.1013 8.81592
-31.1137 8.87207

-31.1137 8.87207
-31.126 8.92822

-31.1309 8.95055
-31.126 8.92822

-31.1382 8.98438
-31.1503 9.04053

-31.1503 9.04053
-31.1622 9.09668

-31.1622 9.09668
-31.1739 9.15283

-31.1739 9.15283
-31.1855 9.20898

-31.187 9.21643
-31.1969 9.26514

-31.1969 9.26514
-31.208 9.32129

-31.187 9.21641
-31.1855 9.20898

-31.208 9.32129
-31.2189 9.37744

-31.2189 9.37744
-31.2296 9.43359

-31.2432 9.50703
-31.2503 9.5459

-31.2503 9.5459
-31.2602 9.60205

-31.2602 9.60205
-31.2699 9.6582

-31.2296 9.43359
-31.2401 9.48975

-31.2432 9.50683
-31.2401 9.48975

-31.2699 9.6582
-31.2793 9.71436

-31.2794 9.71436
-31.2886 9.77051

-31.2993 9.83774
-31.3064 9.88281

-31.2886 9.77051
-31.2976 9.82666

-31.2993 9.83771
-31.2976 9.82666

-31.3555 10.2197
-31.3706 10.332

-31.3705 10.332
-31.3778 10.3882

-31.3778 10.3882
-31.3849 10.4443

-31.3849 10.4443
-31.3919 10.5005

-31.3919 10.5005
-31.3987 10.5566

-31.4116 10.6657
-31.412 10.6689

-31.3987 10.5566
-31.4054 10.6128

-31.4116 10.6657
-31.4054 10.6128

-31.412 10.6689
-31.4185 10.7251

-31.4185 10.7251
-31.4248 10.7812

-31.3064 9.88281
-31.315 9.93896

-31.315 9.93896
-31.3234 9.99512

-31.3234 9.99512
-31.3316 10.0513

-31.3316 10.0513
-31.3397 10.1074

-31.3397 10.1074
-31.3477 10.1636

-31.3477 10.1636
-31.3554 10.2197

-31.4248 10.7812
-31.4312 10.8374

-31.4312 10.8374
-31.4375 10.8936

-31.4375 10.8936
-31.4438 10.9497

-31.4438 10.9497
-31.4502 11.0059

-31.4678 11.1569
-31.4767 11.2305

-31.4501 11.0059
-31.4566 11.062

-31.4566 11.062
-31.4632 11.1182

-31.4678 11.1569
-31.4631 11.1182

-31.4767 11.2305
-31.4838 11.2866

-31.4838 11.2866
-31.4912 11.3428

-31.4912 11.3428
-31.4987 11.3989

-31.4987 11.3989
-31.5066 11.4551

-31.5066 11.4551
-31.5147 11.5112

-31.5147 11.5112
-31.5232 11.5674

-31.5239 11.5723
-31.5318 11.6235

-31.5318 11.6235
-31.5407 11.6797

-31.5239 11.5723
-31.5232 11.5674

-31.5801 11.9157
-31.5972 12.0166

-31.5972 12.0166
-31.6067 12.0728

-31.6067 12.0728
-31.616 12.1289

-31.5407 11.6797
-31.5499 11.7358

-31.5499 11.7358
-31.5591 11.792

-31.5592 11.792
-31.5686 11.8481

-31.5686 11.8481
-31.5781 11.9043

-31.5801 11.9159
-31.5781 11.9043

-31.6161 12.1289
-31.6253 12.1851

-31.6253 12.1851
-31.6345 12.2412

-31.6362 12.2521
-31.6435 12.2974

-31.6435 12.2974
-31.6524 12.3535

-31.6362 12.252
-31.6345 12.2412

-31.6524 12.3535
-31.6611 12.4097

-31.6611 12.4097
-31.6697 12.4658

-31.6697 12.4658
-31.6782 12.522

-31.6782 12.522
-31.6866 12.5781

-31.8047 13.3768
-31.8195 13.4766

-31.8195 13.4766
-31.8278 13.5327

-31.8278 13.5327
-31.8362 13.5889

-31.8362 13.5889
-31.8445 13.645

-31.8445 13.645
-31.8528 13.7012

-31.8608 13.7557
-31.8611 13.7573

-31.8611 13.7573
-31.8693 13.8135

-31.8608 13.7557
-31.8528 13.7012

-31.8693 13.8135
-31.8775 13.8696

-31.8775 13.8696
-31.8857 13.9258

-31.917 14.1462
-31.9176 14.1504

-31.8857 13.9258
-31.8938 13.9819

-31.8938 13.9819
-31.9018 14.0381

-31.9018 14.0381
-31.9097 14.0942

-31.917 14.1462
-31.9097 14.0942

-31.9176 14.1504
-31.9328 14.2627

-31.9328 14.2627
-31.9402 14.3188

-31.9402 14.3188
-31.9473 14.375

-31.6924 12.6166
-31.7034 12.6904

-31.7033 12.6904
-31.7116 12.7466

-31.7116 12.7466
-31.7199 12.8027

-31.6924 12.6166
-31.6866 12.5781

-31.7199 12.8027
-31.7281 12.8589

-31.7281 12.8589
-31.7364 12.915

-31.7485 12.9975
-31.7529 13.0273

-31.7364 12.915
-31.7447 12.9712

-31.7485 12.9975
-31.7447 12.9712

-31.7529 13.0273
-31.7612 13.0835

-31.7612 13.0835
-31.7695 13.1396

-31.7695 13.1396
-31.7778 13.1958

-31.7778 13.1958
-31.7861 13.252

-31.7861 13.252
-31.7945 13.3081

-31.7945 13.3081
-31.8028 13.3643

-31.8047 13.3768
-31.8028 13.3643

-30.6816 7.54695
-30.6988 7.58057

-30.6989 7.58057
-30.7269 7.63672

-30.5693 7.33357
-30.5813 7.35596

-30.5813 7.35596
-30.6112 7.41211

-30.5132 7.22915
-30.521 7.24365

-30.521 7.24365
-30.5512 7.2998

-30.5132 7.22915
-30.4907 7.1875

-30.5693 7.33357
-30.5513 7.2998

-30.6255 7.43927
-30.6408 7.46826

-30.6409 7.46826
-30.6701 7.52441

-30.6255 7.43917
-30.6112 7.41211

-30.6816 7.54697
-30.6701 7.52441

-30.7939 7.78063
-30.8048 7.80518

-30.805 7.80518
-30.8286 7.86133

-30.7378 7.65942
-30.7539 7.69287

-30.754 7.69287
-30.78 7.74902

-30.7378 7.65922
-30.7269 7.63672

-30.7939 7.78047
-30.78 7.74902

-30.8501 7.91606
-30.8507 7.91748

-30.851 7.91748
-30.8722 7.97363

-30.8501 7.91545
-30.8285 7.86133

-30.8722 7.97363
-30.8923 8.02979

-30.9062 8.0708
-30.8923 8.02979

-31.9473 14.375
-31.9542 14.4312

-31.9542 14.4312
-31.9609 14.4873

-31.9731 14.5977
-31.9733 14.5996

-31.9609 14.4873
-31.9673 14.5435

-31.9731 14.5978
-31.9673 14.5435

-31.9734 14.5996
-31.9791 14.6558

-31.9791 14.6558
-31.9844 14.7119

-31.9844 14.7119
-31.9893 14.7681

-31.9893 14.7681
-31.9939 14.8242

-31.9939 14.8242
-31.998 14.8804

-31.998 14.8804
-32.0017 14.9365

-32.0017 14.9365
-32.0049 14.9927

-32.0049 14.9927
-32.0078 15.0488

-32.0078 15.0488
-32.0102 15.105

-32.0102 15.105
-32.0123 15.1611

-32.0123 15.1611
-32.014 15.2173

-32.014 15.2173
-32.0154 15.2734

-32.0154 15.2734
-32.0165 15.3296

-32.0165 15.3296
-32.0174 15.3857

-32.0174 15.3857
-32.0181 15.4419

-32.0181 15.4419
-32.0186 15.498

-32.0185 15.498
-32.0189 15.5542

-32.0189 15.5542
-32.0191 15.6104

-32.0191 15.6104
-32.0192 15.6665

-32.0192 15.6665
-32.0193 15.7227

-32.0193 15.7227
-32.0193 15.7788

-32.0193 15.7788
-32.0192 15.835

-32.0192 15.835
-32.0191 15.8911

-32.0191 15.8911
-32.0189 15.9473

-32.0189 15.9473
-32.0186 16.0034

-32.0186 16.0034
-32.0183 16.0596

-32.0183 16.0596
-32.018 16.1157

-32.018 16.1157
-32.0175 16.1719

-32.0175 16.1719
-32.017 16.228

-32.017 16.228
-32.0163 16.2842

-32.0163 16.2842
-32.0156 16.3403

-32.0156 16.3403
-32.0147 16.3965

-32.0147 16.3965
-32.0137 16.4526

-32.0137 16.4526
-32.0125 16.5088

-32.0125 16.5088
-32.0111 16.5649

-32.0111 16.5649
-32.0096 16.6211

-32.0096 16.6211
-32.0079 16.6772

-32.0079 16.6772
-32.006 16.7334

-32.006 16.7334
-32.0039 16.7896

-32.0039 16.7896
-32.0016 16.8457

-32.0015 16.8457
-31.999 16.9019

-31.999 16.9019
-31.9963 16.958

-31.9963 16.958
-31.9934 17.0142

-31.9934 17.0142
-31.9903 17.0703

-31.9903 17.0703
-31.9871 17.1265

-31.9871 17.1265
-31.9836 17.1826

-31.9836 17.1826
-31.98 17.2388

-31.98 17.2388
-31.9762 17.2949

-31.9762 17.2949
-31.9731 17.3374

-31.9731 17.3376
-31.9722 17.3511

-31.9722 17.3511
-31.968 17.4072

-31.968 17.4072
-31.9637 17.4634

-31.9637 17.4634
-31.9592 17.5195

-31.9592 17.5195
-31.9545 17.5757

-31.9545 17.5757
-31.9496 17.6318

-31.9496 17.6318
-31.9445 17.688

-31.9445 17.688
-31.9391 17.7441

-31.9391 17.7441
-31.9336 17.8003

-31.9336 17.8003
-31.9278 17.8564

-31.9279 17.8564
-31.917 17.9574

-31.917 17.9571
-31.9157 17.9688

-31.9157 17.9688
-31.9094 18.0249

-31.9094 18.0249
-31.9028 18.0811

-31.9028 18.0811
-31.8961 18.1372

-31.8961 18.1372
-31.8893 18.1934

-31.8892 18.1934
-31.8823 18.2495

-31.8823 18.2495
-31.8752 18.3057

-31.8752 18.3057
-31.8681 18.3618

-31.868 18.3618
-31.8608 18.418

-31.8608 18.418
-31.8536 18.4741

-31.8536 18.4741
-31.8464 18.5303

-31.8464 18.5303
-31.8393 18.5864

-31.8393 18.5864
-31.8322 18.6426

-31.8322 18.6426
-31.8252 18.6987

-31.8252 18.6987
-31.8183 18.7549

-31.8182 18.7549
-31.8048 18.8672

-31.8048 18.8672
-31.8047 18.8684

-31.8047 18.8685
-31.7983 18.9233

-31.7983 18.9233
-31.7919 18.9795

-31.7919 18.9795
-31.7856 19.0356

-31.7856 19.0356
-31.7794 19.0918

-31.7794 19.0918
-31.7733 19.1479

-31.7733 19.1479
-31.7672 19.2041

-31.7672 19.2041
-31.7612 19.2603

-31.7612 19.2603
-31.7553 19.3164

-31.7553 19.3164
-31.7494 19.3726

-31.7494 19.3726
-31.7485 19.3807

-31.7485 19.3808
-31.7436 19.4287

-31.7435 19.4287
-31.7378 19.4849

-31.7378 19.4849
-31.732 19.541

-31.732 19.541
-31.7264 19.5972

-31.7264 19.5972
-31.7209 19.6533

-31.7209 19.6533
-31.7156 19.7095

-31.7156 19.7095
-31.7104 19.7656

-31.7104 19.7656
-31.7055 19.8218

-31.7055 19.8218
-31.7009 19.8779

-31.7008 19.8779
-31.6925 19.9902

-31.6926 19.9902
-31.6924 19.9935

-31.6924 19.9936
-31.689 20.0464

-31.689 20.0464
-31.6858 20.1025

-31.6858 20.1025
-31.683 20.1587

-31.6829 20.1587
-31.6805 20.2148

-31.6805 20.2148
-31.6785 20.271

-31.6785 20.271
-31.6769 20.3271

-31.6769 20.3271
-31.6757 20.3833

-31.6757 20.3833
-31.6749 20.4395

-31.6749 20.4395
-31.6744 20.4956

-31.6744 20.4956
-31.6743 20.5518

-31.6743 20.5518
-31.6745 20.6079

-31.6745 20.6079
-31.6751 20.6641

-31.6751 20.6641
-31.6759 20.7202

-31.676 20.7202
-31.6771 20.7764

-31.6771 20.7764
-31.6786 20.8325

-31.6786 20.8325
-31.6803 20.8887

-31.6803 20.8887
-31.6823 20.9448

-31.6823 20.9448
-31.6846 21.001

-31.6846 21.001
-31.6871 21.0571

-31.6871 21.0571
-31.6899 21.1133

-31.6924 21.1589
-31.6961 21.2256

-31.6961 21.2256
-31.7034 21.3379

-31.6924 21.1596
-31.6899 21.1133

-31.7035 21.3379
-31.7074 21.394

-31.7074 21.394
-31.7116 21.4502

-31.7116 21.4502
-31.7161 21.5063

-31.7161 21.5063
-31.7207 21.5625

-31.8047 22.3243
-31.8079 22.3486

-31.8079 22.3486
-31.8235 22.4609

-31.8235 22.4609
-31.8316 22.5171

-31.8316 22.5171
-31.8397 22.5732

-31.8398 22.5732
-31.8481 22.6294

-31.8481 22.6294
-31.8565 22.6855

-31.8608 22.7143
-31.865 22.7417

-31.865 22.7417
-31.8736 22.7979

-31.8608 22.7143
-31.8565 22.6855

-31.8736 22.7979
-31.8823 22.854

-31.8823 22.854
-31.891 22.9102

-31.917 23.0744
-31.9266 23.1348

-31.891 22.9102
-31.8998 22.9663

-31.8998 22.9663
-31.9087 23.0225

-31.917 23.0745
-31.9087 23.0225

-31.9266 23.1348
-31.9357 23.1909

-31.9357 23.1909
-31.9449 23.2471

-31.9449 23.2471
-31.9541 23.3032

-31.9541 23.3032
-31.9635 23.3594

-31.7207 21.5625
-31.7256 21.6187

-31.7256 21.6187
-31.7307 21.6748

-31.7307 21.6748
-31.7359 21.731

-31.7359 21.731
-31.7414 21.7871

-31.7485 21.8563
-31.7531 21.8994

-31.7414 21.7871
-31.7472 21.8433

-31.7485 21.8563
-31.7472 21.8433

-31.7531 21.8994
-31.7592 21.9556

-31.7592 21.9556
-31.7655 22.0117

-31.7655 22.0117
-31.7721 22.0679

-31.7721 22.0679
-31.7789 22.124

-31.7789 22.124
-31.7858 22.1802

-31.7858 22.1802
-31.793 22.2363

-31.793 22.2363
-31.8004 22.2925

-31.8047 22.3245
-31.8004 22.2925

-32.0293 23.7307
-32.044 23.8086

-31.9731 23.4164
-31.9826 23.4717

-31.9635 23.3594
-31.973 23.4155

-31.9731 23.4164
-31.973 23.4155

-31.9826 23.4717
-31.9924 23.5278

-31.9924 23.5278
-32.0024 23.584

-32.0024 23.584
-32.0125 23.6401

-32.0125 23.6401
-32.0228 23.6963

-32.0293 23.7308
-32.0228 23.6963

-32.044 23.8086
-32.0548 23.8647

-32.0548 23.8647
-32.0657 23.9209

-32.0854 24.0218
-32.0877 24.0332

-32.0657 23.9209
-32.0767 23.9771

-32.0854 24.0218
-32.0767 23.9771

-32.0877 24.0332
-32.0987 24.0894

-32.0987 24.0894
-32.1097 24.1455

-32.1097 24.1455
-32.1206 24.2017

-32.1206 24.2017
-32.1316 24.2578

-32.2539 24.8606
-32.2695 24.9316

-32.2696 24.9316
-32.2821 24.9878

-32.2821 24.9878
-32.2948 25.0439

-32.3101 25.1107
-32.3205 25.1562

-32.2948 25.0439
-32.3076 25.1001

-32.3101 25.1107
-32.3076 25.1001

-32.1416 24.3096
-32.1534 24.3701

-32.1533 24.3701
-32.1643 24.4263

-32.1643 24.4263
-32.1754 24.4824

-32.1416 24.3095
-32.1315 24.2578

-32.1978 24.5943
-32.1978 24.5947

-32.1753 24.4824
-32.1865 24.5386

-32.1978 24.5944
-32.1865 24.5386

-32.1978 24.5947
-32.2093 24.6509

-32.2093 24.6509
-32.221 24.707

-32.221 24.707
-32.2328 24.7632

-32.2328 24.7632
-32.2449 24.8193

-32.2539 24.8607
-32.2449 24.8193

-32.7031 26.6955
-32.7118 26.7285

-32.7118 26.7285
-32.7267 26.7847

-32.7267 26.7847
-32.7416 26.8408

-32.7593 26.9071
-32.7716 26.9531

-32.7416 26.8408
-32.7566 26.897

-32.7593 26.9071
-32.7566 26.897

-32.8154 27.1155
-32.8323 27.1777

-32.7716 26.9531
-32.7867 27.0093

-32.7867 27.0093
-32.8018 27.0654

-32.8154 27.1156
-32.8018 27.0654

-32.8323 27.1777
-32.8476 27.2339

-32.8476 27.2339
-32.8629 27.29

-32.8716 27.3219
-32.8782 27.3462

-32.8782 27.3462
-32.8936 27.4023

-32.8716 27.3219
-32.8629 27.29

-32.9277 27.5271
-32.9397 27.5708

-32.9397 27.5708
-32.9551 27.627

-32.9839 27.7314
-32.9861 27.7393

-32.9551 27.627
-32.9706 27.6831

-32.9839 27.7314
-32.9706 27.6831

-32.986 27.7393
-33.0015 27.7954

-33.0015 27.7954
-33.0171 27.8516

-32.8936 27.4023
-32.9089 27.4585

-32.9089 27.4585
-32.9243 27.5146

-32.9277 27.5271
-32.9243 27.5146

-33.1523 28.3338
-33.175 28.4131

-33.175 28.4131
-33.1911 28.4692

-33.1911 28.4692
-33.2073 28.5254

-33.2646 28.7229
-33.2726 28.75

-33.2085 28.5295
-33.2235 28.5815

-33.2235 28.5815
-33.2398 28.6377

-33.2085 28.5295
-33.2073 28.5254

-33.2398 28.6377
-33.2562 28.6938

-33.2646 28.7229
-33.2562 28.6938

-33.04 27.9344
-33.0482 27.9639

-33.0482 27.9639
-33.0639 28.02

-33.0639 28.02
-33.0796 28.0762

-33.0171 27.8516
-33.0326 27.9077

-33.04 27.9344
-33.0326 27.9077

-33.0962 28.1354
-33.1111 28.1885

-33.0796 28.0762
-33.0953 28.1323

-33.0962 28.1354
-33.0953 28.1323

-33.1111 28.1885
-33.127 28.2446

-33.127 28.2446
-33.1429 28.3008

-33.1523 28.3338
-33.1429 28.3008

-32.3662 25.3518
-32.373 25.3809

-32.3205 25.1562
-32.3335 25.2124

-32.3335 25.2124
-32.3466 25.2686

-32.3466 25.2686
-32.3598 25.3247

-32.3662 25.3519
-32.3598 25.3247

-32.373 25.3809
-32.3864 25.437

-32.3864 25.437
-32.3998 25.4932

-32.4224 25.587
-32.4268 25.6055

-32.3998 25.4932
-32.4133 25.5493

-32.4224 25.587
-32.4133 25.5493

-32.4785 25.8167
-32.4818 25.8301

-32.4818 25.8301
-32.4958 25.8862

-32.4958 25.8862
-32.5098 25.9424

-32.5347 26.0415
-32.538 26.0547

-32.5098 25.9424
-32.5238 25.9985

-32.5347 26.0415
-32.5238 25.9985

-32.4268 25.6055
-32.4404 25.6616

-32.4404 25.6616
-32.4542 25.7178

-32.4542 25.7178
-32.4679 25.7739

-32.4785 25.8167
-32.4679 25.7739

-32.5908 26.2626
-32.5951 26.2793

-32.538 26.0547
-32.5522 26.1108

-32.5522 26.1108
-32.5664 26.167

-32.5664 26.167
-32.5807 26.2231

-32.5908 26.2627
-32.5807 26.2231

-32.5951 26.2793
-32.6095 26.3354

-32.6095 26.3354
-32.6239 26.3916

-32.647 26.4807
-32.653 26.5039

-32.6239 26.3916
-32.6384 26.4478

-32.647 26.4807
-32.6384 26.4478

-32.653 26.5039
-32.6676 26.5601

-32.6676 26.5601
-32.6823 26.6162

-32.6823 26.6162
-32.697 26.6724

-32.7031 26.6955
-32.697 26.6724

-33.6016 29.8449
-33.6102 29.873

-33.6102 29.873
-33.6276 29.9292

-33.6276 29.9292
-33.6449 29.9854

-33.6577 30.0266
-33.6623 30.0415

-33.6623 30.0415
-33.6798 30.0977

-33.6577 30.0266
-33.6449 29.9854

-33.7139 30.207
-33.7148 30.21

-33.7148 30.21
-33.7324 30.2661

-33.7324 30.2661
-33.75 30.3223

-33.6798 30.0977
-33.6972 30.1538

-33.7139 30.207
-33.6972 30.1538

-33.77 30.386
-33.7853 30.4346

-33.75 30.3223
-33.7676 30.3784

-33.77 30.386
-33.7676 30.3784

-33.7853 30.4346
-33.803 30.4907

-33.803 30.4907
-33.8207 30.5469

-33.377 29.1043
-33.3885 29.1431

-33.3885 29.1431
-33.4052 29.1992

-33.2726 28.75
-33.289 28.8062

-33.289 28.8062
-33.3055 28.8623

-33.3208 28.9145
-33.322 28.9185

-33.322 28.9185
-33.3385 28.9746

-33.3208 28.9145
-33.3055 28.8623

-33.3385 28.9746
-33.3551 29.0308

-33.3551 29.0308
-33.3718 29.0869

-33.377 29.1043
-33.3718 29.0869

-33.4331 29.2922
-33.4389 29.3115

-33.4052 29.1992
-33.422 29.2554

-33.4331 29.2922
-33.422 29.2554

-33.4389 29.3115
-33.4558 29.3677

-33.4558 29.3677
-33.4728 29.4238

-33.4893 29.4781
-33.5069 29.5361

-33.5069 29.5361
-33.524 29.5923

-33.524 29.5923
-33.5412 29.6484

-33.4893 29.4782
-33.4728 29.4238

-33.5454 29.6621
-33.5584 29.7046

-33.5584 29.7046
-33.5757 29.7607

-33.5454 29.6622
-33.5412 29.6484

-33.5757 29.7607
-33.5929 29.8169

-33.6016 29.8449
-33.5929 29.8169

-34.0508 31.2716
-34.0705 31.333

-34.0705 31.333
-34.0887 31.3892

-34.0887 31.3892
-34.1069 31.4453

-33.8262 30.5641
-33.8385 30.603

-33.8385 30.603
-33.8562 30.6592

-33.8823 30.7417
-33.8917 30.7715

-33.8562 30.6592
-33.874 30.7153

-33.8823 30.7417
-33.874 30.7153

-33.9385 30.9192
-33.9629 30.9961

-33.8917 30.7715
-33.9095 30.8276

-33.9095 30.8276
-33.9273 30.8838

-33.9385 30.9192
-33.9273 30.8838

-33.8262 30.5641
-33.8207 30.5469

-33.9946 31.096
-33.9986 31.1084

-33.9629 30.9961
-33.9807 31.0522

-33.9946 31.096
-33.9807 31.0522

-33.9986 31.1084
-34.0165 31.1646

-34.0165 31.1646
-34.0344 31.2207

-34.0508 31.2716
-34.0344 31.2207

-34.1631 31.6171
-34.1804 31.6699

-34.1069 31.4454
-34.1252 31.5015

-34.1252 31.5015
-34.1435 31.5576

-34.1435 31.5576
-34.162 31.6138

-34.1631 31.6172
-34.162 31.6138

-34.1805 31.6699
-34.199 31.7261

-34.199 31.7261
-34.2175 31.7822

-34.2192 31.7874
-34.2361 31.8384

-34.2361 31.8384
-34.2547 31.8945

-34.2192 31.7874
-34.2175 31.7822

-34.2754 31.957
-34.2919 32.0068

-34.2919 32.0068
-34.3106 32.063

-34.3106 32.063
-34.3293 32.1191

-34.3877 32.293
-34.4048 32.3438

-34.3315 32.1259
-34.348 32.1753

-34.348 32.1753
-34.3669 32.2314

-34.3315 32.126
-34.3293 32.1191

-34.3669 32.2314
-34.3858 32.2876

-34.3877 32.2931
-34.3858 32.2876

-34.2547 31.8945
-34.2733 31.9507

-34.2754 31.957
-34.2733 31.9507

-34.4049 32.3438
-34.424 32.3999

-34.424 32.3999
-34.4432 32.4561

-34.4438 32.4579
-34.4625 32.5122

-34.4625 32.5122
-34.4819 32.5684

-34.4438 32.4579
-34.4432 32.4561

-34.5 32.6206
-34.4819 32.5684

-77.625 119.392
-78.1338 120.391

-78.0626 120.391
-78.9584 122.188

-81.2188 125.957
-81.9833 127.578

-81.8927 127.578
-82.8016 129.375

-79.4219 122.949
-80.0389 123.984

-80.1329 123.984
-81.1725 125.781

-79.4219 123.02
-78.9254 122.188

-81.2188 125.787
-81.2162 125.781

-84.8125 132.569
-85.0314 132.969

-86.6094 136.454
-86.6694 136.562

-84.956 132.969
-85.7461 134.766

-86.6094 136.506
-85.6448 134.766

-88.4062 139.064
-89.066 140.156

-90.2031 141.664
-90.4088 141.953

-90.5239 141.953
-91.7608 143.75

-88.8573 140.156
-90.1369 141.953

-90.2031 142.263
-89.9263 141.953

-86.741 136.562
-87.9486 138.359

-88.4062 138.891
-88.0853 138.359

-86.6094 136.676
-86.533 136.562

-83.0156 129.649
-83.9551 131.172

-84.8125 132.51
-84.0793 131.172

-83.0156 129.808
-82.7485 129.375

-75.8281 116.329
-76.0917 116.797

-76.1494 116.797
-77.2082 118.594

-75.8281 116.353
-75.0655 115

-77.625 119.313
-77.2582 118.594

