-65.6456 0
-65.6406 0.0561523

-65.6405 0.0561523
-65.6256 0.112305

-65.628 0.112305
-65.6084 0.145663

-65.6084 0.153936
-65.6018 0.168457

-65.6015 0.168457
-65.5625 0.224609

-65.5616 0.224609
-65.5522 0.234633

-65.5522 0.234812
-65.5092 0.280762

-65.5093 0.280762
-65.4961 0.294598

-65.4961 0.29422
-65.441 0.336914

-65.4399 0.335789
-65.438 0.336914

-65.4318 0.336914
-65.3838 0.371582

-65.3838 0.367751
-65.3314 0.393066

-65.3301 0.393066
-65.3276 0.394271

-65.3276 0.394662
-65.2715 0.417291

-65.2715 0.417086
-65.2153 0.435993

-65.2153 0.436003
-65.1684 0.449219

-65.1649 0.449219
-65.1592 0.451045

-65.1592 0.450938
-65.103 0.465401

-65.103 0.465647
-65.0469 0.479782

-65.0469 0.479746
-64.9907 0.493135

-64.9907 0.492973
-64.9374 0.505371

-64.9368 0.505371
-64.9346 0.505899

-64.9346 0.505852
-64.8784 0.519236

-64.8784 0.519242
-64.8223 0.533281

-64.8223 0.533379
-64.7661 0.547864

-64.7661 0.547891
-64.7143 0.561523

-64.71 0.560887
-64.7079 0.561523

-64.71 0.561663
-64.6538 0.578673

-64.6538 0.578959
-64.5977 0.599542

-64.5977 0.599844
-64.5544 0.617676

-64.5534 0.617676
-64.5415 0.622585

-64.5415 0.622669
-64.4854 0.648342

-64.4854 0.648578
-64.4354 0.673828

-64.4331 0.673828
-64.373 0.708385

-64.373 0.711831
-64.3481 0.72998

-64.3454 0.72998
-64.3169 0.750739

-64.3169 0.750619
-64.2746 0.786133

-64.2739 0.786133
-64.2607 0.796623

-64.2607 0.797931
-64.2144 0.842285

-64.2171 0.842285
-64.2046 0.856801

-64.2046 0.854557
-64.1669 0.898438

-64.1667 0.898438
-64.1484 0.925342

-64.1484 0.924871
-64.1269 0.95459

-64.1274 0.95459
-64.093 1.01074

-64.0931 1.01074
-64.0923 1.01236

-64.0923 1.01237
-64.0636 1.06689

-64.0638 1.06689
-64.0385 1.12305

-64.0386 1.12305
-64.0361 1.12984

-64.0361 1.12973
-64.0169 1.1792

-64.0169 1.1792
-63.998 1.23535

-63.9981 1.23535
-63.9817 1.2915

-63.9817 1.2915
-63.98 1.29846

-63.98 1.2985
-63.9679 1.34766

-63.968 1.34766
-63.9567 1.40381

-63.9567 1.40381
-63.9477 1.45996

-63.9477 1.45996
-63.9411 1.51611

-63.9411 1.51611
-63.9369 1.57227

-63.9368 1.57227
-63.9352 1.62842

-63.9352 1.62842
-63.9363 1.68457

-63.9361 1.68457
-63.94 1.74072

-63.9401 1.74072
-63.947 1.79688

-64.1484 2.24544
-64.1489 2.24609

-64.373 2.46787
-64.3758 2.4707

-64.4854 2.63049
-64.5174 2.69531

-64.4292 2.5375
-64.4606 2.58301

-64.3746 2.4707
-64.421 2.52686

-64.4292 2.53725
-64.422 2.52686

-64.4854 2.62865
-64.4601 2.58301

-64.3169 2.41342
-64.318 2.41455

-64.373 2.46802
-64.321 2.41455

-64.3169 2.41384
-64.2607 2.36066

-64.2046 2.30491
-64.2581 2.3584

-64.1501 2.24609
-64.2015 2.30225

-64.2046 2.30479
-64.202 2.30225

-64.2607 2.36023
-64.2589 2.3584

-64.5415 2.79686
-64.5437 2.80762

-64.5148 2.69531
-64.532 2.75146

-64.5415 2.79675
-64.5321 2.75146

-64.5439 2.80762
-64.5496 2.86377

-64.5493 2.86377
-64.5491 2.91992

-64.5502 2.91992
-64.5424 2.97607

-64.5421 2.97607
-64.5415 2.97812

-64.5415 2.9768
-64.5256 3.03223

-64.5281 3.03223
-64.5001 3.08838

-64.4979 3.08838
-64.4854 3.10403

-64.4854 3.10816
-64.4563 3.14453

-64.4543 3.14453
-64.4292 3.17468

-64.4292 3.17077
-64.3854 3.20068

-64.3819 3.20068
-64.373 3.20673

-64.373 3.2066
-64.3169 3.23058

-64.3169 3.23082
-64.2607 3.2441

-64.2607 3.24402
-64.2046 3.24627

-64.2046 3.24606
-64.1484 3.23783

-63.9467 1.79688
-63.9569 1.85303

-63.957 1.85303
-63.9708 1.90918

-63.98 1.93876
-63.9883 1.96533

-63.9881 1.96533
-64.01 2.02148

-63.98 1.93877
-63.9707 1.90918

-64.0361 2.07442
-64.0673 2.13379

-64.0923 2.16828
-64.1067 2.18994

-64.1484 2.24473
-64.1052 2.18994

-64.0923 2.1704
-64.0679 2.13379

-64.0361 2.07649
-64.0099 2.02148

-63.5869 2.40984
-63.5905 2.41455

-63.5869 2.43717
-63.5906 2.4707

-63.5308 2.34042
-63.552 2.3584

-63.5308 2.34223
-63.4746 2.31769

-63.5869 2.41089
-63.548 2.3584

-63.5879 2.4707
-63.5869 2.48391

-63.5821 2.4707
-63.5783 2.58301

-63.5742 2.58301
-63.5695 2.63916

-63.5688 2.63916
-63.571 2.69531

-63.4185 2.29634
-63.4349 2.30225

-63.4746 2.31501
-63.439 2.30225

-63.4185 2.2967
-63.3623 2.28273

-63.3623 2.28379
-63.3062 2.27118

-63.3062 2.27321
-63.25 2.25576

-63.9238 3.13697
-63.9374 3.14453

-63.9238 3.1366
-63.8677 3.10158

-63.8115 3.0635
-63.8463 3.08838

-63.8677 3.10208
-63.8485 3.08838

-63.7554 3.01486
-63.7757 3.03223

-63.6992 2.95479
-63.7171 2.97607

-63.7554 3.01538
-63.7141 2.97607

-63.8115 3.06532
-63.7784 3.03223

-64.1484 3.23724
-64.0923 3.2201

-64.0361 3.19553
-64.0485 3.20068

-64.0923 3.21949
-64.0473 3.20068

-64.0361 3.19539
-63.98 3.16809

-63.98 3.16885
-63.9364 3.14453

-63.5869 2.76578
-63.6018 2.80762

-63.6431 2.88219
-63.6684 2.91992

-63.6017 2.80762
-63.6305 2.86377

-63.6431 2.88121
-63.6313 2.86377

-63.5869 2.76226
-63.5684 2.69531

-63.6992 2.95565
-63.6646 2.91992

-62.8008 0.439549
-62.8272 0.449219

-63.0254 0.831119
-63.0269 0.842285

-63.0272 0.842285
-63.0295 0.898438

-62.9692 0.542307
-62.9843 0.561523

-62.9131 0.483346
-62.9437 0.505371

-62.9692 0.541233
-62.9412 0.505371

-62.9798 0.561523
-62.9966 0.617676

-62.9927 0.617676
-63.0001 0.673828

-62.9131 0.477849
-62.8399 0.449219

-62.9989 0.673828
-63.0072 0.72998

-63.0076 0.72998
-63.0182 0.786133

-63.0254 0.831146
-63.0223 0.786133

-62.8008 0.438558
-62.7446 0.415147

-62.6885 0.388801
-62.6967 0.393066

-62.7446 0.413718
-62.7046 0.393066

-62.5762 0.251103
-62.5953 0.280762

-62.5832 0.280762
-62.6264 0.336914

-62.6885 0.392727
-62.6323 0.345179

-62.6323 0.348741
-62.6158 0.336914

-62.52 0.192346
-62.5507 0.224609

-62.52 0.197493
-62.4639 0.176341

-62.4639 0.183181
-62.4077 0.188926

-62.4077 0.19155
-62.3516 0.205266

-62.5762 0.254763
-62.5294 0.224609

-63.0316 0.898438
-63.0264 0.95459

-63.0266 0.95459
-63.0254 0.958909

-63.0254 0.941925
-63.0126 1.01074

-63.0083 1.01074
-62.9856 1.06689

-62.9846 1.06689
-62.9692 1.10253

-62.9692 1.10223
-62.9603 1.12305

-62.96 1.12305
-62.9373 1.1792

-62.9372 1.1792
-62.9167 1.23535

-62.9158 1.23535
-62.9131 1.24387

-62.9131 1.246
-62.8988 1.2915

-62.8989 1.2915
-62.8848 1.34766

-62.8847 1.34766
-62.8741 1.40381

-62.8741 1.40381
-62.867 1.45996

-62.8668 1.45996
-62.8635 1.51611

-62.8635 1.51611
-62.8642 1.57227

-62.8642 1.57227
-62.8689 1.62842

-62.8689 1.62842
-62.8775 1.68457

-62.8776 1.68457
-62.8898 1.74072

-62.8901 1.74072
-62.9053 1.79688

-62.3516 0.206574
-62.2954 0.220397

-62.2954 0.22049
-62.2759 0.224609

-62.2722 0.224609
-62.2393 0.231962

-62.2393 0.231883
-62.1831 0.242546

-62.1831 0.242742
-62.127 0.252015

-62.127 0.252188
-62.0708 0.25933

-62.0708 0.259481
-62.0146 0.263847

-62.0146 0.263919
-61.9585 0.265061

-61.9585 0.265041
-61.9023 0.262857

-61.9023 0.262667
-61.8462 0.25758

-61.8462 0.257178
-61.79 0.250373

-61.79 0.249897
-61.7339 0.243129

-61.7339 0.242755
-61.6777 0.237723

-61.6777 0.237589
-61.6216 0.235309

-61.6216 0.235438
-61.5654 0.23592

-61.5654 0.236212
-61.5093 0.238614

-61.5093 0.238929
-61.4531 0.242034

-63.1938 2.23108
-63.2277 2.24609

-63.1938 2.23096
-63.1377 2.19839

-63.0254 2.0867
-63.0611 2.13379

-63.0815 2.15544
-63.1244 2.18994

-63.1377 2.19765
-63.1281 2.18994

-63.0815 2.1567
-63.0545 2.13379

-62.9131 1.82105
-62.9231 1.85303

-62.923 1.85303
-62.9425 1.90918

-62.9692 1.97765
-62.9891 2.02148

-62.9421 1.90918
-62.9639 1.96533

-62.9692 1.97768
-62.9636 1.96533

-62.9131 1.82287
-62.9045 1.79688

-63.0254 2.0787
-62.983 2.02148

-63.25 2.25389
-63.2354 2.24609

-61.4531 0.242265
-61.397 0.244983

-61.397 0.245085
-61.3408 0.246753

-61.3408 0.246735
-61.2847 0.247187

-61.2847 0.247102
-61.2285 0.246542

-61.2285 0.246437
-61.1724 0.245248

-61.1724 0.245159
-61.1162 0.243727

-61.1162 0.243671
-61.0601 0.242286

-61.0601 0.242261
-61.0039 0.241089

-61.0039 0.241092
-60.9478 0.240176

-60.9478 0.240201
-60.8916 0.239489

-60.8916 0.239528
-60.8354 0.238892

-60.8354 0.238923
-60.7793 0.238225

-60.7793 0.238213
-60.7231 0.237416

-60.7231 0.237357
-60.667 0.236601

-60.667 0.236572
-60.6108 0.236032

-60.6108 0.235986
-60.5547 0.235814

-60.5547 0.235965
-60.4985 0.23595

-60.4985 0.235913
-60.4424 0.235832

-60.4424 0.235832
-60.3301 0.235688

-60.3301 0.235818
-60.2178 0.235433

-60.2178 0.235402
-60.1055 0.234578

-60.1055 0.234535
-59.9932 0.23342

-59.9932 0.233348
-59.8809 0.232172

-59.8809 0.232171
-59.7686 0.231076

-59.7686 0.231108
-59.6562 0.23003

-59.6562 0.230021
-59.5439 0.228915

-59.5439 0.228911
-59.4316 0.227806

-59.4316 0.227811
-59.3193 0.226703

-59.3193 0.226757
-59.207 0.225531

-59.0947 0.223967
-59.1372 0.224609

-59.0947 0.223945
-59.0386 0.223077

-59.0386 0.223067
-58.9824 0.222254

-59.207 0.225593
-59.1348 0.224609

-58.9824 0.222255
-58.9263 0.221513

-58.9263 0.221511
-58.8701 0.220843

-58.8701 0.220843
-58.814 0.220251

-58.814 0.220251
-58.7578 0.219736

-58.7578 0.219736
-58.7017 0.219299

-58.7017 0.219298
-58.6455 0.21894

-58.6455 0.218939
-58.5894 0.218662

-58.5894 0.218661
-58.5332 0.218466

-58.5332 0.218465
-58.4771 0.218354

-58.4771 0.218354
-58.4209 0.218328

-58.4209 0.218328
-58.3647 0.21839

-58.3647 0.21839
-58.3086 0.218539

-58.3086 0.21854
-58.2524 0.218776

-58.2524 0.218777
-58.1963 0.219098

-58.1963 0.219098
-58.1401 0.219502

-58.1401 0.219503
-58.084 0.219988

-58.084 0.219988
-58.0278 0.22055

-58.0278 0.220551
-57.9717 0.221186

-57.9717 0.221187
-57.9155 0.22189

-57.9155 0.221891
-57.8594 0.22266

-57.8594 0.222663
-57.8032 0.223489

-57.8032 0.223498
-57.7471 0.224358

-57.7471 0.224375
-57.7309 0.224609

-57.7338 0.224609
-57.6348 0.225933

-57.6348 0.225863
-57.5225 0.227146

-57.5225 0.227127
-57.4102 0.228359

-57.4102 0.228378
-57.2979 0.229557

-57.2979 0.229552
-57.1855 0.23065

-57.1855 0.230603
-57.0732 0.231726

-57.0732 0.231616
-56.9609 0.233078

-56.9609 0.232753
-56.8486 0.235425

-56.8486 0.235929
-56.7925 0.237807

-56.7925 0.237899
-56.7363 0.239126

-56.7363 0.239227
-56.6802 0.23942

-56.6802 0.239281
-56.624 0.238514

-56.624 0.238343
-56.5679 0.237236

-56.5679 0.237128
-56.5117 0.236239

-56.5117 0.236239
-56.4556 0.235785

-56.4556 0.23583
-56.3994 0.235721

-56.3994 0.235801
-56.2871 0.235776

-56.2871 0.235881
-56.231 0.235891

-56.231 0.235833
-56.1748 0.23577

-56.1748 0.235823
-56.0625 0.235573

-56.0625 0.235669
-55.9502 0.235018

-55.9502 0.235032
-55.8379 0.233761

-55.8379 0.233712
-55.7256 0.231892

-55.7256 0.231934
-55.6133 0.22958

-55.4448 0.224427
-55.4499 0.224609

-55.4448 0.224372
-55.3887 0.222184

-55.6133 0.229684
-55.501 0.226506

-55.501 0.226525
-55.4469 0.224609

-55.3887 0.222182
-55.3325 0.220113

-55.3325 0.220128
-55.2764 0.218149

-55.2764 0.218162
-55.2202 0.216219

-55.2202 0.216214
-55.1641 0.21429

-55.1641 0.214282
-55.1079 0.2124

-55.1079 0.212391
-55.0518 0.210582

-55.0518 0.210577
-54.9956 0.20887

-54.9956 0.208863
-54.9395 0.207284

-54.9395 0.207278
-54.8833 0.20585

-54.8833 0.205844
-54.8271 0.20459

-54.8271 0.204586
-54.771 0.203526

-54.771 0.203522
-54.7148 0.202672

-54.7148 0.20267
-54.6587 0.202039

-54.6587 0.202038
-54.6025 0.20163

-54.6025 0.201631
-54.5464 0.201446

-54.5464 0.201448
-54.4902 0.201482

-54.4902 0.201485
-54.4341 0.201728

-54.4341 0.201732
-54.3779 0.202171

-54.3779 0.202176
-54.3218 0.202794

-54.3218 0.202799
-54.2656 0.203574

-54.2656 0.20358
-54.2095 0.204488

-54.2095 0.204493
-54.1533 0.205513

-54.1533 0.205517
-54.0972 0.20663

-54.0972 0.206632
-54.041 0.207826

-54.041 0.207826
-53.9849 0.209098

-53.9849 0.209097
-53.9287 0.210452

-53.9287 0.210448
-53.8726 0.211893

-53.8726 0.211891
-53.8164 0.213438

-53.8164 0.213432
-53.7603 0.215096

-53.7603 0.21509
-53.7041 0.216894

-53.7041 0.216884
-53.6479 0.218859

-53.6479 0.21886
-53.5918 0.221024

-53.5918 0.221045
-53.5356 0.223355

-53.5356 0.223398
-53.5054 0.224609

-53.5077 0.224609
-53.4795 0.225721

-53.4795 0.225636
-53.3672 0.229897

-53.3672 0.22914
-53.2549 0.234667

-53.2549 0.234707
-53.1987 0.238567

-53.1987 0.238663
-53.1426 0.24335

-53.1426 0.243543
-53.0864 0.248478

-53.0864 0.248472
-53.0303 0.253279

-53.0303 0.25339
-52.9741 0.257859

-52.9741 0.257914
-52.918 0.261712

-52.918 0.261735
-52.8618 0.264708

-52.8618 0.2647
-52.8057 0.266819

-52.8057 0.266771
-52.7495 0.268145

-52.7495 0.268074
-52.6934 0.268941

-52.6934 0.268875
-52.6372 0.269505

-52.6372 0.269465
-52.5811 0.270073

-52.5811 0.270074
-52.5249 0.27074

-52.5249 0.270768
-52.4688 0.271433

-52.4688 0.271475
-52.4126 0.271996

-52.4126 0.272029
-52.3564 0.272257

-52.3564 0.272269
-52.3003 0.272116

-52.3003 0.272106
-52.2441 0.271566

-52.2441 0.271539
-52.188 0.270687

-52.188 0.270653
-52.1318 0.269611

-52.1318 0.269579
-52.0757 0.268478

-52.0757 0.268453
-52.0195 0.267407

-52.0195 0.267391
-51.9634 0.266486

-51.9634 0.266476
-51.9072 0.265764

-51.9072 0.265759
-51.8511 0.265269

-51.8511 0.265268
-51.7949 0.265008

-51.7949 0.265012
-51.7388 0.264975

-51.7388 0.264983
-51.6826 0.265149

-51.6826 0.265159
-51.6265 0.265494

-51.6265 0.265506
-51.5703 0.265967

-51.5703 0.265977
-51.5142 0.266523

-51.5142 0.26653
-51.458 0.267128

-51.458 0.267128
-51.4019 0.267766

-51.4019 0.26776
-51.3457 0.26845

-51.3457 0.268438
-51.2896 0.269218

-51.2896 0.269204
-51.2334 0.270126

-51.2334 0.270115
-51.1772 0.271227

-51.1772 0.271225
-51.1211 0.272553

-51.1211 0.272565
-51.0649 0.274091

-51.0649 0.274114
-51.0088 0.275769

-51.0088 0.275803
-50.9526 0.277472

-50.9526 0.277511
-50.8965 0.279047

-50.8965 0.279081
-50.8403 0.280337

-50.8403 0.280341
-50.812 0.280762

-50.8164 0.280762
-50.7842 0.281239

-50.7842 0.281234
-50.728 0.281516

-50.728 0.281524
-50.6719 0.281187

-50.6157 0.280232
-50.6452 0.280762

-50.6719 0.281157
-50.6499 0.280762

-50.6157 0.280192
-50.5596 0.278484

-50.5596 0.278467
-50.5034 0.276097

-50.5034 0.276083
-50.4473 0.273115

-50.4473 0.27308
-50.3911 0.269611

-50.3911 0.269566
-50.335 0.265753

-50.335 0.2657
-50.2788 0.261737

-50.2788 0.261679
-50.2227 0.257789

-50.2227 0.257734
-50.1665 0.254146

-50.1665 0.254103
-50.1104 0.251013

-50.1104 0.250997
-50.0542 0.248521

-50.0542 0.248548
-49.998 0.246662

-49.998 0.246726
-49.9419 0.245248

-49.9419 0.245338
-49.8857 0.243958

-49.8857 0.244033
-49.8296 0.24242

-49.8296 0.24244
-49.7734 0.240406

-49.5488 0.216391
-49.598 0.224609

-49.7734 0.240419
-49.7173 0.2379

-49.7173 0.238549
-49.6611 0.234218

-49.6611 0.234061
-49.5867 0.224609

-49.5488 0.215378
-49.4927 0.208073

-49.4927 0.20715
-49.4365 0.206408

-49.4365 0.206008
-49.3804 0.214478

-49.3804 0.21506
-49.3551 0.224609

-49.3468 0.224609
-49.3242 0.230871

-49.3242 0.236004
-49.2681 0.269301

-49.2681 0.270107
-49.2509 0.280762

-49.2569 0.280762
-49.2119 0.308655

-49.2119 0.309726
-49.1558 0.334707

-49.1558 0.333287
-49.1423 0.336914

-49.133 0.336914
-49.0996 0.349674

-49.0996 0.347027
-49.0435 0.357899

-49.0435 0.358405
-48.9873 0.365635

-48.9873 0.365504
-48.9312 0.368343

-48.9312 0.368467
-48.875 0.366929

-48.875 0.366535
-48.8188 0.361162

-48.8188 0.362782
-48.7627 0.351122

-48.7065 0.330737
-48.7244 0.336914

-48.7065 0.331141
-48.6504 0.305207

-48.7627 0.351326
-48.7269 0.336914

-48.4258 0.0295109
-48.4532 0.0561523

-48.4819 0.109947
-48.4258 0.0665219

-48.4819 0.144275
-48.496 0.168457

-48.4929 0.168457
-48.5375 0.224609

-48.4819 0.144893
-48.463 0.112305

-48.5942 0.270577
-48.6114 0.280762

-48.6504 0.305872
-48.6081 0.280762

-48.5942 0.276495
-48.5381 0.226472

-48.5381 0.230374
-48.5321 0.224609

-48.4258 0.0541358
-48.3701 0

-48.4258 0.0576318
-48.4239 0.0561523

-48.3696 0.0477291
-48.3205 0

-48.4258 0.113452
-48.4246 0.112305

-48.3135 0.0587274
-48.2851 0

-48.2012 0.00301013
-48.145 0.041911

-48.145 0.042879
-48.1032 0

-48.0889 0.025876
-48.0764 0

-47.9765 0
-47.9765 0.224609

-43.0315 0
-43.0315 0.0561523

-43.035 0.0561523
-42.979 0.110986

-42.979 0.102174
-42.9229 0.111674

-42.9253 0.112305
-42.9229 0.116364

-42.9229 0.102305
-42.8667 0.111805

-42.8601 0
-42.8601 0.0561523

-42.8667 0.0775494
-42.8553 0.0561523

-42.8439 0.112305
-42.8105 0.144137

-42.7378 0
-42.6982 0.0525976

-42.735 0.112305
-42.6982 0.147392

-42.6267 0
-42.5859 0.0541823

-42.6326 0.112305
-42.5859 0.156812

-42.5701 0
-42.5682 0.0561523

-42.573 0.0561523
-42.5687 0.112305

-42.563 0.112305
-42.5484 0.168457

-42.5604 0.168457
-42.5349 0.224609

-42.5372 0.224609
-42.5298 0.238323

-42.5298 0.238576
-42.5069 0.280762

-42.5073 0.280762
-42.4736 0.329168

-42.4736 0.330616
-42.4692 0.336914

-42.4689 0.336914
-42.4189 0.393066

-42.418 0.393066
-42.4175 0.39356

-42.4175 0.393634
-42.3613 0.445934

-42.3613 0.443923
-42.3547 0.449219

-42.3565 0.449219
-42.3052 0.490291

-42.3052 0.489209
-42.2822 0.505371

-42.2837 0.505371
-42.249 0.529784

-42.249 0.528779
-42.1977 0.561523

-42.1975 0.561523
-42.1367 0.598262

-42.1367 0.596423
-42.0945 0.617676

-42.0978 0.617676
-42.0806 0.626349

-42.0806 0.625905
-42.0244 0.649708

-42.0244 0.648916
-41.9683 0.668326

-41.9683 0.667655
-41.9434 0.673828

-41.9525 0.673828
-41.9121 0.685421

-41.9121 0.682769
-41.856 0.690149

-41.856 0.690559
-41.7998 0.692215

-41.7998 0.69146
-41.7437 0.688084

-41.7437 0.688654
-41.6875 0.680616

-41.2944 0.427236
-41.3213 0.449219

-41.2383 0.387071
-41.2469 0.393066

-41.2944 0.42797
-41.2443 0.393066

-41.6313 0.668791
-41.6516 0.673828

-41.6313 0.668171
-41.5752 0.645304

-41.519 0.611401
-41.5302 0.617676

-41.5752 0.643933
-41.5285 0.617676

-41.519 0.613069
-41.4629 0.574015

-41.6875 0.67928
-41.6715 0.673828

-41.4067 0.526695
-41.4486 0.561523

-41.3506 0.474376
-41.3862 0.505371

-41.4067 0.526261
-41.3827 0.505371

-41.4629 0.572349
-41.4494 0.561523

-41.3506 0.474945
-41.3147 0.449219

-41.2383 0.387658
-41.1821 0.360451

-41.1821 0.360671
-41.126 0.3469

-41.0137 0.336758
-41.016 0.336914

-41.126 0.349791
-41.0157 0.336914

-40.9014 0.334894
-40.9434 0.336914

-41.0137 0.340499
-40.9417 0.336914

-40.9014 0.335174
-40.8452 0.332237

-40.8452 0.332063
-40.7891 0.328725

-40.7891 0.328837
-40.7329 0.325222

-40.7329 0.325296
-40.6768 0.321033

-40.6768 0.321012
-40.6206 0.315993

-40.6206 0.315934
-40.5645 0.31032

-40.5645 0.310285
-40.5083 0.304263

-40.5083 0.304227
-40.4521 0.297939

-40.4521 0.297904
-40.396 0.291491

-40.396 0.291466
-40.3398 0.285049

-40.2837 0.278649
-40.3025 0.280762

-40.3398 0.28505
-40.3017 0.280762

-40.2837 0.278666
-40.2275 0.272589

-40.2275 0.27262
-40.1714 0.266802

-40.1714 0.266796
-40.1152 0.261186

-40.1152 0.261193
-40.0591 0.255787

-40.0591 0.255807
-40.0029 0.25055

-40.0029 0.250496
-39.9468 0.245459

-39.9468 0.2454
-39.8906 0.24081

-39.8906 0.240799
-39.8345 0.236796

-39.8345 0.236761
-39.7783 0.233438

-39.7783 0.233902
-39.666 0.226906

-39.6099 0.222994
-39.6334 0.224609

-39.6099 0.222786
-39.5537 0.219079

-39.5537 0.218995
-39.4976 0.216139

-39.4976 0.21608
-39.4414 0.214361

-39.666 0.226838
-39.6303 0.224609

-39.4414 0.214284
-39.3853 0.213974

-39.3853 0.213872
-39.3291 0.215327

-39.3291 0.21498
-39.2729 0.219097

-39.2729 0.218811
-39.2336 0.224609

-39.2326 0.224609
-39.2168 0.226426

-39.2168 0.22758
-39.1606 0.239579

-39.1606 0.239043
-39.1045 0.254619

-39.1045 0.254335
-39.0483 0.275131

-39.0483 0.275026
-39.0353 0.280762

-39.0383 0.280762
-38.9922 0.301059

-38.9922 0.300469
-38.936 0.327969

-38.936 0.327928
-38.9191 0.336914

-38.9219 0.336914
-38.8799 0.35794

-38.8799 0.358639
-38.8237 0.38904

-38.8237 0.388111
-38.8142 0.393066

-38.8175 0.393066
-38.7676 0.419126

-38.7676 0.418525
-38.7114 0.446481

-38.7114 0.445898
-38.7043 0.449219

-38.7065 0.449219
-38.6553 0.473611

-38.6553 0.472718
-38.5991 0.496356

-38.5991 0.496145
-38.5751 0.505371

-38.5773 0.505371
-38.543 0.518521

-38.4016 0
-38.3745 0.0214729

-38.3745 0.0226873
-38.3561 0

-38.543 0.518067
-38.4868 0.537158

-38.4868 0.537014
-38.4307 0.554168

-38.4307 0.554098
-38.4032 0.561523

-38.4068 0.561523
-38.3184 0.582604

-38.3184 0.581211
-38.2622 0.590456

-38.2622 0.590721
-38.2061 0.598089

-38.2061 0.597948
-38.1499 0.603188

-38.1499 0.603095
-38.0938 0.606677

-38.0938 0.606625
-38.0376 0.608841

-38.0376 0.608712
-37.9814 0.609921

-37.9814 0.609808
-37.9253 0.610494

-37.9253 0.61039
-37.8691 0.610986

-37.8691 0.610936
-37.813 0.611749

-37.813 0.61168
-37.7568 0.612948

-37.7568 0.61287
-37.7007 0.614886

-37.7007 0.614816
-37.6481 0.617676

-37.6493 0.617676
-37.6445 0.617935

-37.6445 0.617924
-37.5884 0.62204

-37.5884 0.621949
-37.5322 0.627209

-37.5322 0.627176
-37.4761 0.633829

-37.4761 0.633825
-37.4199 0.641944

-37.4199 0.641947
-37.3638 0.651534

-37.3638 0.651519
-37.3076 0.662599

-37.3076 0.662541
-37.2573 0.673828

-37.2593 0.673828
-37.1953 0.688851

-37.1953 0.689567
-37.1392 0.704567

-37.1392 0.704472
-37.083 0.720039

-37.083 0.71991
-37.0479 0.72998

-37.05 0.72998
-37.0269 0.736616

-37.0269 0.736472
-36.9707 0.752503

-36.9707 0.752441
-36.9146 0.768084

-36.9146 0.76813
-36.8584 0.783414

-36.8584 0.783245
-36.8473 0.786133

-36.8486 0.786133
-36.8022 0.798192

-36.8022 0.798188
-36.7461 0.811737

-36.7461 0.811602
-36.6899 0.824254

-36.6899 0.824265
-36.6338 0.83627

-36.6338 0.836094
-36.6029 0.842285

-36.6052 0.842285
-36.5776 0.847808

-36.5776 0.847614
-36.5215 0.858007

-36.5215 0.857989
-36.4653 0.867459

-36.4653 0.867503
-36.4092 0.875997

-36.4092 0.87596
-36.353 0.883462

-36.353 0.883382
-36.2969 0.890126

-36.2969 0.889963
-36.2407 0.896436

-36.2407 0.896301
-36.2226 0.898438

-36.2234 0.898438
-36.1846 0.903082

-36.1846 0.902954
-36.1284 0.909975

-36.1284 0.909951
-36.0723 0.917531

-36.0723 0.917687
-36.0161 0.925562

-36.0161 0.925516
-35.96 0.933467

-35.96 0.933475
-35.9038 0.941578

-35.9038 0.941558
-35.8477 0.949837

-35.8477 0.949763
-35.8154 0.95459

-35.8172 0.95459
-35.7915 0.958439

-35.7915 0.958375
-35.7354 0.966647

-35.7354 0.966706
-35.6792 0.974553

-35.6792 0.974565
-35.623 0.981847

-35.623 0.98186
-35.5669 0.988528

-35.5669 0.988515
-35.5107 0.99457

-35.5107 0.99453
-35.4546 1.00008

-35.4546 0.999988
-35.3984 1.00528

-35.3984 1.00519
-35.3423 1.0106

-35.3423 1.01071
-35.3419 1.01074

-35.3441 1.01074
-35.2861 1.01602

-35.2861 1.01574
-35.1738 1.0251

-35.1738 1.02504
-35.1177 1.02944

-35.1177 1.02941
-35.0615 1.0337

-35.0615 1.03368
-35.0054 1.03795

-35.0054 1.03795
-34.9492 1.04223

-34.9492 1.04221
-34.8931 1.04656

-34.8931 1.04655
-34.8369 1.05102

-34.8369 1.05103
-34.7808 1.05563

-34.7808 1.05561
-34.7246 1.06039

-34.7246 1.06031
-34.6685 1.06545

-34.6685 1.0654
-34.653 1.06689

-34.6552 1.06689
-34.6123 1.07105

-34.6123 1.07101
-34.5562 1.07652

-34.5562 1.07658
-34.5 1.08201

-34.5 9.42379
-34.5023 9.43359

-34.5023 9.43359
-34.5154 9.48975

-34.5154 9.48975
-34.5284 9.5459

-34.5284 9.5459
-34.5414 9.60205

-34.5414 9.60205
-34.5543 9.6582

-34.5562 9.6663
-34.5672 9.71436

-34.5672 9.71436
-34.58 9.77051

-34.5562 9.66625
-34.5543 9.6582

-34.58 9.77051
-34.5927 9.82666

-34.5927 9.82666
-34.6053 9.88281

-34.6123 9.91437
-34.6301 9.99512

-34.6301 9.99512
-34.6422 10.0513

-34.6423 10.0513
-34.6543 10.1074

-34.6123 9.91445
-34.6053 9.88281

-34.6685 10.1749
-34.6778 10.2197

-34.6543 10.1074
-34.6661 10.1636

-34.6685 10.1748
-34.6661 10.1636

-34.6778 10.2197
-34.6892 10.2759

-34.6892 10.2759
-34.7004 10.332

-34.7246 10.4558
-34.7436 10.5566

-34.7436 10.5566
-34.7539 10.6128

-34.7539 10.6128
-34.764 10.6689

-34.7808 10.7646
-34.7837 10.7812

-34.764 10.6689
-34.7739 10.7251

-34.7808 10.7646
-34.7739 10.7251

-34.7005 10.332
-34.7115 10.3882

-34.7115 10.3882
-34.7224 10.4443

-34.7246 10.4559
-34.7224 10.4443

-34.7836 10.7812
-34.7932 10.8374

-34.7932 10.8374
-34.8027 10.8936

-34.8027 10.8936
-34.812 10.9497

-34.812 10.9497
-34.8212 11.0059

-34.8369 11.1039
-34.8392 11.1182

-34.8392 11.1182
-34.857 11.2305

-34.8212 11.0059
-34.8302 11.062

-34.8369 11.1038
-34.8302 11.062

-34.8569 11.2305
-34.8658 11.2866

-34.8658 11.2866
-34.8746 11.3428

-34.8745 11.3428
-34.8833 11.3989

-34.8833 11.3989
-34.8922 11.4551

-34.8931 11.4609
-34.901 11.5112

-34.901 11.5112
-34.9099 11.5674

-34.8931 11.4609
-34.8922 11.4551

-34.9099 11.5674
-34.9189 11.6235

-34.9189 11.6235
-34.928 11.6797

-34.9492 11.8093
-34.965 11.9043

-34.9651 11.9043
-34.9745 11.9604

-34.9745 11.9604
-34.9839 12.0166

-34.984 12.0166
-34.9934 12.0728

-34.9934 12.0728
-35.0029 12.1289

-35.0054 12.1436
-35.0123 12.1851

-35.0123 12.1851
-35.0217 12.2412

-35.0054 12.1435
-35.0029 12.1289

-35.0217 12.2412
-35.0309 12.2974

-35.0309 12.2974
-35.0399 12.3535

-35.0615 12.4922
-35.0743 12.5781

-35.0399 12.3535
-35.0488 12.4097

-35.0488 12.4097
-35.0575 12.4658

-35.0615 12.4924
-35.0575 12.4658

-34.928 11.6797
-34.9371 11.7358

-34.9371 11.7358
-34.9463 11.792

-34.9492 11.8093
-34.9464 11.792

-35.0742 12.5781
-35.0822 12.6343

-35.0822 12.6343
-35.09 12.6904

-35.09 12.6904
-35.0975 12.7466

-35.0975 12.7466
-35.1047 12.8027

-35.1177 12.909
-35.1184 12.915

-35.1047 12.8027
-35.1117 12.8589

-35.1177 12.909
-35.1117 12.8589

-35.1184 12.915
-35.1248 12.9712

-35.1248 12.9712
-35.1311 13.0273

-35.1311 13.0273
-35.1371 13.0835

-35.1371 13.0835
-35.1428 13.1396

-35.1428 13.1396
-35.1484 13.1958

-35.1484 13.1958
-35.1537 13.252

-35.1537 13.252
-35.1588 13.3081

-35.1588 13.3081
-35.1638 13.3643

-35.1638 13.3643
-35.1685 13.4204

-35.1685 13.4204
-35.173 13.4766

-35.1738 13.4872
-35.1815 13.5889

-35.1814 13.5889
-35.1854 13.645

-35.1854 13.645
-35.1891 13.7012

-35.1891 13.7012
-35.1927 13.7573

-35.1927 13.7573
-35.196 13.8135

-35.196 13.8135
-35.1992 13.8696

-35.1992 13.8696
-35.2022 13.9258

-35.1738 13.4876
-35.173 13.4766

-35.2022 13.9258
-35.205 13.9819

-35.205 13.9819
-35.2076 14.0381

-35.2076 14.0381
-35.2101 14.0942

-35.2101 14.0942
-35.2124 14.1504

-35.2124 14.1504
-35.2144 14.2065

-35.2144 14.2065
-35.2164 14.2627

-35.2164 14.2627
-35.2181 14.3188

-35.2181 14.3188
-35.2197 14.375

-35.2197 14.375
-35.221 14.4312

-35.221 14.4312
-35.2222 14.4873

-35.2222 14.4873
-35.2232 14.5435

-35.2232 14.5435
-35.2239 14.5996

-35.2239 14.5996
-35.2245 14.6558

-35.2245 14.6558
-35.2249 14.7119

-35.2249 14.7119
-35.225 14.7681

-35.225 14.7681
-35.2249 14.8242

-35.2249 14.8242
-35.2245 14.8804

-35.2245 14.8804
-35.2239 14.9365

-35.2239 14.9365
-35.223 14.9927

-35.223 14.9927
-35.2219 15.0488

-35.2219 15.0488
-35.2204 15.105

-35.2204 15.105
-35.2187 15.1611

-35.2187 15.1611
-35.2167 15.2173

-35.2167 15.2173
-35.2143 15.2734

-35.2143 15.2734
-35.2117 15.3296

-35.2117 15.3296
-35.2088 15.3857

-35.2088 15.3857
-35.2056 15.4419

-35.2056 15.4419
-35.2021 15.498

-35.2021 15.498
-35.1983 15.5542

-35.1983 15.5542
-35.1943 15.6104

-35.1943 15.6104
-35.1899 15.6665

-35.1899 15.6665
-35.1854 15.7227

-35.1854 15.7227
-35.1755 15.835

-35.1754 15.835
-35.1738 15.8515

-35.1738 15.8517
-35.1701 15.8911

-35.1701 15.8911
-35.1645 15.9473

-35.1645 15.9473
-35.1587 16.0034

-35.1587 16.0034
-35.1526 16.0596

-35.1526 16.0596
-35.1462 16.1157

-35.1462 16.1157
-35.1396 16.1719

-35.1396 16.1719
-35.1328 16.228

-35.1328 16.228
-35.1256 16.2842

-35.1256 16.2842
-35.1182 16.3403

-35.1182 16.3403
-35.1177 16.3438

-35.1177 16.3438
-35.1104 16.3965

-35.1104 16.3965
-35.1023 16.4526

-35.1023 16.4526
-35.0939 16.5088

-35.0938 16.5088
-35.085 16.5649

-35.085 16.5649
-35.0759 16.6211

-35.076 16.6211
-35.0615 16.7047

-35.0615 16.7047
-35.0565 16.7334

-35.0565 16.7334
-35.0462 16.7896

-35.0462 16.7896
-35.0355 16.8457

-35.0355 16.8457
-35.0245 16.9019

-35.0245 16.9019
-35.0132 16.958

-35.0132 16.958
-35.0054 16.9954

-35.0054 16.9954
-35.0015 17.0142

-35.0015 17.0142
-34.9894 17.0703

-34.9894 17.0703
-34.9771 17.1265

-34.9771 17.1265
-34.9645 17.1826

-34.9645 17.1826
-34.9492 17.2487

-34.9492 17.2488
-34.9384 17.2949

-34.9384 17.2949
-34.9251 17.3511

-34.9251 17.3511
-34.9114 17.4072

-34.9114 17.4072
-34.8976 17.4634

-34.8976 17.4634
-34.8931 17.4817

-34.8931 17.4817
-34.8836 17.5195

-34.8836 17.5195
-34.8694 17.5757

-34.8695 17.5757
-34.8551 17.6318

-34.8551 17.6318
-34.8369 17.7021

-34.8369 17.7021
-34.826 17.7441

-34.826 17.7441
-34.8112 17.8003

-34.8112 17.8003
-34.7963 17.8564

-34.7963 17.8564
-34.7813 17.9126

-34.7814 17.9126
-34.7808 17.9148

-34.7808 17.9148
-34.7663 17.9688

-34.7663 17.9688
-34.7513 18.0249

-34.7513 18.0249
-34.7362 18.0811

-34.7362 18.0811
-34.7246 18.1246

-34.7246 18.1245
-34.7212 18.1372

-34.7212 18.1372
-34.7063 18.1934

-34.7062 18.1934
-34.6914 18.2495

-34.6914 18.2495
-34.6767 18.3057

-34.6767 18.3057
-34.6685 18.3374

-34.6685 18.3374
-34.6621 18.3618

-34.6621 18.3618
-34.6478 18.418

-34.6478 18.418
-34.6337 18.4741

-34.6337 18.4741
-34.6199 18.5303

-34.6198 18.5303
-34.6123 18.5617

-34.6123 18.5614
-34.6063 18.5864

-34.6063 18.5864
-34.593 18.6426

-34.593 18.6426
-34.58 18.6987

-34.58 18.6987
-34.5673 18.7549

-34.5673 18.7549
-34.5562 18.8056

-34.5562 18.8055
-34.5549 18.811

-34.5549 18.811
-34.5429 18.8672

-34.5429 18.8672
-34.5312 18.9233

-34.5312 18.9233
-34.5198 18.9795

-34.5197 18.9795
-34.5 19.0804

-34.5 23.739
-34.5096 23.8086

-34.5097 23.8086
-34.5176 23.8647

-34.5176 23.8647
-34.5256 23.9209

-34.5257 23.9209
-34.5338 23.9771

-34.5338 23.9771
-34.5421 24.0332

-34.5562 24.1273
-34.5589 24.1455

-34.5421 24.0332
-34.5504 24.0894

-34.5562 24.1273
-34.5504 24.0894

-34.5589 24.1455
-34.5674 24.2017

-34.5674 24.2017
-34.576 24.2578

-34.576 24.2578
-34.5846 24.314

-34.5846 24.314
-34.5933 24.3701

-34.5933 24.3701
-34.602 24.4263

-34.602 24.4263
-34.6108 24.4824

-34.6123 24.4924
-34.6284 24.5947

-34.6284 24.5947
-34.6373 24.6509

-34.6373 24.6509
-34.6464 24.707

-34.6123 24.4923
-34.6108 24.4824

-34.6463 24.707
-34.6555 24.7632

-34.6555 24.7632
-34.6647 24.8193

-34.6685 24.8417
-34.6741 24.8755

-34.6741 24.8755
-34.6837 24.9316

-34.6685 24.8417
-34.6647 24.8193

-34.6837 24.9316
-34.6934 24.9878

-34.6934 24.9878
-34.7033 25.0439

-34.7033 25.0439
-34.7134 25.1001

-34.7134 25.1001
-34.7237 25.1562

-34.7246 25.1611
-34.7447 25.2686

-34.7448 25.2686
-34.7555 25.3247

-34.7555 25.3247
-34.7663 25.3809

-34.7808 25.4548
-34.7883 25.4932

-34.7663 25.3809
-34.7773 25.437

-34.7808 25.4548
-34.7773 25.437

-34.7883 25.4932
-34.7994 25.5493

-34.7994 25.5493
-34.8105 25.6055

-34.7246 25.161
-34.7237 25.1562

-34.8369 25.7373
-34.8556 25.8301

-34.8105 25.6055
-34.8217 25.6616

-34.8217 25.6616
-34.833 25.7178

-34.8369 25.7372
-34.833 25.7178

-34.8556 25.8301
-34.867 25.8862

-34.867 25.8862
-34.8785 25.9424

-34.8931 26.0133
-34.9016 26.0547

-34.8785 25.9424
-34.89 25.9985

-34.8931 26.0133
-34.89 25.9985

-34.9492 26.282
-34.9606 26.3354

-34.9606 26.3354
-34.9726 26.3916

-34.9726 26.3916
-34.9846 26.4478

-34.9846 26.4478
-34.9968 26.5039

-35.0054 26.5435
-35.009 26.5601

-35.009 26.5601
-35.0212 26.6162

-35.0054 26.5435
-34.9968 26.5039

-35.0212 26.6162
-35.0335 26.6724

-35.0335 26.6724
-35.0459 26.7285

-35.0615 26.7988
-35.0709 26.8408

-35.0709 26.8408
-35.0834 26.897

-35.0834 26.897
-35.096 26.9531

-35.0459 26.7285
-35.0584 26.7847

-35.0615 26.7989
-35.0584 26.7847

-34.9016 26.0547
-34.9133 26.1108

-34.9133 26.1108
-34.925 26.167

-34.925 26.167
-34.9368 26.2231

-34.9368 26.2231
-34.9486 26.2793

-34.9492 26.282
-34.9486 26.2793

-35.3984 28.2377
-35.4139 28.3008

-35.4139 28.3008
-35.4278 28.3569

-35.4278 28.3569
-35.4417 28.4131

-35.4546 28.4648
-35.4557 28.4692

-35.4557 28.4692
-35.4698 28.5254

-35.4546 28.4648
-35.4417 28.4131

-35.5107 28.6869
-35.5269 28.75

-35.4698 28.5254
-35.484 28.5815

-35.4839 28.5815
-35.4982 28.6377

-35.5107 28.6869
-35.4982 28.6377

-35.1738 27.2938
-35.186 27.3462

-35.186 27.3462
-35.199 27.4023

-35.1177 27.0487
-35.1215 27.0654

-35.096 26.9531
-35.1087 27.0093

-35.1177 27.0487
-35.1087 27.0093

-35.1215 27.0654
-35.1342 27.1216

-35.1342 27.1216
-35.1471 27.1777

-35.1471 27.1777
-35.16 27.2339

-35.16 27.2339
-35.173 27.29

-35.1738 27.2938
-35.173 27.29

-35.199 27.4023
-35.2121 27.4585

-35.2121 27.4585
-35.2253 27.5146

-35.23 27.5346
-35.2385 27.5708

-35.2385 27.5708
-35.2517 27.627

-35.23 27.5346
-35.2253 27.5146

-35.2861 27.772
-35.3051 27.8516

-35.2517 27.627
-35.265 27.6831

-35.265 27.6831
-35.2783 27.7393

-35.2861 27.772
-35.2783 27.7393

-35.3051 27.8516
-35.3185 27.9077

-35.3186 27.9077
-35.332 27.9639

-35.3423 28.0064
-35.3456 28.02

-35.3456 28.02
-35.3591 28.0762

-35.3423 28.0064
-35.332 27.9639

-35.3591 28.0762
-35.3727 28.1323

-35.3727 28.1323
-35.3864 28.1885

-35.3984 28.2377
-35.3864 28.1885

-36.2969 31.5543
-36.2979 31.5576

-36.2979 31.5576
-36.3148 31.6138

-36.3148 31.6138
-36.3317 31.6699

-36.353 31.74
-36.3659 31.7822

-36.3317 31.6699
-36.3488 31.7261

-36.353 31.7401
-36.3488 31.7261

-36.3659 31.7822
-36.383 31.8384

-36.383 31.8384
-36.4002 31.8945

-36.5215 32.2866
-36.5393 32.3438

-36.4092 31.9236
-36.4348 32.0068

-36.4653 32.1057
-36.4695 32.1191

-36.4348 32.0068
-36.4521 32.063

-36.4653 32.1057
-36.4521 32.063

-36.4092 31.9237
-36.4002 31.8945

-36.4695 32.1191
-36.4869 32.1753

-36.4869 32.1753
-36.5043 32.2314

-36.5215 32.2866
-36.5043 32.2314

-35.623 29.1197
-35.6439 29.1992

-35.5269 28.75
-35.5413 28.8062

-35.5413 28.8062
-35.5559 28.8623

-35.5669 28.9048
-35.5704 28.9185

-35.5704 28.9185
-35.5851 28.9746

-35.5669 28.9048
-35.5559 28.8623

-35.5851 28.9746
-35.5997 29.0308

-35.5997 29.0308
-35.6144 29.0869

-35.623 29.1198
-35.6144 29.0869

-35.6439 29.1992
-35.6587 29.2554

-35.6587 29.2554
-35.6735 29.3115

-35.6792 29.3329
-35.6884 29.3677

-35.6884 29.3677
-35.7032 29.4238

-35.6792 29.3329
-35.6735 29.3115

-35.7354 29.5448
-35.748 29.5923

-35.748 29.5923
-35.763 29.6484

-35.7032 29.4238
-35.7181 29.48

-35.7181 29.48
-35.7331 29.5361

-35.7354 29.5448
-35.7331 29.5361

-35.8477 29.9642
-35.8534 29.9854

-35.8534 29.9854
-35.8685 30.0415

-35.8685 30.0415
-35.8837 30.0977

-35.9038 30.1719
-35.9141 30.21

-35.8837 30.0977
-35.8989 30.1538

-35.9038 30.1719
-35.8989 30.1538

-35.9141 30.21
-35.9294 30.2661

-35.9294 30.2661
-35.9447 30.3223

-35.96 30.378
-35.9755 30.4346

-35.9755 30.4346
-35.9909 30.4907

-35.9909 30.4907
-36.0064 30.5469

-35.96 30.378
-35.9447 30.3223

-35.7915 29.7552
-35.793 29.7607

-35.763 29.6484
-35.778 29.7046

-35.7915 29.7552
-35.778 29.7046

-35.793 29.7607
-35.808 29.8169

-35.808 29.8169
-35.8231 29.873

-35.8231 29.873
-35.8382 29.9292

-35.8477 29.9642
-35.8382 29.9292

-36.0723 30.7825
-36.085 30.8276

-36.085 30.8276
-36.1009 30.8838

-36.1284 30.98
-36.133 30.9961

-36.1009 30.8838
-36.1169 30.9399

-36.1284 30.98
-36.1169 30.9399

-36.0161 30.5818
-36.022 30.603

-36.022 30.603
-36.0376 30.6592

-36.0161 30.5818
-36.0064 30.5469

-36.0376 30.6592
-36.0533 30.7153

-36.0533 30.7153
-36.0691 30.7715

-36.0723 30.7826
-36.0691 30.7715

-36.1846 31.1744
-36.198 31.2207

-36.133 30.9961
-36.1492 31.0522

-36.1492 31.0522
-36.1654 31.1084

-36.1654 31.1084
-36.1817 31.1646

-36.1846 31.1744
-36.1817 31.1646

-36.1981 31.2207
-36.2145 31.2769

-36.2145 31.2769
-36.231 31.333

-36.2407 31.3658
-36.2476 31.3892

-36.2476 31.3892
-36.2643 31.4453

-36.2407 31.3658
-36.231 31.333

-36.2643 31.4453
-36.281 31.5015

-36.2969 31.5543
-36.281 31.5015

-36.7461 32.9973
-36.7526 33.0176

-36.7526 33.0176
-36.7708 33.0737

-36.7708 33.0737
-36.789 33.1299

-36.8022 33.1708
-36.8072 33.186

-36.8072 33.186
-36.8254 33.2422

-36.8022 33.1708
-36.789 33.1299

-36.5393 32.3438
-36.5568 32.3999

-36.5568 32.3999
-36.5743 32.4561

-36.5776 32.4666
-36.5919 32.5122

-36.5919 32.5122
-36.6095 32.5684

-36.5776 32.4666
-36.5743 32.4561

-36.6338 32.6453
-36.6449 32.6807

-36.6449 32.6807
-36.6627 32.7368

-36.6627 32.7368
-36.6806 32.793

-36.6095 32.5684
-36.6272 32.6245

-36.6338 32.6454
-36.6272 32.6245

-36.6899 32.8223
-36.6985 32.8491

-36.6985 32.8491
-36.7165 32.9053

-36.6899 32.8223
-36.6806 32.793

-36.7165 32.9053
-36.7345 32.9614

-36.7461 32.9973
-36.7345 32.9614

-36.9707 33.6846
-36.973 33.6914

-36.8584 33.3432
-36.8621 33.3545

-36.8621 33.3545
-36.8805 33.4106

-36.8805 33.4106
-36.8989 33.4668

-36.8254 33.2422
-36.8438 33.2983

-36.8584 33.3432
-36.8437 33.2983

-36.9146 33.5144
-36.9173 33.5229

-36.9173 33.5229
-36.9358 33.5791

-36.9146 33.5144
-36.8989 33.4668

-36.9358 33.5791
-36.9544 33.6353

-36.9707 33.6846
-36.9544 33.6353

-36.973 33.6914
-36.9916 33.7476

-36.9916 33.7476
-37.0103 33.8037

-37.0269 33.8535
-37.029 33.8599

-37.029 33.8599
-37.0478 33.916

-37.0269 33.8535
-37.0103 33.8037

-37.083 34.0211
-37.0854 34.0283

-37.0854 34.0283
-37.1044 34.0845

-37.1044 34.0845
-37.1233 34.1406

-37.0478 33.916
-37.0666 33.9722

-37.083 34.0211
-37.0666 33.9722

-37.1953 34.3523
-37.1997 34.3652

-37.1997 34.3652
-37.2189 34.4214

-37.2189 34.4214
-37.2381 34.4775

-37.2515 34.5166
-37.2573 34.5337

-37.2573 34.5337
-37.2766 34.5898

-37.2515 34.5166
-37.2381 34.4775

-37.4199 35.0081
-37.4306 35.0391

-37.3076 34.6805
-37.315 34.7021

-37.315 34.7021
-37.3343 34.7583

-37.3343 34.7583
-37.3535 34.8145

-37.2766 34.5898
-37.2958 34.646

-37.3076 34.6805
-37.2958 34.646

-37.3638 34.8444
-37.3727 34.8706

-37.3727 34.8706
-37.392 34.9268

-37.3638 34.8444
-37.3535 34.8145

-37.392 34.9268
-37.4113 34.9829

-37.4199 35.0081
-37.4113 34.9829

-37.6445 35.655
-37.6649 35.7129

-37.7007 35.814
-37.7046 35.8252

-37.6649 35.7129
-37.6847 35.769

-37.7007 35.8141
-37.6847 35.769

-37.7046 35.8252
-37.7246 35.8813

-37.7246 35.8813
-37.7446 35.9375

-37.4306 35.0391
-37.4499 35.0952

-37.4499 35.0952
-37.4692 35.1514

-37.4761 35.1712
-37.4886 35.2075

-37.4886 35.2075
-37.508 35.2637

-37.4761 35.1712
-37.4692 35.1514

-37.5322 35.3335
-37.547 35.376

-37.547 35.376
-37.5665 35.4321

-37.5665 35.4321
-37.5861 35.4883

-37.508 35.2637
-37.5275 35.3198

-37.5322 35.3335
-37.5275 35.3198

-37.5884 35.4948
-37.6057 35.5444

-37.6057 35.5444
-37.6254 35.6006

-37.5884 35.4948
-37.5861 35.4883

-37.6445 35.655
-37.6254 35.6006

-37.1392 34.1873
-37.1424 34.1968

-37.1424 34.1968
-37.1614 34.2529

-37.1392 34.1873
-37.1233 34.1406

-37.1614 34.2529
-37.1806 34.3091

-37.1953 34.3523
-37.1806 34.3091

-38.0938 36.8964
-38.1128 36.9482

-38.1499 37.049
-38.1541 37.0605

-38.1128 36.9482
-38.1335 37.0044

-38.1499 37.049
-38.1335 37.0044

-38.2061 37.2014
-38.2162 37.229

-38.2162 37.229
-38.237 37.2852

-38.1541 37.0605
-38.1748 37.1167

-38.1748 37.1167
-38.1955 37.1729

-38.2061 37.2014
-38.1955 37.1729

-38.3184 37.5049
-38.3202 37.5098

-38.3202 37.5098
-38.3411 37.5659

-38.3411 37.5659
-38.362 37.6221

-38.3745 37.6554
-38.383 37.6782

-38.383 37.6782
-38.4041 37.7344

-38.3745 37.6554
-38.362 37.6221

-38.2622 37.3535
-38.2785 37.3975

-38.237 37.2852
-38.2577 37.3413

-38.2622 37.3535
-38.2577 37.3413

-38.2785 37.3975
-38.2993 37.4536

-38.3184 37.5049
-38.2993 37.4536

-38.9922 39.2673
-39.0077 39.3066

-39.0483 39.4101
-39.0518 39.4189

-39.0077 39.3066
-39.0297 39.3628

-39.0483 39.4101
-39.0297 39.3628

-39.0518 39.4189
-39.0739 39.4751

-39.0739 39.4751
-39.0959 39.5312

-38.543 38.1021
-38.5526 38.1274

-38.5526 38.1274
-38.5739 38.1836

-38.6553 38.397
-38.6596 38.4082

-38.5991 38.2498
-38.6167 38.2959

-38.5739 38.1836
-38.5953 38.2397

-38.5991 38.2498
-38.5953 38.2397

-38.6167 38.2959
-38.6381 38.3521

-38.6553 38.397
-38.6381 38.3521

-38.6596 38.4082
-38.681 38.4644

-38.681 38.4644
-38.7025 38.5205

-38.7114 38.5438
-38.724 38.5767

-38.724 38.5767
-38.7455 38.6328

-38.7114 38.5438
-38.7025 38.5205

-38.4307 37.805
-38.4463 37.8467

-38.4868 37.9539
-38.4887 37.959

-38.4463 37.8467
-38.4675 37.9028

-38.4868 37.9539
-38.4675 37.9028

-38.4041 37.7344
-38.4252 37.7905

-38.4307 37.805
-38.4252 37.7905

-38.4887 37.959
-38.51 38.0151

-38.51 38.0151
-38.5313 38.0713

-38.543 38.1021
-38.5313 38.0713

-38.7676 38.6903
-38.7886 38.7451

-38.8237 38.8361
-38.832 38.8574

-38.7886 38.7451
-38.8103 38.8013

-38.8237 38.8361
-38.8103 38.8013

-38.8799 38.9807
-38.8975 39.0259

-38.8975 39.0259
-38.9195 39.082

-38.832 38.8574
-38.8538 38.9136

-38.8538 38.9136
-38.8756 38.9697

-38.8799 38.9807
-38.8756 38.9697

-38.7455 38.6328
-38.7671 38.689

-38.7676 38.6903
-38.7671 38.689

-38.936 39.1243
-38.9415 39.1382

-38.9415 39.1382
-38.9635 39.1943

-38.936 39.1243
-38.9195 39.082

-38.9635 39.1943
-38.9856 39.2505

-38.9922 39.2673
-38.9856 39.2505

-39.8906 41.5334
-40.1753 42.2266

-40.1748 42.2266
-40.5508 43.125

-39.4414 40.416
-39.4467 40.4297

-39.2168 39.8387
-39.2284 39.8682

-39.2284 39.8682
-39.2504 39.9243

-39.2504 39.9243
-39.2723 39.9805

-39.1045 39.553
-39.118 39.5874

-39.118 39.5874
-39.1401 39.6436

-39.1606 39.6957
-39.1622 39.6997

-39.1622 39.6997
-39.1843 39.7559

-39.1606 39.6957
-39.1401 39.6436

-39.1045 39.553
-39.0959 39.5312

-39.1843 39.7559
-39.2063 39.812

-39.2168 39.8387
-39.2063 39.812

-39.3291 40.1261
-39.3598 40.2051

-39.2729 39.982
-39.2943 40.0366

-39.2943 40.0366
-39.3161 40.0928

-39.2729 39.982
-39.2723 39.9805

-39.3291 40.1261
-39.3161 40.0928

-39.3598 40.2051
-39.4033 40.3174

-39.4414 40.4159
-39.4033 40.3174

-39.4464 40.4297
-39.5344 40.6543

-39.5346 40.6543
-39.6241 40.8789

-39.6239 40.8789
-39.8058 41.3281

-39.8906 41.5344
-39.8059 41.3281

-37.8691 36.2827
-37.8866 36.3306

-37.8866 36.3306
-37.907 36.3867

-37.7568 35.9716
-37.7849 36.0498

-37.813 36.1278
-37.8254 36.1621

-37.7849 36.0498
-37.8051 36.106

-37.813 36.1278
-37.8051 36.106

-37.7568 35.9717
-37.7446 35.9375

-37.8254 36.1621
-37.8457 36.2183

-37.8457 36.2183
-37.8661 36.2744

-37.8691 36.2827
-37.8661 36.2744

-37.9814 36.5903
-37.9892 36.6113

-37.9253 36.4368
-37.9275 36.4429

-37.9275 36.4429
-37.948 36.499

-37.9253 36.4368
-37.907 36.3867

-37.948 36.499
-37.9686 36.5552

-37.9814 36.5903
-37.9686 36.5552

-37.9892 36.6113
-38.0097 36.6675

-38.0097 36.6675
-38.0303 36.7236

-38.0376 36.7435
-38.0509 36.7798

-38.0509 36.7798
-38.0715 36.8359

-38.0376 36.7435
-38.0303 36.7236

-38.0715 36.8359
-38.0922 36.8921

-38.0938 36.8964
-38.0922 36.8921

-41.6875 45.7624
-42.1042 46.7188

-43.4844 49.7947
-43.7189 50.3125

-42.1002 46.7188
-42.8996 48.5156

-43.4844 49.7936
-42.9055 48.5156

-45.2812 53.7432
-45.3551 53.9062

-45.3528 53.9062
-46.1608 55.7031

-46.1605 55.7031
-46.9685 57.5

-43.7188 50.3125
-44.5368 52.1094

-45.2812 53.742
-44.5412 52.1094

-40.5498 43.125
-41.3182 44.9219

-41.6875 45.7586
-41.3229 44.9219

-63.25 90.2941
-63.9497 91.6406

-63.9384 91.6406
-64.8542 93.4375

-66.8438 97.1324
-67.7231 98.8281

-67.6983 98.8281
-68.62 100.625

-65.0469 93.8207
-65.794 95.2344

-65.8108 95.2344
-66.7804 97.0312

-65.0469 93.8191
-64.8452 93.4375

-66.8438 97.0693
-66.824 97.0312

-70.4375 103.902
-70.6103 104.219

-72.2344 107.458
-72.4198 107.812

-70.6055 104.219
-71.5159 106.016

-72.2344 107.462
-71.4771 106.016

-74.0312 110.585
-74.4764 111.406

-75.8281 114.166
-76.2873 115

-74.4438 111.406
-75.3339 113.203

-75.8281 114.194
-75.2824 113.203

-72.4278 107.812
-73.4559 109.609

-74.0312 110.535
-73.53 109.609

-68.6406 100.68
-69.5943 102.422

-70.4375 103.887
-69.6387 102.422

-68.6406 100.698
-68.6008 100.625

-48.875 61.7348
-49.4023 62.8906

-49.3995 62.8906
-50.2335 64.6875

-52.4688 69.3296
-52.8394 70.0781

-52.8381 70.0781
-53.7457 71.875

-50.6719 65.6101
-51.0844 66.4844

-51.0783 66.4844
-51.9461 68.2812

-50.6719 65.6029
-50.2399 64.6875

-52.4688 69.3183
-51.9552 68.2812

-56.0625 76.3526
-56.5345 77.2656

-56.532 77.2656
-57.4506 79.0625

-59.6562 83.3528
-60.2221 84.4531

-60.2174 84.4531
-61.131 86.25

-57.8594 79.8624
-58.3684 80.8594

-58.3629 80.8594
-59.2896 82.6562

-57.8594 79.8526
-57.4559 79.0625

-59.6562 83.3263
-59.3117 82.6562

-54.2656 72.8805
-54.6712 73.6719

-54.6682 73.6719
-55.599 75.4688

-54.2656 72.8726
-53.7544 71.875

-56.0625 76.3342
-55.6151 75.4688

-47.0781 57.7425
-47.7755 59.2969

-47.7716 59.2969
-48.5823 61.0938

-47.0781 57.7344
-46.973 57.5

-48.875 61.7232
-48.5878 61.0938

-61.4531 86.8814
-62.0546 88.0469

-62.0549 88.0469
-63.0026 89.8438

-61.4531 86.8735
-61.1314 86.25

-63.25 90.2545
-63.0366 89.8438

-34.5 1.08206
-34.4438 1.08718

-34.4438 1.08724
-34.3877 1.09185

-34.3877 1.09188
-34.3315 1.09581

-34.3315 1.09583
-34.2754 1.09895

-34.2754 1.09895
-34.2192 1.10123

-34.2192 1.10121
-34.1631 1.10266

-34.1631 1.10264
-34.1069 1.10336

-34.1069 1.10332
-34.0508 1.10343

-34.0508 1.10337
-33.9946 1.10305

-33.9946 1.10299
-33.9385 1.1025

-33.9385 1.10241
-33.8823 1.10207

-33.8823 1.10201
-33.8262 1.10213

-33.8262 1.10206
-33.77 1.10291

-33.77 1.10288
-33.7139 1.10468

-33.7139 1.10464
-33.6577 1.10752

-33.6577 1.10751
-33.6016 1.11156

-33.6016 1.11159
-33.5454 1.11678

-33.5454 1.11694
-33.4893 1.12288

-33.4923 1.12305
-33.4893 1.12333

-33.4893 1.12332
-33.377 1.13423

-33.377 1.13401
-33.3208 1.1389

-33.3208 1.13894
-33.2646 1.14363

-33.2646 1.14363
-33.2085 1.14803

-33.2085 1.14802
-33.1523 1.15216

-33.1523 1.15216
-33.0962 1.15608

-33.0962 1.15607
-33.04 1.1598

-33.04 1.15979
-32.9839 1.16341

-32.9839 1.16339
-32.9277 1.16695

-32.9277 1.16692
-32.8716 1.17053

-32.8716 1.17046
-32.8154 1.17433

-32.8154 1.17426
-32.7593 1.17868

-32.7593 1.17875
-32.7541 1.1792

-32.7544 1.1792
-32.7031 1.18371

-32.7031 1.18368
-32.647 1.18902

-32.647 1.18899
-32.5908 1.19484

-32.5908 1.19484
-32.5347 1.20126

-32.5347 1.20125
-32.4785 1.20827

-32.4785 1.20822
-32.4224 1.21593

-32.4224 1.21581
-32.3662 1.22457

-32.3662 1.2245
-32.3101 1.23469

-32.3101 1.23524
-32.3095 1.23535

-32.3102 1.23535
-32.2539 1.24575

-32.2539 1.24623
-32.1978 1.25762

-32.1978 1.25769
-32.1416 1.269

-32.1416 1.26902
-32.0854 1.28008

-32.0854 1.28002
-32.0293 1.2909

-32.0293 1.29092
-32.0261 1.2915

-32.0272 1.2915
-31.9731 1.30153

-31.9731 1.30142
-31.917 1.31117

-31.917 1.31125
-31.8608 1.32042

-31.8608 1.3204
-31.8047 1.32887

-31.8047 1.32878
-31.7485 1.33677

-31.7485 1.33671
-31.6924 1.3445

-31.6924 1.34458
-31.6695 1.34766

-31.67 1.34766
-31.5801 1.35935

-31.5801 1.35858
-31.5239 1.36559

-31.5239 1.36554
-31.4678 1.37391

-31.4678 1.37387
-31.4116 1.38377

-31.4116 1.38362
-31.3555 1.39545

-31.3555 1.39529
-31.3214 1.40381

-31.3232 1.40381
-31.2993 1.40979

-31.2993 1.40968
-31.2432 1.42561

-31.2432 1.42546
-31.187 1.44324

-31.187 1.44318
-31.1395 1.45996

-31.1414 1.45996
-31.1309 1.46347

-31.1309 1.46362
-31.0747 1.48447

-31.0747 1.48412
-31.0186 1.50564

-31.0186 1.50559
-30.9919 1.51611

-30.9938 1.51611
-30.9624 1.52853

-30.9624 1.52816
-30.9062 1.55035

-33.6016 6.96045
-33.6028 6.96289

-33.6027 6.96289
-33.6295 7.01904

-33.6295 7.01904
-33.6558 7.0752

-33.6577 7.07963
-33.6815 7.13135

-33.6815 7.13135
-33.7073 7.1875

-33.6577 7.07957
-33.6557 7.0752

-33.1523 6.2562
-33.1804 6.28906

-32.7031 5.79366
-32.7522 5.83984

-32.9277 6.01012
-32.9806 6.06445

-33.04 6.12846
-33.0846 6.17676

-33.0962 6.19086
-33.1328 6.23291

-33.1523 6.256
-33.133 6.23291

-33.0962 6.19045
-33.0843 6.17676

-32.9839 6.06828
-33.033 6.12061

-33.04 6.12822
-33.0331 6.12061

-32.9839 6.06799
-32.9806 6.06445

-32.8154 5.8994
-32.8697 5.95215

-32.8716 5.95431
-32.9256 6.0083

-32.9277 6.01034
-32.9257 6.0083

-32.8716 5.95439
-32.8693 5.95215

-32.7593 5.84663
-32.8113 5.896

-32.8154 5.90001
-32.8112 5.896

-32.7593 5.84678
-32.7518 5.83984

-33.377 6.55745
-33.3852 6.56982

-33.3855 6.56982
-33.421 6.62598

-33.4331 6.64667
-33.4544 6.68213

-33.4546 6.68213
-33.4868 6.73828

-33.4331 6.64618
-33.421 6.62598

-33.2646 6.39672
-33.2683 6.40137

-33.3208 6.47416
-33.3483 6.51367

-33.268 6.40137
-33.3091 6.45752

-33.3208 6.47413
-33.3092 6.45752

-33.2085 6.32488
-33.2248 6.34521

-33.2646 6.39672
-33.2252 6.34521

-33.2085 6.3244
-33.1801 6.28906

-33.377 6.55717
-33.3481 6.51367

-33.5454 6.84751
-33.547 6.85059

-33.4893 6.74307
-33.5174 6.79443

-33.5454 6.84734
-33.5176 6.79443

-33.5469 6.85059
-33.5753 6.90674

-33.6016 6.96036
-33.5753 6.90674

-33.4893 6.74292
-33.4867 6.73828

-32.1978 5.36408
-32.2318 5.39062

-32.1416 5.32187
-32.1582 5.33447

-32.1978 5.36419
-32.1585 5.33447

-32.0293 5.23863
-32.0831 5.27832

-32.1416 5.32205
-32.0854 5.28024

-32.0854 5.2804
-32.0826 5.27832

-31.917 5.15808
-31.928 5.16602

-31.917 5.15821
-31.8608 5.11785

-31.8047 5.07754
-31.8493 5.10986

-31.8608 5.11794
-31.8497 5.10986

-31.9731 5.1988
-32.0056 5.22217

-32.0293 5.23919
-32.0056 5.22217

-31.9731 5.19885
-31.9276 5.16602

-30.9062 3.98629
-30.9409 4.04297

-31.1309 4.35877
-31.144 4.37988

-31.187 4.44599
-31.2184 4.49219

-31.144 4.37988
-31.1804 4.43604

-31.187 4.446
-31.1802 4.43604

-31.0186 4.17368
-31.0411 4.21143

-31.0747 4.26751
-31.041 4.21143

-30.9624 4.07941
-30.9742 4.09912

-30.9742 4.09912
-31.0077 4.15527

-30.9624 4.0794
-30.9406 4.04297

-31.0186 4.17366
-31.0076 4.15527

-31.0747 4.26769
-31.1089 4.32373

-31.1309 4.35887
-31.1088 4.32373

-31.0747 4.26795
-31.0745 4.26758

-31.5801 4.90078
-31.6287 4.94141

-31.3555 4.67141
-31.3936 4.7168

-31.4678 4.79458
-31.5042 4.8291

-31.5239 4.84892
-31.5637 4.88525

-31.5801 4.89958
-31.5644 4.88525

-31.5239 4.84898
-31.5035 4.8291

-31.4116 4.73499
-31.4472 4.77295

-31.4678 4.79384
-31.4468 4.77295

-31.4116 4.73587
-31.3938 4.7168

-31.7485 5.03569
-31.7727 5.05371

-31.6924 4.99281
-31.6986 4.99756

-31.7485 5.03575
-31.6988 4.99756

-31.8047 5.07765
-31.7725 5.05371

-31.6924 4.99294
-31.6362 4.94794

-31.6362 4.94771
-31.6289 4.94141

-31.2993 4.60291
-31.3005 4.60449

-31.2432 4.5269
-31.2585 4.54834

-31.2993 4.60271
-31.2582 4.54834

-31.3006 4.60449
-31.3459 4.66064

-31.3555 4.67189
-31.3457 4.66064

-31.2432 4.52696
-31.2184 4.49219

-32.4785 5.59335
-32.5035 5.61523

-32.5908 5.6919
-32.6301 5.72754

-32.647 5.74303
-32.6915 5.78369

-32.7031 5.79434
-32.6915 5.78369

-32.647 5.74313
-32.6296 5.72754

-32.5347 5.64281
-32.567 5.67139

-32.5908 5.69248
-32.567 5.67139

-32.5347 5.6429
-32.5029 5.61523

-32.3662 5.49838
-32.3716 5.50293

-32.4224 5.54592
-32.4378 5.55908

-32.4785 5.59378
-32.4378 5.55908

-32.4224 5.54601
-32.371 5.50293

-32.3662 5.49863
-32.3101 5.45272

-32.2539 5.40825
-32.3023 5.44678

-32.3101 5.45293
-32.3023 5.44678

-32.2539 5.40837
-32.2312 5.39062

-30.9062 1.55001
-30.8516 1.57227

-30.8528 1.57227
-30.7939 1.59657

-30.7939 1.59671
-30.7378 1.62083

-30.7378 1.62056
-30.7198 1.62842

-30.7211 1.62842
-30.6816 1.64562

-30.6816 1.64535
-30.6255 1.6702

-30.6255 1.67015
-30.5931 1.68457

-30.5944 1.68457
-30.5693 1.69567

-30.5693 1.69539
-30.5132 1.7203

-30.5132 1.72019
-30.4669 1.74072

-30.4678 1.74072
-30.457 1.74549

-30.457 1.74534
-30.4009 1.76991

-30.4009 1.76968
-30.3447 1.794

-30.3447 1.79417
-30.3383 1.79688

-30.3391 1.79688
-30.2886 1.8181

-30.2886 1.8177
-30.2324 1.84039

-30.2324 1.84028
-30.2 1.85303

-30.2018 1.85303
-30.1763 1.86307

-30.1763 1.86273
-30.1201 1.88371

-30.1201 1.88348
-30.064 1.90373

-30.064 1.90363
-30.0481 1.90918

-30.0487 1.90918
-30.0078 1.9238

-30.5132 3.36552
-30.5155 3.36914

-30.457 3.27867
-30.4794 3.31299

-30.5132 3.36543
-30.4795 3.31299

-30.5693 3.45381
-30.587 3.48145

-30.6255 3.54222
-30.6583 3.59375

-30.5869 3.48145
-30.6225 3.5376

-30.6255 3.54222
-30.6225 3.5376

-30.5154 3.36914
-30.5512 3.42529

-30.5693 3.45382
-30.5512 3.42529

-30.3447 3.11237
-30.3679 3.14453

-30.2324 2.96126
-30.2442 2.97607

-30.2444 2.97607
-30.2873 3.03223

-30.2886 3.03446
-30.3279 3.08838

-30.3447 3.11214
-30.328 3.08838

-30.2886 3.03406
-30.2872 3.03223

-30.1763 2.89184
-30.1996 2.91992

-30.1201 2.82592
-30.1529 2.86377

-30.1763 2.89177
-30.153 2.86377

-30.064 2.76277
-30.1042 2.80762

-30.0078 2.70193
-30.0537 2.75146

-30.064 2.7627
-30.0539 2.75146

-30.1201 2.82614
-30.1041 2.80762

-30.2324 2.96138
-30.1994 2.91992

-30.4009 3.19386
-30.4055 3.20068

-30.4058 3.20068
-30.443 3.25684

-30.4009 3.19359
-30.3674 3.14453

-30.457 3.27862
-30.4428 3.25684

-30.0078 1.92312
-29.9517 1.94253

-29.9517 1.9424
-29.8955 1.9627

-29.8955 1.96283
-29.8891 1.96533

-29.8879 1.96533
-29.8394 1.98439

-29.8394 1.98424
-29.7832 2.00906

-29.7832 2.00945
-29.7614 2.02148

-29.7553 2.02148
-29.7271 2.03708

-29.7271 2.04081
-29.6709 2.07629

-29.6687 2.07764
-29.621 2.13379

-29.625 2.13379
-29.6147 2.16773

-29.6147 2.24308
-29.6151 2.24609

-29.6147 2.16636
-29.6076 2.18994

-29.6072 2.18994
-29.6145 2.24609

-29.9517 2.64259
-30.0017 2.69531

-29.8955 2.58477
-29.9483 2.63916

-29.9517 2.64266
-29.9483 2.63916

-29.8394 2.52781
-29.8938 2.58301

-29.7832 2.47112
-29.8378 2.52686

-29.8394 2.52796
-29.8383 2.52686

-29.8955 2.58491
-29.8937 2.58301

-29.6709 2.33948
-29.6808 2.3584

-29.7271 2.40984
-29.7309 2.41455

-29.73 2.41455
-29.782 2.4707

-29.7271 2.41151
-29.6832 2.3584

-29.6178 2.24609
-29.644 2.30225

-29.6709 2.34181
-29.6443 2.30225

-29.6147 2.24678
-29.6144 2.24609

-29.7832 2.47138
-29.7825 2.4707

-30.0078 2.70199
-30.0016 2.69531

-30.7939 3.80625
-30.8016 3.81836

-30.6816 3.63029
-30.6942 3.6499

-30.6942 3.6499
-30.7301 3.70605

-30.7378 3.71817
-30.7659 3.76221

-30.7939 3.80628
-30.7659 3.76221

-30.7378 3.71819
-30.7301 3.70605

-30.8501 3.89528
-30.8721 3.93066

-30.8016 3.81836
-30.8371 3.87451

-30.8501 3.89528
-30.8372 3.87451

-30.9062 3.98626
-30.8721 3.93066

-30.6816 3.63037
-30.6583 3.59375

-34.0508 7.92692
-34.0713 7.97363

-34.1069 8.05872
-34.1182 8.08594

-34.0712 7.97363
-34.095 8.02979

-34.1069 8.05866
-34.095 8.02979

-33.8262 7.44313
-33.8381 7.46826

-33.838 7.46826
-33.8647 7.52441

-33.8823 7.56151
-33.8914 7.58057

-33.8914 7.58057
-33.918 7.63672

-33.8823 7.56145
-33.8647 7.52441

-33.7139 7.20193
-33.733 7.24365

-33.7331 7.24365
-33.759 7.2998

-33.77 7.32362
-33.785 7.35596

-33.785 7.35596
-33.8114 7.41211

-33.77 7.32364
-33.7589 7.2998

-33.7139 7.20183
-33.7073 7.1875

-33.8262 7.44332
-33.8114 7.41211

-33.9385 7.68004
-33.9707 7.74902

-33.9946 7.80144
-33.9963 7.80518

-33.9964 7.80518
-34.0218 7.86133

-33.9946 7.8013
-33.9706 7.74902

-33.9385 7.68018
-33.918 7.63672

-34.0218 7.86133
-34.0467 7.91748

-34.0508 7.92673
-34.0468 7.91748

-34.2754 8.53063
-34.2768 8.53516

-34.1631 8.20022
-34.1834 8.25439

-34.1834 8.25439
-34.2036 8.31055

-34.1181 8.08594
-34.1406 8.14209

-34.1406 8.14209
-34.1624 8.19824

-34.1631 8.20012
-34.1624 8.19824

-34.2192 8.35588
-34.223 8.3667

-34.223 8.3667
-34.2417 8.42285

-34.2192 8.35585
-34.2036 8.31055

-34.2416 8.42285
-34.2596 8.479

-34.2754 8.53058
-34.2596 8.479

-34.2768 8.53516
-34.2934 8.59131

-34.2934 8.59131
-34.3094 8.64746

-34.3315 8.7286
-34.3399 8.75977

-34.3093 8.64746
-34.3248 8.70361

-34.3315 8.72856
-34.3249 8.70361

-34.3877 8.94887
-34.3965 8.98438

-34.3398 8.75977
-34.3545 8.81592

-34.3545 8.81592
-34.3687 8.87207

-34.3687 8.87207
-34.3827 8.92822

-34.3877 8.94869
-34.3827 8.92822

-34.3964 8.98438
-34.41 9.04053

-34.41 9.04053
-34.4234 9.09668

-34.4438 9.18333
-34.4499 9.20898

-34.4234 9.09668
-34.4367 9.15283

-34.4438 9.18328
-34.4367 9.15283

-34.4499 9.20898
-34.463 9.26514

-34.463 9.26514
-34.4761 9.32129

-34.4761 9.32129
-34.4892 9.37744

-34.5 9.4237
-34.4892 9.37744

-34.5 19.0808
-34.4979 19.0918

-34.4979 19.0918
-34.4873 19.1479

-34.4873 19.1479
-34.4771 19.2041

-34.4771 19.2041
-34.4671 19.2603

-34.4671 19.2603
-34.4573 19.3164

-34.4573 19.3164
-34.4478 19.3726

-34.4478 19.3726
-34.4438 19.3964

-34.4438 19.3964
-34.4385 19.4287

-34.4385 19.4287
-34.4294 19.4849

-34.4294 19.4849
-34.4206 19.541

-34.4206 19.541
-34.412 19.5972

-34.412 19.5972
-34.4036 19.6533

-34.4035 19.6533
-34.3877 19.7644

-34.3877 19.7647
-34.3876 19.7656

-34.3876 19.7656
-34.3799 19.8218

-34.3799 19.8218
-34.3726 19.8779

-34.3726 19.8779
-34.3655 19.9341

-34.3655 19.9341
-34.3587 19.9902

-34.3587 19.9902
-34.3522 20.0464

-34.3522 20.0464
-34.3461 20.1025

-34.3461 20.1025
-34.3403 20.1587

-34.3403 20.1587
-34.3348 20.2148

-34.3348 20.2148
-34.3315 20.2507

-34.3315 20.2507
-34.3297 20.271

-34.3297 20.271
-34.3249 20.3271

-34.3249 20.3271
-34.3205 20.3833

-34.3205 20.3833
-34.3165 20.4395

-34.3165 20.4395
-34.3129 20.4956

-34.3129 20.4956
-34.3095 20.5518

-34.3095 20.5518
-34.3066 20.6079

-34.3066 20.6079
-34.3039 20.6641

-34.3039 20.6641
-34.3016 20.7202

-34.3016 20.7202
-34.2996 20.7764

-34.2996 20.7764
-34.298 20.8325

-34.298 20.8325
-34.2966 20.8887

-34.2966 20.8887
-34.2955 20.9448

-34.2955 20.9448
-34.2947 21.001

-34.2947 21.001
-34.2942 21.0571

-34.2942 21.0571
-34.2939 21.1133

-34.2939 21.1133
-34.2938 21.1694

-34.2938 21.1694
-34.294 21.2256

-34.294 21.2256
-34.2944 21.2817

-34.2944 21.2817
-34.295 21.3379

-34.295 21.3379
-34.2959 21.394

-34.2959 21.394
-34.297 21.4502

-34.297 21.4502
-34.2983 21.5063

-34.2983 21.5063
-34.2998 21.5625

-34.2998 21.5625
-34.3015 21.6187

-34.3015 21.6187
-34.3035 21.6748

-34.3035 21.6748
-34.3056 21.731

-34.3056 21.731
-34.308 21.7871

-34.308 21.7871
-34.3106 21.8433

-34.3106 21.8433
-34.3134 21.8994

-34.3134 21.8994
-34.3164 21.9556

-34.3164 21.9556
-34.3197 22.0117

-34.3197 22.0117
-34.3231 22.0679

-34.3231 22.0679
-34.3268 22.124

-34.3315 22.1925
-34.3347 22.2363

-34.3268 22.124
-34.3307 22.1802

-34.3315 22.1925
-34.3306 22.1802

-34.3347 22.2363
-34.339 22.2925

-34.339 22.2925
-34.3435 22.3486

-34.3435 22.3486
-34.3481 22.4048

-34.3481 22.4048
-34.353 22.4609

-34.353 22.4609
-34.358 22.5171

-34.358 22.5171
-34.3633 22.5732

-34.3633 22.5732
-34.3686 22.6294

-34.3686 22.6294
-34.3742 22.6855

-34.3877 22.817
-34.3977 22.9102

-34.3742 22.6855
-34.3798 22.7417

-34.3798 22.7417
-34.3857 22.7979

-34.3877 22.817
-34.3857 22.7979

-34.3977 22.9102
-34.4039 22.9663

-34.4039 22.9663
-34.4102 23.0225

-34.4102 23.0225
-34.4167 23.0786

-34.4167 23.0786
-34.4232 23.1348

-34.4232 23.1348
-34.4298 23.1909

-34.4298 23.1909
-34.4366 23.2471

-34.4438 23.307
-34.4503 23.3594

-34.4366 23.2471
-34.4434 23.3032

-34.4438 23.307
-34.4434 23.3032

-34.4503 23.3594
-34.4573 23.4155

-34.4573 23.4155
-34.4645 23.4717

-34.4645 23.4717
-34.4717 23.5278

-34.4717 23.5278
-34.4791 23.584

-34.4791 23.584
-34.4865 23.6401

-34.4865 23.6401
-34.4941 23.6963

-34.5 23.7391
-34.4941 23.6963

-77.625 117.191
-78.346 118.594

-79.4219 120.866
-80.1987 122.188

-78.2742 118.594
-79.1542 120.391

-79.4219 120.956
-79.0895 120.391

-81.2188 123.783
-81.3352 123.984

-81.3106 123.984
-82.1607 125.781

-83.017 127.578
-84.1202 129.375

-82.0708 125.781
-82.9837 127.578

-83.0156 127.783
-82.89 127.578

-81.2188 123.76
-80.3084 122.188

-84.8125 130.483
-85.1849 131.172

-85.1088 131.172
-85.8978 132.969

-86.6094 134.356
-86.8366 134.766

-86.9194 134.766
-88.0765 136.562

-86.6094 134.417
-85.8058 132.969

-90.2031 139.873
-90.3975 140.156

-88.4062 137.135
-89.1079 138.359

-88.9254 138.359
-90.1584 140.156

-90.5078 140.156
-91.7164 141.953

-92 142.098
-91.9025 141.953

-90.2031 140.45
-89.9524 140.156

-88.4062 136.913
-88.2054 136.562

-84.8125 130.375
-84.2721 129.375

-76.3398 115
-77.3953 116.797

-77.625 117.076
-77.4815 116.797

