-62.3289 0
-62.3246 0.0561523

-62.3247 0.0561523
-62.3116 0.112305

-62.3114 0.112305
-62.2954 0.153298

-62.2954 0.153701
-62.2896 0.168457

-62.2895 0.168457
-62.2591 0.224609

-62.2604 0.224609
-62.2393 0.25036

-62.2393 0.254175
-62.2206 0.280762

-62.2203 0.280762
-62.1831 0.321272

-62.1831 0.325443
-62.1726 0.336914

-62.1683 0.336914
-62.127 0.373608

-62.127 0.374501
-62.1041 0.393066

-62.106 0.393066
-62.0708 0.421645

-62.0708 0.421569
-62.0315 0.449219

-62.0256 0.449219
-62.0146 0.457851

-62.0146 0.458161
-61.9585 0.496498

-61.9585 0.496959
-61.9463 0.505371

-61.9476 0.505371
-61.9023 0.536663

-61.9023 0.536088
-61.8668 0.561523

-61.8618 0.561523
-61.8462 0.572676

-61.8462 0.572969
-61.7949 0.617676

-61.7941 0.617676
-61.79 0.6212

-61.79 0.623584
-61.7419 0.673828

-61.7417 0.673828
-61.7339 0.683833

-61.7339 0.683636
-61.6977 0.72998

-61.6992 0.72998
-61.6777 0.763145

-61.6777 0.763158
-61.6629 0.786133

-61.6632 0.786133
-61.631 0.842285

-61.6317 0.842285
-61.6216 0.861535

-61.6216 0.86075
-61.6017 0.898438

-61.6022 0.898438
-61.5738 0.95459

-61.5735 0.95459
-61.5654 0.970751

-61.5654 0.971897
-61.5459 1.01074

-61.546 1.01074
-61.5173 1.06689

-61.5171 1.06689
-61.5093 1.08159

-61.5093 1.08236
-61.4877 1.12305

-61.4874 1.12305
-61.4531 1.18544

-61.4531 1.18602
-61.4256 1.23535

-61.4251 1.23535
-61.397 1.28546

-61.397 1.28565
-61.3937 1.2915

-61.3937 1.2915
-61.3626 1.34766

-61.3616 1.34766
-61.3408 1.38804

-61.3408 1.38765
-61.3321 1.40381

-61.3319 1.40381
-61.3035 1.45996

-61.3032 1.45996
-61.2847 1.4999

-61.2847 1.5
-61.2772 1.51611

-61.2774 1.51611
-61.2541 1.57227

-61.253 1.57227
-61.2285 1.64519

-61.2285 1.64475
-61.2163 1.68457

-61.2163 1.68457
-61.2018 1.74072

-61.2018 1.74072
-61.1902 1.79688

-59.937 0.446343
-59.8809 0.394345

-59.8247 0.363581
-59.8771 0.393066

-59.8809 0.39478
-59.8778 0.393066

-59.8247 0.364673
-59.7686 0.349691

-59.7686 0.350093
-59.7124 0.348676

-59.7124 0.349497
-59.6562 0.359195

-59.9932 0.522715
-60.0165 0.561523

-60.0493 0.650096
-60.0562 0.673828

-60.0162 0.561523
-60.0407 0.617676

-60.0493 0.648935
-60.0403 0.617676

-59.9385 0.449219
-59.9833 0.505371

-59.9932 0.524025
-59.9819 0.505371

-59.937 0.449564
-59.9367 0.449219

-59.9932 0.563489
-59.9924 0.561523

-60.0561 0.673828
-60.0656 0.72998

-60.0657 0.72998
-60.0685 0.786133

-60.0493 0.674348
-60.0492 0.673828

-60.0681 0.786133
-60.0648 0.842285

-60.0649 0.842285
-60.056 0.898438

-60.0552 0.898438
-60.0493 0.923995

-60.0493 0.923049
-60.042 0.95459

-60.042 0.95459
-60.0269 1.01074

-60.0265 1.01074
-60.0103 1.06689

-60.01 1.06689
-59.9941 1.12305

-59.9941 1.12305
-59.9932 1.12655

-59.9932 1.12563
-59.9793 1.1792

-59.9793 1.1792
-59.9667 1.23535

-59.9666 1.23535
-59.9564 1.2915

-59.9563 1.2915
-59.9487 1.34766

-59.9486 1.34766
-59.9441 1.40381

-59.9441 1.40381
-59.9429 1.45996

-59.9427 1.45996
-59.9451 1.51611

-59.9452 1.51611
-59.9516 1.57227

-59.9932 1.72704
-59.9981 1.74072

-59.9985 1.74072
-60.0234 1.79688

-59.9513 1.57227
-59.9622 1.62842

-59.9623 1.62842
-59.978 1.68457

-59.9932 1.7248
-59.9771 1.68457

-61.1902 1.79688
-61.1813 1.85303

-61.1813 1.85303
-61.1752 1.90918

-61.1752 1.90918
-61.1724 1.95433

-61.1724 1.95363
-61.1716 1.96533

-61.1717 1.96533
-61.1707 2.02148

-61.1724 2.07857
-61.1768 2.13379

-61.1706 2.02148
-61.1722 2.07764

-61.1724 2.07792
-61.1723 2.07764

-61.1766 2.13379
-61.1841 2.18994

-61.1842 2.18994
-61.1948 2.24609

-61.2285 2.36465
-61.2457 2.41455

-61.2451 2.41455
-61.266 2.4707

-61.2847 2.51933
-61.2875 2.52686

-61.2878 2.52686
-61.307 2.58301

-61.2847 2.5172
-61.2673 2.4707

-61.3077 2.58301
-61.3245 2.63916

-61.3244 2.63916
-61.3374 2.69531

-61.1947 2.24609
-61.2085 2.30225

-61.2084 2.30225
-61.2256 2.3584

-61.2285 2.36636
-61.2258 2.3584

-60.7793 2.40688
-60.7882 2.41455

-60.7808 2.41455
-60.7795 2.4707

-60.7231 2.35735
-60.667 2.33681

-60.7793 2.40679
-60.7232 2.3584

-60.7746 2.41455
-60.7734 2.4707

-60.667 2.33549
-60.6108 2.3176

-60.6108 2.31838
-60.5547 2.30421

-60.764 2.4707
-60.7425 2.52686

-60.7422 2.52686
-60.7231 2.57882

-60.7231 2.57849
-60.7215 2.58301

-60.7208 2.58301
-60.7034 2.63916

-60.704 2.63916
-60.6901 2.69531

-61.3408 2.7113
-61.3536 2.80762

-61.3529 2.80762
-61.3544 2.86377

-61.3542 2.86377
-61.3515 2.91992

-61.3408 2.71442
-61.3376 2.69531

-61.3541 2.91992
-61.3408 2.98393

-61.3408 2.98952
-61.3304 3.03223

-61.3319 3.03223
-61.3097 3.08838

-61.3085 3.08838
-61.2847 3.12914

-61.2847 3.13272
-61.2778 3.14453

-61.2793 3.14453
-61.2309 3.20068

-61.2308 3.20068
-61.2285 3.20377

-61.2285 3.20266
-61.1724 3.24887

-61.1724 3.2473
-61.1534 3.25684

-61.1504 3.25684
-61.1162 3.28195

-61.1162 3.2751
-61.0601 3.28915

-61.0601 3.2895
-61.0039 3.29245

-60.6899 2.69531
-60.679 2.75146

-60.6791 2.75146
-60.6714 2.80762

-60.6709 2.80762
-60.667 2.86377

-60.667 2.86827
-60.6679 2.91992

-60.6678 2.91992
-60.674 2.97607

-60.6735 2.97607
-60.6864 3.03223

-60.7231 3.11692
-60.7392 3.14453

-60.686 3.03223
-60.7075 3.08838

-60.7231 3.11706
-60.7064 3.08838

-60.667 3.03309
-60.6665 3.03223

-61.0039 3.29096
-60.9478 3.2851

-60.9478 3.28783
-60.8916 3.2707

-60.8354 3.24044
-60.865 3.25684

-60.7793 3.19292
-60.7884 3.20068

-60.8354 3.24089
-60.7881 3.20068

-60.8916 3.26465
-60.8734 3.25684

-60.7793 3.1966
-60.741 3.14453

-60.3862 2.24071
-60.3961 2.24609

-60.3862 2.24115
-60.3301 2.20211

-60.1055 1.93982
-60.1217 1.96533

-60.1205 1.96533
-60.1602 2.02148

-60.2178 2.09388
-60.2537 2.13379

-60.2739 2.15437
-60.3155 2.18994

-60.3301 2.20186
-60.3162 2.18994

-60.2739 2.15682
-60.2521 2.13379

-60.1616 2.02448
-60.2035 2.07764

-60.2178 2.09254
-60.2043 2.07764

-60.1616 2.02351
-60.16 2.02148

-60.4985 2.29116
-60.5421 2.30225

-60.5547 2.30492
-60.5442 2.30225

-60.4985 2.29318
-60.4424 2.27225

-60.4424 2.27335
-60.3982 2.24609

-60.0493 1.84771
-60.0521 1.85303

-60.0527 1.85303
-60.0848 1.90918

-60.0493 1.84746
-60.0233 1.79688

-60.1055 1.94352
-60.0823 1.90918

-59.9932 1.79712
-59.993 1.79688

-59.6562 0.360915
-59.6001 0.376645

-59.6001 0.378067
-59.5456 0.393066

-59.5468 0.393066
-59.5439 0.393842

-59.5439 0.394969
-59.4878 0.404387

-59.4878 0.40462
-59.4316 0.40466

-59.4316 0.404177
-59.3755 0.395341

-59.3193 0.378469
-59.3673 0.393066

-59.3755 0.395216
-59.3684 0.393066

-59.207 0.322048
-59.2346 0.336914

-59.3193 0.377739
-59.2632 0.353397

-59.2632 0.354355
-59.2309 0.336914

-59.207 0.322162
-59.1509 0.287617

-59.0947 0.254502
-59.1476 0.280762

-59.1509 0.287406
-59.1375 0.280762

-59.207 0.337625
-59.2055 0.336914

-59.0947 0.255674
-59.0386 0.242514

-59.0386 0.243711
-58.9824 0.242039

-58.9824 0.243039
-58.9263 0.248464

-58.9263 0.249578
-58.8701 0.257869

-58.8701 0.258626
-58.814 0.26604

-58.814 0.266272
-58.7578 0.270831

-58.7578 0.27072
-58.7017 0.272183

-58.7017 0.271925
-58.6455 0.27103

-58.6455 0.27075
-58.5894 0.268573

-58.5894 0.268367
-58.5332 0.265879

-58.5332 0.265769
-58.4771 0.263604

-58.4771 0.263574
-58.4209 0.262013

-58.4209 0.262036
-58.3647 0.261092

-58.3647 0.261133
-58.3086 0.260679

-58.3086 0.260722
-58.2524 0.260592

-58.2524 0.260625
-58.1963 0.260666

-58.1963 0.260688
-58.1401 0.26079

-58.1401 0.260802
-58.084 0.260894

-58.084 0.2609
-58.0278 0.260944

-58.0278 0.260946
-57.9717 0.260926

-57.9717 0.260927
-57.9155 0.260836

-57.9155 0.260836
-57.8594 0.260675

-57.8594 0.260674
-57.8032 0.260444

-57.8032 0.260443
-57.7471 0.260147

-57.7471 0.260145
-57.6909 0.259788

-57.6909 0.259786
-57.6348 0.259373

-57.6348 0.259371
-57.5786 0.258908

-57.5786 0.258906
-57.5225 0.2584

-57.5225 0.258398
-57.4663 0.257854

-57.4663 0.257853
-57.4102 0.257278

-57.4102 0.257277
-57.354 0.256678

-57.354 0.256677
-57.2979 0.256058

-57.2979 0.256058
-57.2417 0.255419

-57.2417 0.255418
-57.1855 0.254759

-57.1855 0.254757
-57.1294 0.254084

-57.1294 0.254073
-57.0732 0.253414

-57.0732 0.253418
-57.0171 0.25279

-57.0171 0.252804
-56.9609 0.252172

-56.9609 0.25217
-56.9048 0.251509

-56.9048 0.251505
-56.8486 0.250827

-56.8486 0.250823
-56.7925 0.250144

-56.7925 0.250144
-56.7363 0.249472

-56.7363 0.249472
-56.6802 0.248808

-56.6802 0.248808
-56.624 0.248151

-56.624 0.248151
-56.5679 0.2475

-56.5679 0.247499
-56.5117 0.246856

-56.5117 0.246856
-56.4556 0.246222

-56.4556 0.246222
-56.3994 0.245598

-56.3994 0.245598
-56.3433 0.244981

-56.3433 0.244981
-56.2871 0.244373

-56.2871 0.244373
-56.231 0.243772

-56.231 0.243772
-56.1748 0.243179

-56.1748 0.243179
-56.1187 0.242593

-56.1187 0.242593
-56.0625 0.242015

-56.0625 0.242015
-56.0063 0.241444

-56.0063 0.241444
-55.9502 0.240881

-55.9502 0.240881
-55.894 0.240326

-55.894 0.240326
-55.8379 0.239781

-55.8379 0.23978
-55.7817 0.239247

-55.7817 0.239247
-55.7256 0.238728

-55.7256 0.238727
-55.6694 0.238227

-55.6694 0.238226
-55.6133 0.237747

-55.6133 0.237746
-55.5571 0.237293

-55.5571 0.237293
-55.501 0.23687

-55.501 0.236868
-55.4448 0.236481

-55.4448 0.236499
-55.3887 0.236115

-55.3887 0.235997
-55.2764 0.235635

-55.2764 0.235837
-55.1641 0.235695

-55.1641 0.235676
-55.0518 0.235388

-55.0518 0.235342
-54.9395 0.235035

-54.9395 0.234703
-54.8271 0.235133

-54.8271 0.235579
-54.771 0.236177

-54.771 0.236033
-54.7148 0.236408

-54.7148 0.236409
-54.6587 0.236846

-54.6587 0.236846
-54.6025 0.23734

-54.6025 0.237342
-54.5464 0.237886

-54.5464 0.237888
-54.4902 0.238474

-54.4902 0.238476
-54.4341 0.239095

-54.4341 0.239097
-54.3779 0.239741

-54.3779 0.239743
-54.3218 0.240401

-54.3218 0.240403
-54.2656 0.241068

-54.2656 0.24107
-54.2095 0.241731

-54.2095 0.241734
-54.1533 0.242383

-54.1533 0.242385
-54.0972 0.243015

-54.0972 0.243017
-54.041 0.24362

-54.041 0.243622
-53.9849 0.244191

-53.9849 0.244193
-53.9287 0.244723

-53.9287 0.244724
-53.8726 0.245209

-53.8726 0.24521
-53.8164 0.245645

-53.8164 0.245646
-53.7603 0.246029

-53.7603 0.246029
-53.7041 0.246357

-53.7041 0.246357
-53.6479 0.246629

-53.6479 0.24663
-53.5918 0.246844

-53.5918 0.246845
-53.5356 0.247001

-53.5356 0.247001
-53.4795 0.247096

-53.4795 0.247096
-53.4233 0.247128

-53.4233 0.247128
-53.3672 0.247095

-53.3672 0.247096
-53.311 0.246996

-53.311 0.246996
-53.2549 0.246829

-53.2549 0.246829
-53.1987 0.246593

-53.1987 0.246593
-53.1426 0.246288

-53.1426 0.246288
-53.0864 0.245913

-53.0864 0.245913
-53.0303 0.24547

-53.0303 0.245469
-52.9741 0.244959

-52.9741 0.244958
-52.918 0.244382

-52.918 0.244381
-52.8618 0.243741

-52.8618 0.243738
-52.8057 0.243043

-52.8057 0.243039
-52.7495 0.242301

-52.7495 0.242302
-52.6934 0.241527

-52.6934 0.24154
-52.6372 0.240698

-52.6372 0.24072
-52.5811 0.239743

-52.5811 0.239737
-52.5249 0.238593

-52.5249 0.23855
-52.4688 0.237335

-52.4688 0.237212
-52.4126 0.236256

-52.4126 0.236253
-52.3564 0.235808

-52.3564 0.235925
-52.2441 0.235595

-52.2441 0.235987
-52.1318 0.235459

-52.1318 0.235441
-52.0195 0.233967

-52.0195 0.23377
-51.9072 0.231779

-51.9072 0.231646
-51.7949 0.229795

-51.7949 0.229793
-51.6826 0.228353

-51.6826 0.228325
-51.5703 0.227355

-51.5703 0.22734
-51.458 0.226928

-51.458 0.226912
-51.3457 0.227122

-51.3457 0.227118
-51.2334 0.227988

-51.2334 0.22801
-51.1211 0.229504

-51.1211 0.22943
-51.0088 0.231651

-51.0088 0.23117
-50.8965 0.235228

-50.8965 0.235658
-50.8403 0.238636

-50.8403 0.238726
-50.7842 0.241613

-50.7842 0.241733
-50.728 0.244106

-50.728 0.244044
-50.6719 0.245786

-50.6719 0.245697
-50.6157 0.247107

-50.6157 0.247045
-50.5596 0.248428

-50.5596 0.248415
-50.5034 0.249922

-50.5034 0.249927
-50.4473 0.251574

-50.4473 0.251577
-50.3911 0.253349

-50.3911 0.253357
-50.335 0.255233

-50.335 0.255235
-50.2788 0.257195

-50.2788 0.2572
-50.2227 0.259232

-50.2227 0.25924
-50.1665 0.26132

-50.1665 0.261329
-50.1104 0.263424

-50.1104 0.263433
-50.0542 0.26551

-50.0542 0.265517
-49.998 0.267546

-49.998 0.267551
-49.9419 0.269508

-49.9419 0.269511
-49.8857 0.27138

-49.8857 0.271383
-49.8296 0.273153

-49.8296 0.273155
-49.7734 0.274817

-49.7734 0.27482
-49.7173 0.276364

-49.7173 0.276367
-49.6611 0.27778

-49.6611 0.277778
-49.605 0.27906

-49.605 0.27905
-49.5488 0.280228

-49.5488 0.280224
-49.5198 0.280762

-49.5232 0.280762
-49.4927 0.281328

-49.4927 0.281318
-49.4365 0.282121

-49.4365 0.282126
-49.3804 0.282641

-49.3804 0.282654
-49.3242 0.282844

-49.3242 0.282852
-49.2681 0.282674

-49.2681 0.282681
-49.2119 0.282104

-49.2119 0.282106
-49.1558 0.281113

-49.0996 0.279759
-49.1441 0.280762

-49.1558 0.281089
-49.1412 0.280762

-49.0996 0.279725
-49.0435 0.278434

-49.0435 0.278413
-48.9873 0.277233

-48.9873 0.27721
-48.9312 0.27623

-48.9312 0.276213
-48.875 0.275513

-48.875 0.275507
-48.8188 0.275135

-48.8188 0.275136
-48.7627 0.275099

-48.7627 0.275107
-48.7065 0.275389

-48.7065 0.2754
-48.6504 0.275961

-48.6504 0.275976
-48.5942 0.276764

-48.5942 0.276782
-48.5381 0.277732

-48.5381 0.277751
-48.4819 0.278792

-48.4819 0.278803
-48.4258 0.279874

-48.4258 0.279878
-48.3786 0.280762

-48.3814 0.280762
-48.3696 0.280982

-48.3696 0.28098
-48.3135 0.281902

-48.3135 0.281904
-48.2573 0.282613

-48.2573 0.282629
-48.2012 0.283086

-48.2012 0.283091
-48.145 0.283254

-48.145 0.283252
-48.0889 0.283116

-48.0889 0.28311
-48.0327 0.28269

-48.0327 0.282684
-47.9766 0.282003

-47.9766 0.282001
-47.9204 0.281073

-47.8643 0.279913
-47.9059 0.280762

-47.9204 0.281063
-47.9056 0.280762

-47.8643 0.279916
-47.8081 0.278584

-47.8081 0.278591
-47.752 0.277056

-47.752 0.277054
-47.6958 0.275306

-47.6958 0.275307
-47.6396 0.27335

-47.6396 0.273354
-47.5835 0.271179

-47.5835 0.271186
-47.5273 0.268773

-47.5273 0.268779
-47.4712 0.266102

-47.4712 0.266107
-47.415 0.263145

-47.415 0.263142
-47.3589 0.25989

-47.3589 0.259875
-47.3027 0.25637

-47.3027 0.256341
-47.2466 0.25267

-47.2466 0.252626
-47.1904 0.248935

-47.1904 0.248871
-47.1343 0.245374

-47.1343 0.245329
-47.0781 0.242243

-47.0781 0.242213
-47.022 0.23969

-47.022 0.239683
-46.9658 0.237799

-46.9658 0.237811
-46.9097 0.236556

-46.9097 0.236549
-46.8535 0.235913

-46.8535 0.236023
-46.7412 0.235583

-46.7412 0.236159
-46.6289 0.235497

-46.6289 0.23569
-46.5166 0.233267

-46.5166 0.232961
-46.4043 0.229004

-46.292 0.2243
-46.2995 0.224609

-46.292 0.22389
-46.2358 0.222086

-46.2358 0.221713
-46.1797 0.222052

-46.4043 0.228708
-46.2966 0.224609

-46.292 0.224657
-46.2757 0.224609

-46.1797 0.222186
-46.1363 0.224609

-46.103 0.224609
-46.0674 0.235787

-46.0674 0.240656
-46.0187 0.280762

-46.0254 0.280762
-46.0112 0.294765

-46.0112 0.29986
-45.9613 0.336914

-45.9606 0.336914
-45.9551 0.340129

-45.9551 0.337705
-45.8989 0.359131

-45.8989 0.360032
-45.8428 0.366846

-45.8428 0.364455
-45.7866 0.359636

-45.7866 0.363737
-45.7305 0.343868

-45.5059 0.0778759
-45.5213 0.112305

-45.562 0.187786
-45.5884 0.224609

-45.5189 0.112305
-45.5489 0.168457

-45.562 0.188148
-45.5479 0.168457

-45.6743 0.304281
-45.7251 0.336914

-45.6182 0.258056
-45.6445 0.280762

-45.6743 0.305389
-45.6457 0.280762

-45.7305 0.339941
-45.7244 0.336914

-45.6182 0.259844
-45.5876 0.224609

-45.4802 0
-45.4928 0.0561523

-45.5059 0.0805551
-45.4949 0.0561523

-45.4497 0.0314514
-45.4427 0

-45.5059 0.120103
-45.5005 0.112305

-45.3936 0.0258166
-45.3872 0

-45.2811 0
-45.2811 0.224609

-42.9556 0
-42.9229 0.0669463

-42.9229 0.0432852
-42.8743 0.0561523

-42.8674 0.0561523
-42.8667 0.0562394

-42.8105 0.00784406
-42.8652 0.0561523

-42.8667 0.058031
-42.8611 0.0561523

-42.8105 0.0573928
-42.7855 0

-41.9787 0
-41.9697 0.0561523

-41.9685 0.0561523
-41.9683 0.0567564

-41.9683 0.0515519
-41.9675 0.0561523

-41.9653 0.0561523
-41.9474 0.112305

-41.9556 0.112305
-41.9121 0.148657

-41.9121 0.141611
-41.856 0.147525

-41.856 0.153219
-41.7998 0.147746

-41.6875 0.00251765
-41.701 0.0561523

-41.6901 0.0561523
-41.7184 0.112305

-41.7998 0.149486
-41.734 0.112305

-41.6593 0
-41.5752 0.0279796

-41.6597 0.112305
-41.5752 0.13923

-41.4973 0
-41.4629 0.0114581

-41.4959 0.112305
-41.4629 0.122829

-41.3553 0
-41.3506 0.0015698

-41.3035 0
-41.3028 0.0561523

-41.3038 0.0561523
-41.3 0.112305

-41.2998 0.112305
-41.2944 0.148949

-41.2944 0.14805
-41.2914 0.168457

-41.2917 0.168457
-41.2789 0.224609

-41.2789 0.224609
-41.2612 0.280762

-41.2611 0.280762
-41.2385 0.336914

-41.2394 0.336914
-41.2383 0.338765

-41.2383 0.338731
-41.2103 0.393066

-41.2104 0.393066
-41.1821 0.435028

-41.1821 0.437966
-41.1746 0.449219

-41.1734 0.449219
-41.126 0.50408

-41.1259 0.505371
-41.0698 0.557241

-41.0698 0.553915
-41.0576 0.561523

-41.0592 0.561523
-41.0137 0.598177

-41.0137 0.589187
-40.9575 0.612744

-40.9575 0.612409
-40.9395 0.617676

-40.9486 0.617676
-40.9014 0.631517

-40.9014 0.629976
-40.8452 0.637768

-40.8452 0.637824
-40.7891 0.638655

-40.7891 0.638499
-40.7329 0.632565

-40.7329 0.631686
-40.6768 0.621056

-40.6206 0.60712
-40.6598 0.617676

-40.6768 0.620607
-40.6659 0.617676

-40.6206 0.606486
-40.5645 0.585835

-40.5083 0.561461
-40.4521 0.537268

-40.5645 0.584485
-40.5085 0.561523

-40.4521 0.536521
-40.396 0.512648

-40.3398 0.490829
-40.3789 0.505371

-40.396 0.512762
-40.3761 0.505371

-40.1152 0.445407
-40.1453 0.449219

-40.1152 0.445846
-40.0591 0.440951

-40.0591 0.441304
-40.0029 0.437643

-40.0029 0.437738
-39.9468 0.434416

-39.9468 0.434504
-39.8906 0.431157

-40.3398 0.491337
-40.2837 0.474242

-40.2837 0.473711
-40.2275 0.461146

-40.2275 0.461868
-40.1432 0.449219

-39.8906 0.431231
-39.8345 0.427534

-39.8345 0.427556
-39.7783 0.423319

-39.7783 0.423337
-39.7222 0.418479

-39.7222 0.418454
-39.666 0.412988

-39.666 0.412951
-39.6099 0.407

-39.6099 0.406963
-39.5537 0.400675

-39.5537 0.400651
-39.4976 0.394146

-39.4414 0.387445
-39.4881 0.393066

-39.4976 0.394111
-39.4889 0.393066

-39.4414 0.387434
-39.3853 0.380341

-39.3853 0.380354
-39.3291 0.372889

-39.3291 0.37291
-39.2729 0.365007

-39.2729 0.364947
-39.2168 0.356684

-39.2168 0.35682
-39.1045 0.339273

-39.0483 0.329414
-39.094 0.336914

-39.0483 0.329288
-38.9922 0.321096

-39.1045 0.339865
-39.0845 0.336914

-38.9922 0.321379
-38.936 0.314636

-38.936 0.314666
-38.8799 0.308745

-38.8799 0.308691
-38.8237 0.30364

-38.8237 0.303606
-38.7676 0.299601

-38.7676 0.299618
-38.7114 0.296692

-38.7114 0.296714
-38.6553 0.294786

-38.6553 0.294807
-38.5991 0.293792

-38.5991 0.293809
-38.543 0.293633

-38.543 0.293652
-38.4868 0.294244

-38.4868 0.294261
-38.4307 0.29555

-38.4307 0.295564
-38.3745 0.297489

-38.3745 0.297495
-38.3184 0.300017

-38.3184 0.300014
-38.2622 0.303128

-38.2622 0.303087
-38.2061 0.30688

-38.2061 0.306837
-38.1499 0.311474

-38.1499 0.311416
-38.0938 0.317096

-38.0938 0.316966
-38.0376 0.324067

-38.0376 0.323982
-37.9814 0.332935

-37.9814 0.33295
-37.9607 0.336914

-37.9602 0.336914
-37.8691 0.355733

-37.8691 0.356442
-37.813 0.370624

-37.813 0.370459
-37.7568 0.386126

-37.7568 0.385903
-37.7335 0.393066

-37.7354 0.393066
-37.7007 0.40371

-37.7007 0.403489
-37.6445 0.42198

-37.6445 0.421938
-37.5884 0.441758

-37.5884 0.441827
-37.5683 0.449219

-37.3112 0
-37.3076 0.010089

-37.3076 0.00963106
-37.2515 0.00734863

-37.2515 0.00543684
-37.2496 0

-37.5699 0.449219
-37.5322 0.462563

-37.5322 0.462874
-37.4761 0.48344

-37.4761 0.483269
-37.4199 0.503745

-37.4199 0.503353
-37.4142 0.505371

-37.4168 0.505371
-37.3638 0.524107

-37.3638 0.523829
-37.3076 0.542593

-37.3076 0.542576
-37.2515 0.560698

-37.2515 0.560412
-37.2478 0.561523

-37.2492 0.561523
-37.1953 0.578125

-37.1953 0.577663
-37.1392 0.593086

-37.1392 0.593104
-37.083 0.607496

-37.083 0.607324
-37.0399 0.617676

-37.0414 0.617676
-37.0269 0.621165

-37.0269 0.621018
-36.9707 0.63357

-36.9707 0.633463
-36.9146 0.645063

-36.9146 0.645091
-36.8584 0.655898

-36.8584 0.655774
-36.8022 0.66598

-36.8022 0.66597
-36.7561 0.673828

-36.7603 0.673828
-36.7461 0.676292

-36.7461 0.676079
-36.6338 0.691684

-36.6338 0.691277
-36.5776 0.697334

-36.5776 0.697361
-36.5215 0.702432

-36.5215 0.702425
-36.4653 0.70647

-36.4653 0.706405
-36.4092 0.709571

-36.4092 0.709486
-36.353 0.712073

-36.353 0.711968
-36.2969 0.714355

-36.2969 0.714267
-36.2407 0.716836

-36.2407 0.71675
-36.1846 0.71985

-36.1846 0.719781
-36.1284 0.72372

-36.1284 0.723631
-36.0723 0.728725

-36.0723 0.728892
-36.0626 0.72998

-36.0614 0.72998
-36.0161 0.735071

-36.0161 0.735106
-35.96 0.742506

-35.96 0.742473
-35.9038 0.751007

-35.9038 0.751016
-35.8477 0.760731

-35.8477 0.760786
-35.7915 0.771555

-35.7915 0.771573
-35.7354 0.783247

-35.7354 0.783222
-35.7224 0.786133

-35.7214 0.786133
-35.623 0.809213

-35.623 0.809785
-35.5669 0.824419

-35.5669 0.824217
-35.5107 0.839573

-35.5107 0.839362
-35.5005 0.842285

-35.5024 0.842285
-35.4546 0.855909

-35.4546 0.855795
-35.3984 0.872049

-35.3984 0.872069
-35.3423 0.888574

-35.3423 0.88852
-35.3081 0.898438

-35.3105 0.898438
-35.2861 0.905433

-35.2861 0.905124
-35.23 0.9206

-35.23 0.92064
-35.1738 0.935129

-35.1738 0.935018
-35.1177 0.948662

-35.1177 0.948492
-35.091 0.95459

-35.0931 0.95459
-35.0615 0.961813

-35.0615 0.961634
-35.0054 0.973463

-35.0054 0.973481
-34.9492 0.98418

-34.9492 0.984289
-34.8931 0.993607

-34.8931 0.993658
-34.8369 1.00127

-34.8369 1.00124
-34.7808 1.00713

-34.7808 1.00697
-34.7346 1.01074

-34.7324 1.01074
-34.7246 1.01151

-34.7246 1.0113
-34.6123 1.01953

-34.6123 1.01913
-34.5562 1.02303

-34.5562 1.02311
-34.5 1.02742

-34.5 29.8829
-34.5136 29.9292

-34.5136 29.9292
-34.5302 29.9854

-34.5562 30.0736
-34.5633 30.0977

-34.5302 29.9854
-34.5467 30.0415

-34.5562 30.0736
-34.5467 30.0415

-34.6123 30.264
-34.6295 30.3223

-34.5632 30.0977
-34.5798 30.1538

-34.5798 30.1538
-34.5963 30.21

-34.6123 30.264
-34.5963 30.21

-34.6295 30.3223
-34.6461 30.3784

-34.6461 30.3784
-34.6628 30.4346

-34.6685 30.4537
-34.6795 30.4907

-34.6795 30.4907
-34.6962 30.5469

-34.6685 30.4537
-34.6628 30.4346

-34.9492 31.3811
-34.9692 31.4453

-34.7246 30.6422
-34.7297 30.6592

-34.7297 30.6592
-34.7465 30.7153

-34.7465 30.7153
-34.7634 30.7715

-34.7808 30.8293
-34.7972 30.8838

-34.7634 30.7715
-34.7802 30.8276

-34.7808 30.8294
-34.7802 30.8276

-34.7972 30.8838
-34.8141 30.9399

-34.8141 30.9399
-34.8311 30.9961

-34.6962 30.5469
-34.7129 30.603

-34.7246 30.6422
-34.7129 30.603

-34.8369 31.0151
-34.8482 31.0522

-34.8482 31.0522
-34.8653 31.1084

-34.8931 31.1992
-34.8997 31.2207

-34.8653 31.1084
-34.8824 31.1646

-34.8931 31.1992
-34.8824 31.1646

-34.8369 31.0151
-34.8311 30.9961

-34.8997 31.2207
-34.9169 31.2769

-34.9169 31.2769
-34.9343 31.333

-34.9492 31.3811
-34.9343 31.333

-34.9692 31.4453
-34.9868 31.5015

-34.9868 31.5015
-35.0045 31.5576

-35.0054 31.5605
-35.0222 31.6138

-35.0222 31.6138
-35.04 31.6699

-35.0054 31.5605
-35.0045 31.5576

-35.0615 31.7372
-35.0759 31.7822

-35.0759 31.7822
-35.094 31.8384

-35.094 31.8384
-35.1121 31.8945

-35.04 31.6699
-35.0579 31.7261

-35.0615 31.7373
-35.0579 31.7261

-35.1738 32.0849
-35.1849 32.1191

-35.1849 32.1191
-35.2033 32.1753

-35.2033 32.1753
-35.2216 32.2314

-35.23 32.257
-35.24 32.2876

-35.24 32.2876
-35.2585 32.3438

-35.23 32.257
-35.2216 32.2314

-35.1177 31.9118
-35.1302 31.9507

-35.1302 31.9507
-35.1484 32.0068

-35.1177 31.9118
-35.1121 31.8945

-35.1484 32.0068
-35.1667 32.063

-35.1738 32.085
-35.1667 32.063

-36.2969 35.3186
-36.3179 35.376

-36.353 35.4715
-36.3592 35.4883

-36.3179 35.376
-36.3386 35.4321

-36.353 35.4715
-36.3386 35.4321

-36.5215 35.9293
-36.5245 35.9375

-36.4092 35.6245
-36.421 35.6567

-36.421 35.6567
-36.4417 35.7129

-36.3592 35.4883
-36.3798 35.5444

-36.3798 35.5444
-36.4004 35.6006

-36.4092 35.6245
-36.4004 35.6006

-36.4653 35.7771
-36.483 35.8252

-36.4417 35.7129
-36.4623 35.769

-36.4653 35.7771
-36.4623 35.769

-36.483 35.8252
-36.5038 35.8813

-36.5215 35.9293
-36.5038 35.8813

-35.3984 32.7627
-35.4086 32.793

-35.4086 32.793
-35.4276 32.8491

-35.4276 32.8491
-35.4466 32.9053

-35.4546 32.9289
-35.4656 32.9614

-35.4656 32.9614
-35.4846 33.0176

-35.4546 32.9289
-35.4466 32.9053

-35.5107 33.0948
-35.5226 33.1299

-35.5226 33.1299
-35.5416 33.186

-35.5416 33.186
-35.5607 33.2422

-35.4846 33.0176
-35.5036 33.0737

-35.5107 33.0948
-35.5036 33.0737

-35.8477 34.0778
-35.8697 34.1406

-35.623 33.4256
-35.6371 33.4668

-35.6371 33.4668
-35.6562 33.5229

-35.6562 33.5229
-35.6754 33.5791

-35.6792 33.5902
-35.6946 33.6353

-35.6946 33.6353
-35.7138 33.6914

-35.6792 33.5902
-35.6754 33.5791

-35.5669 33.2605
-35.5797 33.2983

-35.5797 33.2983
-35.5988 33.3545

-35.5669 33.2605
-35.5607 33.2422

-35.5988 33.3545
-35.6179 33.4106

-35.623 33.4257
-35.6179 33.4106

-35.7354 33.7541
-35.7524 33.8037

-35.7524 33.8037
-35.7718 33.8599

-35.7718 33.8599
-35.7912 33.916

-35.7138 33.6914
-35.7331 33.7476

-35.7354 33.7541
-35.7331 33.7476

-35.7915 33.9168
-35.8107 33.9722

-35.8107 33.9722
-35.8303 34.0283

-35.7915 33.9168
-35.7912 33.916

-35.8477 34.0778
-35.8303 34.0283

-35.2861 32.4274
-35.2956 32.4561

-35.2956 32.4561
-35.3143 32.5122

-35.3143 32.5122
-35.3331 32.5684

-35.2585 32.3438
-35.277 32.3999

-35.2861 32.4274
-35.277 32.3999

-35.3423 32.5959
-35.3519 32.6245

-35.3519 32.6245
-35.3708 32.6807

-35.3423 32.5959
-35.3331 32.5684

-35.3708 32.6807
-35.3897 32.7368

-35.3984 32.7627
-35.3897 32.7368

-35.9038 34.2369
-35.9095 34.2529

-35.8697 34.1406
-35.8896 34.1968

-35.9038 34.2369
-35.8896 34.1968

-35.9095 34.2529
-35.9295 34.3091

-35.9295 34.3091
-35.9496 34.3652

-35.96 34.3942
-35.9899 34.4775

-36.0161 34.55
-36.0305 34.5898

-35.9899 34.4775
-36.0102 34.5337

-36.0161 34.55
-36.0102 34.5337

-35.96 34.3942
-35.9496 34.3652

-36.0723 34.7049
-36.0917 34.7583

-36.0917 34.7583
-36.1122 34.8145

-36.1846 35.0125
-36.1943 35.0391

-36.1284 34.859
-36.1327 34.8706

-36.1327 34.8706
-36.1532 34.9268

-36.1284 34.859
-36.1122 34.8145

-36.1532 34.9268
-36.1737 34.9829

-36.1846 35.0126
-36.1737 34.9829

-36.0305 34.5898
-36.0509 34.646

-36.0509 34.646
-36.0713 34.7021

-36.0723 34.7049
-36.0713 34.7021

-36.1943 35.0391
-36.2149 35.0952

-36.2149 35.0952
-36.2355 35.1514

-36.2407 35.1657
-36.2561 35.2075

-36.2561 35.2075
-36.2767 35.2637

-36.2407 35.1657
-36.2355 35.1514

-36.2969 35.3186
-36.2767 35.2637

-38.0938 39.9465
-38.2916 40.4297

-38.2904 40.4297
-38.6632 41.3281

-38.6607 41.3281
-39.4268 43.125

-37.1953 37.7003
-37.2086 37.7344

-36.7461 36.5293
-36.7559 36.5552

-36.7559 36.5552
-36.777 36.6113

-36.8584 36.8264
-36.862 36.8359

-36.8022 36.678
-36.8195 36.7236

-36.777 36.6113
-36.7983 36.6675

-36.8022 36.678
-36.7983 36.6675

-36.8195 36.7236
-36.8407 36.7798

-36.8584 36.8264
-36.8407 36.7798

-36.5245 35.9375
-36.5453 35.9937

-36.5453 35.9937
-36.5662 36.0498

-36.5776 36.0806
-36.5871 36.106

-36.5871 36.106
-36.6081 36.1621

-36.5776 36.0806
-36.5662 36.0498

-36.6338 36.2308
-36.6501 36.2744

-36.6899 36.3803
-36.6923 36.3867

-36.6501 36.2744
-36.6712 36.3306

-36.6899 36.3803
-36.6712 36.3306

-36.6081 36.1621
-36.6291 36.2183

-36.6338 36.2309
-36.6291 36.2183

-36.6923 36.3867
-36.7135 36.4429

-36.7135 36.4429
-36.7347 36.499

-36.7461 36.5293
-36.7347 36.499

-36.9707 37.1215
-36.9904 37.1729

-37.0269 37.2675
-37.0337 37.2852

-36.9904 37.1729
-37.012 37.229

-37.0269 37.2675
-37.012 37.229

-36.862 36.8359
-36.8833 36.8921

-36.8833 36.8921
-36.9046 36.9482

-36.9146 36.9744
-36.926 37.0044

-36.926 37.0044
-36.9474 37.0605

-36.9146 36.9744
-36.9046 36.9482

-36.9474 37.0605
-36.9688 37.1167

-36.9707 37.1216
-36.9688 37.1167

-37.083 37.4122
-37.0991 37.4536

-37.0991 37.4536
-37.121 37.5098

-37.0337 37.2852
-37.0554 37.3413

-37.0554 37.3413
-37.0773 37.3975

-37.083 37.4122
-37.0773 37.3975

-37.1392 37.5564
-37.1429 37.5659

-37.1429 37.5659
-37.1648 37.6221

-37.1392 37.5564
-37.121 37.5098

-37.1647 37.6221
-37.1867 37.6782

-37.1953 37.7004
-37.1867 37.6782

-37.2515 37.8438
-37.2526 37.8467

-37.2086 37.7344
-37.2306 37.7905

-37.2515 37.8438
-37.2306 37.7905

-37.2526 37.8467
-37.2746 37.9028

-37.2746 37.9028
-37.2967 37.959

-37.3076 37.9868
-37.3188 38.0151

-37.3188 38.0151
-37.3409 38.0713

-37.3638 38.1295
-37.385 38.1836

-37.3409 38.0713
-37.3629 38.1274

-37.3638 38.1295
-37.3629 38.1274

-37.3076 37.9868
-37.2967 37.959

-37.4199 38.2723
-37.4292 38.2959

-37.4292 38.2959
-37.4513 38.3521

-37.4513 38.3521
-37.4733 38.4082

-37.5322 38.5583
-37.5615 38.6328

-37.4733 38.4082
-37.5174 38.5205

-37.5322 38.5583
-37.5174 38.5205

-37.385 38.1836
-37.4071 38.2397

-37.4199 38.2723
-37.4071 38.2397

-37.6445 38.8427
-37.6503 38.8574

-37.6504 38.8574
-37.7404 39.082

-37.74 39.082
-37.9225 39.5312

-37.6445 38.8428
-37.5613 38.6328

-38.0938 39.9473
-37.9234 39.5312

-41.6875 48.1767
-41.8423 48.5156

-41.8425 48.5156
-42.6747 50.3125

-45.2812 55.9215
-46.0044 57.5

-43.4844 52.0428
-43.5154 52.1094

-43.5163 52.1094
-44.3501 53.9062

-43.4844 52.0429
-42.6781 50.3125

-44.3493 53.9062
-45.1794 55.7031

-45.2812 55.9093
-45.1868 55.7031

-39.8906 44.176
-40.2172 44.9219

-40.215 44.9219
-41.0191 46.7188

-39.8906 44.1744
-39.4312 43.125

-41.6875 48.1756
-41.022 46.7188

-63.25 91.7751
-64.1033 93.4375

-66.8438 98.5539
-66.9915 98.8281

-66.9782 98.8281
-67.8899 100.625

-65.0469 95.3116
-65.9902 97.0312

-64.0771 93.4375
-65.0039 95.2344

-65.0469 95.3164
-65.0019 95.2344

-66.8438 98.5438
-66.0286 97.0312

-70.4375 105.271
-70.8324 106.016

-70.7933 106.016
-71.6945 107.812

-74.0312 111.91
-74.6945 113.203

-74.6291 113.203
-75.5423 115

-72.2344 108.818
-72.6746 109.609

-72.7235 109.609
-73.761 111.406

-72.2344 108.837
-71.6649 107.812

-74.0312 111.832
-73.8131 111.406

-68.6406 102.097
-68.813 102.422

-68.8307 102.422
-69.8464 104.219

-68.6406 102.1
-67.8589 100.625

-70.4375 105.236
-69.8981 104.219

-48.875 63.733
-49.3251 64.6875

-52.4688 71.0723
-52.8804 71.875

-50.6719 67.5066
-51.0487 68.2812

-49.3214 64.6875
-50.1762 66.4844

-50.6719 67.4995
-50.1781 66.4844

-51.0445 68.2812
-51.9494 70.0781

-52.4688 71.0588
-51.9658 70.0781

-56.0625 77.9741
-56.6275 79.0625

-59.6562 84.9115
-60.346 86.25

-57.8594 81.4997
-58.4581 82.6562

-56.6185 79.0625
-57.533 80.8594

-57.8594 81.4895
-57.5332 80.8594

-58.4629 82.6562
-59.4092 84.4531

-59.6562 84.8775
-59.4375 84.4531

-54.2656 74.5639
-54.7365 75.4688

-52.8781 71.875
-53.802 73.6719

-54.2656 74.5547
-53.8062 73.6719

-54.7367 75.4688
-55.6839 77.2656

-56.0625 77.9506
-55.707 77.2656

-47.0781 59.8612
-47.6418 61.0938

-46.001 57.5
-46.8203 59.2969

-47.0781 59.8532
-46.8237 59.2969

-47.6362 61.0938
-48.4721 62.8906

-48.875 63.722
-48.483 62.8906

-61.4531 88.4472
-62.1945 89.8438

-60.3304 86.25
-61.2458 88.0469

-61.4531 88.441
-61.2439 88.0469

-62.2145 89.8438
-63.1772 91.6406

-63.25 91.7242
-63.2071 91.6406

-34.5 1.02748
-34.4438 1.03195

-34.4438 1.03188
-34.3877 1.03651

-34.3877 1.03648
-34.3315 1.04147

-34.3315 1.04151
-34.2754 1.04682

-34.2754 1.04684
-34.2192 1.05235

-34.2192 1.05234
-34.1631 1.05802

-34.1631 1.05796
-34.1069 1.06393

-34.1069 1.06393
-34.0797 1.06689

-34.082 1.06689
-34.0508 1.0703

-34.0508 1.07028
-33.9946 1.07612

-33.9946 1.07617
-33.9385 1.08143

-33.9385 1.08141
-33.8823 1.086

-33.8823 1.08599
-33.8262 1.08996

-33.8262 1.08997
-33.77 1.09332

-33.77 1.09333
-33.7139 1.09601

-33.7139 1.09602
-33.6577 1.09799

-33.6577 1.09796
-33.6016 1.09927

-33.6016 1.09921
-33.5454 1.10004

-33.5454 1.09996
-33.4893 1.1006

-33.4893 1.1005
-33.4331 1.10132

-33.4331 1.10126
-33.377 1.10257

-33.377 1.10254
-33.3208 1.1045

-33.3208 1.10452
-33.2646 1.10715

-33.2646 1.10715
-33.2085 1.11039

-33.2085 1.11038
-33.1523 1.11425

-33.1523 1.1143
-33.0962 1.11872

-33.0962 1.11885
-33.0448 1.12305

-33.0479 1.12305
-33.04 1.12365

-33.04 1.1236
-32.9277 1.13193

-32.9277 1.13169
-32.8716 1.13547

-32.8716 1.13546
-32.8154 1.13939

-32.8154 1.13939
-32.7593 1.14352

-32.7593 1.14357
-32.7031 1.14778

-32.7031 1.1478
-32.647 1.15196

-32.647 1.15196
-32.5908 1.156

-32.5908 1.15597
-32.5347 1.15997

-32.5347 1.15993
-32.4785 1.16404

-32.4785 1.16402
-32.4224 1.16838

-32.4224 1.16834
-32.3662 1.17308

-32.3662 1.17301
-32.3101 1.17833

-32.3101 1.17834
-32.3018 1.1792

-32.3029 1.1792
-32.2539 1.18427

-32.2539 1.18425
-32.1978 1.19035

-32.1978 1.19036
-32.1416 1.19674

-32.1416 1.19669
-32.0854 1.20342

-32.0854 1.20334
-32.0293 1.21067

-32.0293 1.2106
-31.9731 1.21882

-31.9731 1.2188
-31.917 1.22806

-31.917 1.22816
-31.8762 1.23535

-31.8788 1.23535
-31.8047 1.24807

-31.8047 1.24813
-31.7485 1.25768

-31.7485 1.25773
-31.6924 1.26698

-31.6924 1.267
-31.6362 1.27583

-31.6362 1.2758
-31.5801 1.28426

-31.5801 1.2842
-31.5302 1.2915

-31.5315 1.2915
-31.5239 1.29262

-31.5239 1.29255
-31.4678 1.30038

-31.4678 1.30036
-31.4116 1.30761

-31.4116 1.30759
-31.3555 1.31436

-31.3555 1.31432
-31.2993 1.32072

-31.2993 1.32072
-31.2432 1.32685

-31.2432 1.32681
-31.187 1.33276

-31.187 1.33267
-31.1309 1.33871

-31.1309 1.33856
-31.0747 1.34518

-31.0747 1.34522
-31.0542 1.34766

-31.0595 1.34766
-31.0186 1.35232

-31.0186 1.35208
-30.9062 1.36462

-31.187 6.26389
-31.2083 6.28906

-31.1309 6.19862
-31.1608 6.23291

-31.187 6.26386
-31.1609 6.23291

-30.9624 6.01566
-31.009 6.06445

-30.9062 5.9584
-30.9552 6.0083

-30.9624 6.0157
-30.9553 6.0083

-31.0747 6.1357
-31.1117 6.17676

-31.0186 6.07488
-31.061 6.12061

-31.0747 6.13567
-31.0611 6.12061

-31.1309 6.19876
-31.1116 6.17676

-31.0186 6.07499
-31.0088 6.06445

-31.3555 6.47822
-31.3817 6.51367

-31.5239 6.73296
-31.5272 6.73828

-31.4678 6.64241
-31.493 6.68213

-31.5239 6.73281
-31.4932 6.68213

-31.4116 6.55783
-31.4199 6.56982

-31.4203 6.56982
-31.4575 6.62598

-31.4116 6.5574
-31.3813 6.51367

-31.4678 6.64228
-31.4574 6.62598

-31.5801 6.83095
-31.5913 6.85059

-31.6362 6.93418
-31.6515 6.96289

-31.591 6.85059
-31.6216 6.90674

-31.6362 6.93416
-31.6216 6.90674

-31.6924 7.0416
-31.7099 7.0752

-31.7485 7.15094
-31.7671 7.1875

-31.7098 7.0752
-31.7385 7.13135

-31.7485 7.1509
-31.7386 7.13135

-31.6514 6.96289
-31.6808 7.01904

-31.6924 7.04149
-31.6808 7.01904

-31.527 6.73828
-31.5596 6.79443

-31.5801 6.83075
-31.5597 6.79443

-31.2432 6.33179
-31.2541 6.34521

-31.2541 6.34521
-31.2982 6.40137

-31.2993 6.40302
-31.3405 6.45752

-31.3555 6.47799
-31.3406 6.45752

-31.2993 6.4026
-31.2984 6.40137

-31.2432 6.33204
-31.2081 6.28906

-30.9062 1.3643
-30.8501 1.37036

-30.8501 1.37043
-30.7939 1.3768

-30.7939 1.37675
-30.7378 1.38339

-30.7378 1.38338
-30.6816 1.39041

-30.6816 1.39039
-30.6255 1.39785

-30.6255 1.39776
-30.5831 1.40381

-30.5847 1.40381
-30.5693 1.406

-30.5693 1.40587
-30.5132 1.41439

-30.5132 1.41431
-30.457 1.42343

-30.457 1.42346
-30.4009 1.4333

-30.4009 1.43327
-30.3447 1.4438

-30.3447 1.44372
-30.2886 1.45519

-30.2886 1.45519
-30.2677 1.45996

-30.2677 1.45996
-30.2324 1.46767

-30.2324 1.468
-30.1763 1.48224

-30.1763 1.48198
-30.1201 1.49799

-30.1201 1.49794
-30.0646 1.51611

-30.0651 1.51611
-30.064 1.51649

-30.064 1.51638
-30.0078 1.53714

-30.0078 1.53701
-29.9517 1.56029

-29.9517 1.56038
-29.9263 1.57227

-29.9264 1.57227
-29.8955 1.5859

-29.8955 1.58677
-29.8394 1.61562

-29.8394 1.61522
-29.8154 1.62842

-29.8165 1.62842
-29.7832 1.64676

-29.7832 1.64668
-29.7271 1.67948

-29.7271 1.67945
-29.7185 1.68457

-29.7197 1.68457
-29.6709 1.7132

-29.6709 1.71344
-29.6262 1.74072

-29.6272 1.74072
-29.6147 1.74832

-29.6147 1.74814
-29.5586 1.78226

-29.5586 1.78181
-29.5333 1.79688

-29.5346 1.79688
-29.5024 1.81601

-29.5024 1.81571
-29.4463 1.84843

-29.4463 1.84786
-29.4371 1.85303

-29.4388 1.85303
-29.3901 1.88027

-29.3901 1.87979
-29.3357 1.90918

-29.3374 1.90918
-29.334 1.91108

-29.334 1.91052
-29.2778 1.93954

-29.2778 1.93914
-29.2248 1.96533

-29.2255 1.96533
-29.2217 1.96722

-29.2217 1.96716
-29.1655 1.99383

-29.1655 1.99349
-29.1094 2.01925

-29.1094 2.01929
-29.1044 2.02148

-29.1051 2.02148
-29.0532 2.0445

-29.0532 2.04414
-28.9971 2.06821

-28.9971 2.06802
-28.9745 2.07764

-28.9752 2.07764
-28.9409 2.09225

-28.9409 2.09209
-28.8848 2.11604

-28.8848 2.11591
-28.8436 2.13379

-28.843 2.13379
-28.7725 2.16549

-28.7725 2.16554
-28.7219 2.18994

-28.7216 2.18994
-28.7163 2.1925

-28.7163 2.19253
-28.6602 2.22162

-28.6602 2.22151
-28.6166 2.24609

-28.6159 2.24609
-28.604 2.25281

-28.604 2.25253
-28.5479 2.28825

-28.5479 2.28972
-28.531 2.30225

-28.5272 2.30225
-28.4917 2.32864

-28.4917 2.32939
-28.4596 2.3584

-28.4606 2.3584
-28.4355 2.37571

-28.4355 2.37927
-28.4006 2.41455

-28.4024 2.41455
-28.3794 2.44616

-28.3794 2.44186
-28.3584 2.4707

-28.3602 2.4707
-28.3335 2.52686

-28.334 2.52686
-28.3232 2.5707

-28.3232 2.64761
-28.3251 2.69531

-28.3232 2.57109
-28.3203 2.58301

-28.3205 2.58301
-28.3183 2.63916

-28.3232 2.66974
-28.3187 2.63916

-28.6602 3.24579
-28.6676 3.25684

-28.7163 3.33157
-28.7403 3.36914

-28.6675 3.25684
-28.7043 3.31299

-28.7163 3.33149
-28.7045 3.31299

-28.7725 3.42081
-28.8096 3.48145

-28.8286 3.51495
-28.8418 3.5376

-28.8421 3.5376
-28.8735 3.59375

-28.8286 3.5145
-28.8094 3.48145

-28.7725 3.42088
-28.7402 3.36914

-28.4355 2.91939
-28.4359 2.91992

-28.5479 3.08076
-28.5532 3.08838

-28.5532 3.08838
-28.592 3.14453

-28.4917 3.0011
-28.5133 3.03223

-28.4363 2.91992
-28.4741 2.97607

-28.4917 3.00119
-28.4743 2.97607

-28.5479 3.08122
-28.5135 3.03223

-28.3277 2.69531
-28.3442 2.75146

-28.3436 2.75146
-28.3681 2.80762

-28.3794 2.82524
-28.4008 2.86377

-28.4355 2.91935
-28.4008 2.86377

-28.3794 2.82643
-28.3689 2.80762

-28.604 3.16239
-28.63 3.20068

-28.6602 3.24577
-28.6301 3.20068

-28.604 3.16233
-28.5919 3.14453

-30.2324 5.36471
-30.265 5.39062

-30.1763 5.32192
-30.1926 5.33447

-30.2324 5.36514
-30.1926 5.33447

-30.1763 5.32201
-30.1201 5.27928

-30.064 5.23704
-30.1191 5.27832

-30.0078 5.19589
-30.0433 5.22217

-30.064 5.23718
-30.0437 5.22217

-30.1201 5.27948
-30.1186 5.27832

-29.1094 4.07816
-29.1192 4.09912

-29.1192 4.09912
-29.1459 4.15527

-29.1655 4.19556
-29.1732 4.21143

-29.1731 4.21143
-29.2012 4.26758

-29.1655 4.1959
-29.1458 4.15527

-29.2217 4.30676
-29.2305 4.32373

-29.2304 4.32373
-29.2607 4.37988

-29.2778 4.40985
-29.2926 4.43604

-29.2924 4.43604
-29.3257 4.49219

-29.2778 4.41045
-29.2606 4.37988

-29.2217 4.30692
-29.2012 4.26758

-29.6709 4.92838
-29.6857 4.94141

-29.5586 4.81317
-29.5721 4.8291

-29.6147 4.87214
-29.6282 4.88525

-29.6709 4.92743
-29.6275 4.88525

-29.6147 4.87287
-29.5724 4.8291

-29.9517 5.15398
-29.9678 5.16602

-29.9517 5.15399
-29.8955 5.11195

-29.7832 5.02497
-29.8196 5.05371

-29.8394 5.06949
-29.8922 5.10986

-29.8955 5.11193
-29.8928 5.10986

-29.8394 5.06944
-29.8197 5.05371

-30.0078 5.19595
-29.9676 5.16602

-29.7271 4.9776
-29.7508 4.99756

-29.7832 5.02433
-29.7513 4.99756

-29.7271 4.97784
-29.6865 4.94141

-29.4463 4.6729
-29.4782 4.7168

-29.3901 4.59302
-29.3977 4.60449

-29.334 4.5054
-29.3608 4.54834

-29.3901 4.59299
-29.3607 4.54834

-29.3978 4.60449
-29.437 4.66064

-29.4463 4.6733
-29.4369 4.66064

-29.5024 4.74604
-29.524 4.77295

-29.5586 4.81326
-29.5232 4.77295

-29.5024 4.74699
-29.4782 4.7168

-29.334 4.50547
-29.3257 4.49219

-30.7378 5.79563
-30.7847 5.83984

-30.6816 5.74431
-30.7244 5.78369

-30.7378 5.7958
-30.7246 5.78369

-30.5132 5.59492
-30.5366 5.61523

-30.457 5.54746
-30.4707 5.55908

-30.5132 5.59501
-30.4709 5.55908

-30.6255 5.69327
-30.6634 5.72754

-30.5693 5.64401
-30.6003 5.67139

-30.6255 5.69338
-30.6006 5.67139

-30.6816 5.74445
-30.6629 5.72754

-30.5693 5.64408
-30.5361 5.61523

-30.8501 5.90243
-30.9004 5.95215

-30.7939 5.84892
-30.8429 5.896

-30.8501 5.90262
-30.8432 5.896

-30.9062 5.95846
-30.9001 5.95215

-30.7939 5.84916
-30.7841 5.83984

-30.4009 5.49994
-30.4045 5.50293

-30.4009 5.5003
-30.3447 5.45431

-30.457 5.54755
-30.4037 5.50293

-30.2886 5.40951
-30.335 5.44678

-30.3447 5.45475
-30.3348 5.44678

-30.2886 5.40959
-30.2645 5.39062

-28.8848 3.61489
-28.9037 3.6499

-28.9038 3.6499
-28.933 3.70605

-28.9409 3.72238
-28.9608 3.76221

-28.9609 3.76221
-28.9881 3.81836

-28.9409 3.7222
-28.9329 3.70605

-28.9971 3.83743
-29.0147 3.87451

-29.0148 3.87451
-29.0411 3.93066

-29.0532 3.95722
-29.0669 3.98682

-29.0669 3.98682
-29.093 4.04297

-29.0532 3.95728
-29.0409 3.93066

-28.9971 3.83729
-28.9881 3.81836

-28.8848 3.61478
-28.8734 3.59375

-29.1094 4.07815
-29.0929 4.04297

-32.7031 10.5154
-32.7096 10.5566

-32.7096 10.5566
-32.7183 10.6128

-32.7183 10.6128
-32.727 10.6689

-32.727 10.6689
-32.7356 10.7251

-32.7356 10.7251
-32.7442 10.7812

-31.8047 7.26251
-31.8233 7.2998

-31.8608 7.37682
-31.8779 7.41211

-31.8232 7.2998
-31.8507 7.35596

-31.8608 7.37673
-31.8508 7.35596

-31.917 7.49493
-31.9309 7.52441

-31.9731 7.61658
-31.9823 7.63672

-31.9308 7.52441
-31.9567 7.58057

-31.9731 7.61651
-31.9568 7.58057

-31.8778 7.41211
-31.9045 7.46826

-31.917 7.4948
-31.9046 7.46826

-32.0293 7.74244
-32.0322 7.74902

-32.0322 7.74902
-32.0564 7.80518

-32.0565 7.80518
-32.0801 7.86133

-32.1416 8.01549
-32.1682 8.08594

-32.0854 7.87442
-32.1031 7.91748

-32.1032 7.91748
-32.1255 7.97363

-32.0854 7.87425
-32.0802 7.86133

-32.1416 8.01546
-32.1255 7.97363

-31.9823 7.63672
-32.0074 7.69287

-32.0293 7.74245
-32.0075 7.69287

-32.2539 8.34267
-32.2782 8.42285

-32.278 8.42285
-32.2941 8.479

-32.2941 8.479
-32.3097 8.53516

-32.3662 8.75426
-32.3676 8.75977

-32.3101 8.53649
-32.3248 8.59131

-32.3248 8.59131
-32.3395 8.64746

-32.3101 8.53646
-32.3097 8.53516

-32.3395 8.64746
-32.3537 8.70361

-32.3662 8.75419
-32.3537 8.70361

-32.3676 8.75977
-32.3811 8.81592

-32.3812 8.81592
-32.3944 8.87207

-32.3944 8.87207
-32.4074 8.92822

-32.4074 8.92822
-32.4203 8.98438

-32.1978 8.17001
-32.2075 8.19824

-32.168 8.08594
-32.1881 8.14209

-32.1978 8.16996
-32.1881 8.14209

-32.2074 8.19824
-32.2261 8.25439

-32.2261 8.25439
-32.244 8.31055

-32.2539 8.34268
-32.244 8.31055

-31.7671 7.1875
-31.7953 7.24365

-31.8047 7.26242
-31.7954 7.24365

-32.4785 9.24976
-32.4937 9.32129

-32.4936 9.32129
-32.5053 9.37744

-32.5053 9.37744
-32.5167 9.43359

-32.4224 8.99385
-32.4329 9.04053

-32.4329 9.04053
-32.4453 9.09668

-32.4224 8.99381
-32.4202 8.98438

-32.4453 9.09668
-32.4576 9.15283

-32.4576 9.15283
-32.4698 9.20898

-32.4785 9.24979
-32.4698 9.20898

-32.5347 9.52368
-32.539 9.5459

-32.5167 9.43359
-32.528 9.48975

-32.5347 9.52363
-32.528 9.48975

-32.539 9.5459
-32.5499 9.60205

-32.5499 9.60205
-32.5605 9.6582

-32.5908 9.82514
-32.601 9.88281

-32.5605 9.6582
-32.5709 9.71436

-32.571 9.71436
-32.5812 9.77051

-32.5908 9.82486
-32.5811 9.77051

-32.6009 9.88281
-32.6106 9.93896

-32.6106 9.93896
-32.62 9.99512

-32.62 9.99512
-32.6293 10.0513

-32.6293 10.0513
-32.6385 10.1074

-32.647 10.1599
-32.6476 10.1636

-32.6476 10.1636
-32.6566 10.2197

-32.647 10.1599
-32.6385 10.1074

-32.6566 10.2197
-32.6655 10.2759

-32.6655 10.2759
-32.6744 10.332

-32.6744 10.332
-32.6832 10.3882

-32.6832 10.3882
-32.692 10.4443

-32.692 10.4443
-32.7008 10.5005

-32.7031 10.5153
-32.7008 10.5005

-32.7593 10.8802
-32.7613 10.8936

-32.7443 10.7812
-32.7528 10.8374

-32.7593 10.8801
-32.7528 10.8374

-32.7613 10.8936
-32.7697 10.9497

-32.7697 10.9497
-32.7781 11.0059

-32.7781 11.0059
-32.7864 11.062

-32.7864 11.062
-32.7947 11.1182

-32.7947 11.1182
-32.803 11.1743

-32.803 11.1743
-32.8113 11.2305

-32.8154 11.2587
-32.8279 11.3428

-32.8279 11.3428
-32.8362 11.3989

-32.8362 11.3989
-32.8447 11.4551

-32.8154 11.2586
-32.8113 11.2305

-32.8447 11.4551
-32.8533 11.5112

-32.8533 11.5112
-32.862 11.5674

-32.8716 11.6283
-32.8798 11.6797

-32.862 11.5674
-32.8708 11.6235

-32.8716 11.6283
-32.8708 11.6235

-32.9277 11.9653
-32.9365 12.0166

-32.9366 12.0166
-32.9463 12.0728

-32.9462 12.0728
-32.9559 12.1289

-32.8798 11.6797
-32.889 11.7358

-32.889 11.7358
-32.8983 11.792

-32.8983 11.792
-32.9077 11.8481

-32.9077 11.8481
-32.9173 11.9043

-32.9173 11.9043
-32.9269 11.9604

-32.9277 11.9654
-32.9269 11.9604

-32.9559 12.1289
-32.9656 12.1851

-32.9656 12.1851
-32.9751 12.2412

-32.9839 12.2937
-32.9845 12.2974

-32.9845 12.2974
-32.9938 12.3535

-32.9839 12.2936
-32.9751 12.2412

-32.9938 12.3535
-33.0029 12.4097

-33.0029 12.4097
-33.0119 12.4658

-33.0119 12.4658
-33.0207 12.522

-33.0207 12.522
-33.0294 12.5781

-33.1523 13.4326
-33.1585 13.4766

-33.04 12.6486
-33.0463 12.6904

-33.0463 12.6904
-33.0546 12.7466

-33.0546 12.7466
-33.0628 12.8027

-33.0294 12.5781
-33.0379 12.6343

-33.04 12.6484
-33.0379 12.6343

-33.0627 12.8027
-33.0708 12.8589

-33.0708 12.8589
-33.0789 12.915

-33.0789 12.915
-33.0869 12.9712

-33.0869 12.9712
-33.0949 13.0273

-33.0962 13.0366
-33.1029 13.0835

-33.1029 13.0835
-33.1108 13.1396

-33.0962 13.0365
-33.0949 13.0273

-33.1108 13.1396
-33.1188 13.1958

-33.1188 13.1958
-33.1268 13.252

-33.1268 13.252
-33.1348 13.3081

-33.1348 13.3081
-33.1427 13.3643

-33.1427 13.3643
-33.1506 13.4204

-33.1523 13.4325
-33.1506 13.4204

-33.1586 13.4766
-33.1664 13.5327

-33.1664 13.5327
-33.1741 13.5889

-33.1741 13.5889
-33.1817 13.645

-33.1817 13.645
-33.1892 13.7012

-33.1892 13.7012
-33.1965 13.7573

-33.1965 13.7573
-33.2036 13.8135

-33.2085 13.8535
-33.2105 13.8696

-33.2105 13.8696
-33.2171 13.9258

-33.2085 13.8535
-33.2036 13.8135

-33.2172 13.9258
-33.2236 13.9819

-33.2236 13.9819
-33.2297 14.0381

-33.2297 14.0381
-33.2355 14.0942

-33.2355 14.0942
-33.2411 14.1504

-33.2411 14.1504
-33.2464 14.2065

-33.2464 14.2065
-33.2513 14.2627

-33.2513 14.2627
-33.256 14.3188

-33.256 14.3188
-33.2603 14.375

-33.2646 14.4365
-33.2682 14.4873

-33.2682 14.4873
-33.2749 14.5996

-33.2603 14.375
-33.2644 14.4312

-33.2646 14.4357
-33.2643 14.4312

-33.2748 14.5996
-33.2777 14.6558

-33.2777 14.6558
-33.2803 14.7119

-33.2803 14.7119
-33.2827 14.7681

-33.2827 14.7681
-33.2848 14.8242

-33.2848 14.8242
-33.2866 14.8804

-33.2866 14.8804
-33.2882 14.9365

-33.2882 14.9365
-33.2895 14.9927

-33.2895 14.9927
-33.2906 15.0488

-33.2906 15.0488
-33.2914 15.105

-33.2914 15.105
-33.2919 15.1611

-33.2919 15.1611
-33.2922 15.2173

-33.2922 15.2173
-33.2923 15.2734

-33.2923 15.2734
-33.2922 15.3296

-33.2922 15.3296
-33.2919 15.3857

-33.2919 15.3857
-33.2914 15.4419

-33.2914 15.4419
-33.2907 15.498

-33.2907 15.498
-33.2898 15.5542

-33.2898 15.5542
-33.2888 15.6104

-33.2888 15.6104
-33.2876 15.6665

-33.2876 15.6665
-33.2864 15.7227

-33.2864 15.7227
-33.2849 15.7788

-33.2849 15.7788
-33.2834 15.835

-33.2834 15.835
-33.2817 15.8911

-33.2817 15.8911
-33.2799 15.9473

-33.2799 15.9473
-33.278 16.0034

-33.278 16.0034
-33.2759 16.0596

-33.276 16.0596
-33.2714 16.1719

-33.2714 16.1719
-33.2662 16.2842

-33.2662 16.2842
-33.2646 16.313

-33.2646 16.3136
-33.2633 16.3403

-33.2633 16.3403
-33.2602 16.3965

-33.2602 16.3965
-33.2569 16.4526

-33.2569 16.4526
-33.2534 16.5088

-33.2534 16.5088
-33.2496 16.5649

-33.2496 16.5649
-33.2456 16.6211

-33.2456 16.6211
-33.2414 16.6772

-33.2414 16.6772
-33.2369 16.7334

-33.2369 16.7334
-33.2322 16.7896

-33.2322 16.7896
-33.2272 16.8457

-33.2272 16.8457
-33.2219 16.9019

-33.2219 16.9019
-33.2164 16.958

-33.2164 16.958
-33.2106 17.0142

-33.2106 17.0142
-33.2085 17.0338

-33.2085 17.0339
-33.2046 17.0703

-33.2046 17.0703
-33.1983 17.1265

-33.1983 17.1265
-33.1917 17.1826

-33.1917 17.1826
-33.1849 17.2388

-33.1849 17.2388
-33.1778 17.2949

-33.1778 17.2949
-33.1705 17.3511

-33.1705 17.3511
-33.1629 17.4072

-33.1629 17.4072
-33.1523 17.4815

-33.1523 17.4816
-33.1468 17.5195

-33.1468 17.5195
-33.1384 17.5757

-33.1384 17.5757
-33.1297 17.6318

-33.1297 17.6318
-33.1208 17.688

-33.1208 17.688
-33.1116 17.7441

-33.1116 17.7441
-33.1021 17.8003

-33.1021 17.8003
-33.0962 17.8348

-33.0962 17.8348
-33.0925 17.8564

-33.0924 17.8564
-33.0825 17.9126

-33.0825 17.9126
-33.0725 17.9688

-33.0724 17.9688
-33.0622 18.0249

-33.0622 18.0249
-33.0518 18.0811

-33.0518 18.0811
-33.04 18.144

-33.04 18.144
-33.0308 18.1934

-33.0308 18.1934
-33.0202 18.2495

-33.0202 18.2495
-33.0096 18.3057

-33.0096 18.3057
-32.9991 18.3618

-32.9991 18.3618
-32.9886 18.418

-32.9886 18.418
-32.9839 18.4433

-32.9839 18.4433
-32.9782 18.4741

-32.9782 18.4741
-32.9679 18.5303

-32.9679 18.5303
-32.9577 18.5864

-32.9577 18.5864
-32.9476 18.6426

-32.9476 18.6426
-32.9279 18.7549

-32.928 18.7549
-32.9277 18.7562

-32.9277 18.7561
-32.9183 18.811

-32.9183 18.811
-32.9089 18.8672

-32.9089 18.8672
-32.8996 18.9233

-32.8996 18.9233
-32.8904 18.9795

-32.8904 18.9795
-32.8814 19.0356

-32.8814 19.0356
-32.8726 19.0918

-32.8726 19.0918
-32.8716 19.0987

-32.8716 19.0987
-32.864 19.1479

-32.864 19.1479
-32.8556 19.2041

-32.8556 19.2041
-32.8474 19.2603

-32.8474 19.2603
-32.8394 19.3164

-32.8394 19.3164
-32.8316 19.3726

-32.8316 19.3726
-32.8241 19.4287

-32.824 19.4287
-32.8154 19.4958

-32.8154 19.4954
-32.8097 19.541

-32.8097 19.541
-32.8029 19.5972

-32.8029 19.5972
-32.7963 19.6533

-32.7963 19.6533
-32.7901 19.7095

-32.7901 19.7095
-32.7841 19.7656

-32.7841 19.7656
-32.7784 19.8218

-32.7783 19.8218
-32.7729 19.8779

-32.773 19.8779
-32.7679 19.9341

-32.7679 19.9341
-32.7631 19.9902

-32.7631 19.9902
-32.7593 20.0378

-32.7593 20.0378
-32.7586 20.0464

-32.7586 20.0464
-32.7545 20.1025

-32.7545 20.1025
-32.7507 20.1587

-32.7507 20.1587
-32.7472 20.2148

-32.7472 20.2148
-32.7441 20.271

-32.7441 20.271
-32.7414 20.3271

-32.7414 20.3271
-32.7389 20.3833

-32.7389 20.3833
-32.7368 20.4395

-32.7369 20.4395
-32.7351 20.4956

-32.7351 20.4956
-32.7337 20.5518

-32.7337 20.5518
-32.7326 20.6079

-32.7326 20.6079
-32.7318 20.6641

-32.7318 20.6641
-32.7313 20.7202

-32.7313 20.7202
-32.7311 20.7764

-32.7312 20.7764
-32.7313 20.8325

-32.7313 20.8325
-32.7317 20.8887

-32.7317 20.8887
-32.7324 20.9448

-32.7324 20.9448
-32.7333 21.001

-32.7333 21.001
-32.7346 21.0571

-32.7346 21.0571
-32.7361 21.1133

-32.7361 21.1133
-32.7378 21.1694

-32.7378 21.1694
-32.7398 21.2256

-32.7398 21.2256
-32.7421 21.2817

-32.7421 21.2817
-32.7446 21.3379

-32.7446 21.3379
-32.7473 21.394

-32.7473 21.394
-32.7502 21.4502

-32.7502 21.4502
-32.7534 21.5063

-32.7534 21.5063
-32.7568 21.5625

-32.7593 21.6003
-32.7605 21.6187

-32.7605 21.6187
-32.7643 21.6748

-32.7593 21.6003
-32.7568 21.5625

-32.7643 21.6748
-32.7684 21.731

-32.7684 21.731
-32.7726 21.7871

-32.7726 21.7871
-32.7771 21.8433

-32.7771 21.8433
-32.7818 21.8994

-32.7818 21.8994
-32.7867 21.9556

-32.7867 21.9556
-32.7917 22.0117

-32.7917 22.0117
-32.797 22.0679

-32.797 22.0679
-32.8024 22.124

-32.8025 22.124
-32.8081 22.1802

-32.8081 22.1802
-32.8139 22.2363

-32.8154 22.251
-32.826 22.3486

-32.826 22.3486
-32.8323 22.4048

-32.8323 22.4048
-32.8388 22.4609

-32.8154 22.2508
-32.8139 22.2363

-32.8388 22.4609
-32.8454 22.5171

-32.8454 22.5171
-32.8521 22.5732

-32.8521 22.5732
-32.859 22.6294

-32.859 22.6294
-32.866 22.6855

-32.8716 22.729
-32.8732 22.7417

-32.8732 22.7417
-32.8805 22.7979

-32.8716 22.7289
-32.866 22.6855

-32.8805 22.7979
-32.8879 22.854

-32.8879 22.854
-32.8954 22.9102

-32.9277 23.1431
-32.9428 23.2471

-32.9428 23.2471
-32.9511 23.3032

-32.9511 23.3032
-32.9595 23.3594

-32.8954 22.9102
-32.903 22.9663

-32.903 22.9663
-32.9108 23.0225

-32.9108 23.0225
-32.9186 23.0786

-32.9186 23.0786
-32.9266 23.1348

-32.9277 23.143
-32.9266 23.1348

-32.9595 23.3594
-32.9681 23.4155

-32.9681 23.4155
-32.9767 23.4717

-32.9839 23.5172
-32.9856 23.5278

-32.9856 23.5278
-32.9945 23.584

-32.9839 23.5172
-32.9767 23.4717

-32.9945 23.584
-33.0036 23.6401

-33.0036 23.6401
-33.0129 23.6963

-33.0129 23.6963
-33.0223 23.7524

-33.0223 23.7524
-33.0318 23.8086

-33.04 23.8561
-33.0513 23.9209

-33.0513 23.9209
-33.0612 23.9771

-33.0612 23.9771
-33.0712 24.0332

-33.04 23.8563
-33.0318 23.8086

-33.0712 24.0332
-33.0812 24.0894

-33.0812 24.0894
-33.0913 24.1455

-33.0962 24.1728
-33.1014 24.2017

-33.1014 24.2017
-33.1114 24.2578

-33.0962 24.1728
-33.0913 24.1455

-33.1523 24.4858
-33.1722 24.5947

-33.1721 24.5947
-33.1825 24.6509

-33.1825 24.6509
-33.193 24.707

-33.2085 24.7884
-33.2145 24.8193

-33.193 24.707
-33.2036 24.7632

-33.2085 24.7884
-33.2036 24.7632

-33.2145 24.8193
-33.2255 24.8755

-33.2255 24.8755
-33.2367 24.9316

-33.2646 25.0677
-33.2832 25.1562

-33.2367 24.9316
-33.2481 24.9878

-33.2481 24.9878
-33.2597 25.0439

-33.2646 25.0678
-33.2597 25.0439

-33.1114 24.2578
-33.1215 24.314

-33.1215 24.314
-33.1316 24.3701

-33.1316 24.3701
-33.1417 24.4263

-33.1417 24.4263
-33.1518 24.4824

-33.1523 24.4856
-33.1518 24.4824

-33.6016 26.5423
-33.6195 26.6162

-33.6195 26.6162
-33.6332 26.6724

-33.6332 26.6724
-33.6469 26.7285

-33.6577 26.7725
-33.6607 26.7847

-33.6607 26.7847
-33.6745 26.8408

-33.6577 26.7725
-33.6469 26.7285

-33.6745 26.8408
-33.6884 26.897

-33.6884 26.897
-33.7024 26.9531

-33.377 25.5837
-33.3818 25.6055

-33.2833 25.1562
-33.2953 25.2124

-33.2953 25.2124
-33.3074 25.2686

-33.3208 25.33
-33.3319 25.3809

-33.3074 25.2686
-33.3196 25.3247

-33.3208 25.33
-33.3196 25.3247

-33.3319 25.3809
-33.3443 25.437

-33.3443 25.437
-33.3567 25.4932

-33.3567 25.4932
-33.3693 25.5493

-33.377 25.5837
-33.3693 25.5493

-33.3818 25.6055
-33.3945 25.6616

-33.3945 25.6616
-33.4072 25.7178

-33.4072 25.7178
-33.42 25.7739

-33.42 25.7739
-33.4328 25.8301

-33.4331 25.8312
-33.4458 25.8862

-33.4458 25.8862
-33.4588 25.9424

-33.4331 25.8312
-33.4328 25.8301

-33.4588 25.9424
-33.4719 25.9985

-33.4719 25.9985
-33.485 26.0547

-33.4893 26.0727
-33.5115 26.167

-33.5115 26.167
-33.5248 26.2231

-33.5248 26.2231
-33.5382 26.2793

-33.4893 26.0727
-33.485 26.0547

-33.5454 26.3093
-33.5517 26.3354

-33.5517 26.3354
-33.5652 26.3916

-33.5454 26.3093
-33.5382 26.2793

-33.5651 26.3916
-33.5787 26.4478

-33.5787 26.4478
-33.5922 26.5039

-33.6016 26.5424
-33.5922 26.5039

-33.7139 26.9992
-33.7304 27.0654

-33.7304 27.0654
-33.7446 27.1216

-33.7446 27.1216
-33.7588 27.1777

-33.7139 26.9993
-33.7024 26.9531

-33.77 27.2218
-33.7731 27.2339

-33.7731 27.2339
-33.7874 27.29

-33.77 27.2218
-33.7588 27.1777

-33.7874 27.29
-33.8019 27.3462

-33.8019 27.3462
-33.8163 27.4023

-33.8262 27.4403
-33.8454 27.5146

-33.8454 27.5146
-33.86 27.5708

-33.86 27.5708
-33.8747 27.627

-33.8823 27.6563
-33.8893 27.6831

-33.8893 27.6831
-33.904 27.7393

-33.8823 27.6563
-33.8747 27.627

-33.904 27.7393
-33.9187 27.7954

-33.9187 27.7954
-33.9334 27.8516

-33.8262 27.4404
-33.8163 27.4023

-34.0508 28.2957
-34.0521 28.3008

-34.0521 28.3008
-34.0672 28.3569

-34.0672 28.3569
-34.0823 28.4131

-34.1069 28.504
-34.1127 28.5254

-34.0823 28.4131
-34.0975 28.4692

-34.1069 28.504
-34.0975 28.4692

-34.1631 28.7091
-34.1744 28.75

-34.1127 28.5254
-34.128 28.5815

-34.128 28.5815
-34.1434 28.6377

-34.1434 28.6377
-34.1589 28.6938

-34.1631 28.7091
-34.1589 28.6938

-33.9385 27.871
-33.9629 27.9639

-33.9629 27.9639
-33.9777 28.02

-33.9777 28.02
-33.9925 28.0762

-33.9385 27.871
-33.9334 27.8516

-33.9946 28.0843
-34.0073 28.1323

-34.0073 28.1323
-34.0222 28.1885

-33.9946 28.0843
-33.9925 28.0762

-34.0222 28.1885
-34.0372 28.2446

-34.0508 28.2957
-34.0372 28.2446

-34.2754 29.11
-34.3008 29.1992

-34.1744 28.75
-34.19 28.8062

-34.19 28.8062
-34.2056 28.8623

-34.2192 28.911
-34.2213 28.9185

-34.2213 28.9185
-34.2371 28.9746

-34.2192 28.911
-34.2056 28.8623

-34.2371 28.9746
-34.2529 29.0308

-34.2529 29.0308
-34.2688 29.0869

-34.2754 29.11
-34.2688 29.0869

-34.3315 29.3063
-34.3331 29.3115

-34.3008 29.1992
-34.3169 29.2554

-34.3315 29.3063
-34.3169 29.2554

-34.3331 29.3115
-34.3493 29.3677

-34.3493 29.3677
-34.3655 29.4238

-34.3877 29.5001
-34.3982 29.5361

-34.3982 29.5361
-34.4146 29.5923

-34.4146 29.5923
-34.431 29.6484

-34.3655 29.4238
-34.3818 29.48

-34.3877 29.5001
-34.3818 29.48

-34.4438 29.6921
-34.4475 29.7046

-34.4475 29.7046
-34.464 29.7607

-34.4438 29.6921
-34.431 29.6484

-34.464 29.7607
-34.4805 29.8169

-34.4805 29.8169
-34.4971 29.873

-34.5 29.883
-34.4971 29.873

-77.625 118.454
-77.7041 118.594

-79.4219 122.164
-79.4343 122.188

-77.6687 118.594
-78.5343 120.391

-78.4562 120.391
-79.4106 122.188

-81.2188 125.072
-81.5978 125.781

-83.0156 128.861
-83.3038 129.375

-81.5222 125.781
-82.3392 127.578

-83.0156 128.918
-82.264 127.578

-79.4593 122.188
-80.5639 123.984

-81.2188 124.992
-80.6803 123.984

-79.4219 122.275
-79.3682 122.188

-84.8125 131.761
-85.4029 132.969

-86.6094 135.581
-87.218 136.562

-85.2969 132.969
-86.1123 134.766

-86.6094 135.721
-86.0173 134.766

-88.4062 138.218
-88.4973 138.359

-88.4062 138.36
-89.4704 140.156

-90.2031 140.976
-90.8137 141.953

-92 143.271
-91.106 141.953

-90.2031 141.488
-89.3711 140.156

-88.4062 138.193
-87.3536 136.562

-83.3946 129.375
-84.5 131.172

-84.8125 131.586
-84.61 131.172

-75.8281 115.471
-76.6093 116.797

-77.625 118.442
-76.695 116.797

-75.8281 115.53
-75.5159 115

