-52.4688 114.003
-53.1059 115

-50.6719 111.194
-50.8074 111.406

-48.875 108.4
-49.6557 109.609

-50.6719 111.191
-49.6594 109.609

-50.8049 111.406
-51.9567 113.203

-52.4688 113.982
-51.9714 113.203

-43.4844 100.069
-43.8465 100.625

-41.6875 97.3235
-42.6758 98.8281

-43.4844 100.059
-42.683 98.8281

-38.0938 91.8608
-39.1377 93.4375

-36.2969 89.1514
-36.7582 89.8438

-34.5 86.4709
-35.5597 88.0469

-36.2969 89.14
-35.5685 88.0469

-36.7573 89.8438
-37.9477 91.6406

-38.0938 91.832
-37.967 91.6406

-39.8906 94.5845
-40.3175 95.2344

-40.3162 95.2344
-41.4945 97.0312

-39.8906 94.5733
-39.1447 93.4375

-41.6875 97.2948
-41.5144 97.0312

-45.2812 102.837
-46.1787 104.219

-47.0781 105.614
-47.3369 106.016

-47.3341 106.016
-48.4939 107.812

-47.0781 105.607
-46.1837 104.219

-43.8442 100.625
-45.0109 102.422

-45.2812 102.809
-45.03 102.422

-48.875 108.375
-48.5121 107.812

-12.9375 56.0987
-14.021 57.5

-7.54688 49.2196
-8.42092 50.3125

-5.75 46.998
-6.9851 48.5156

-7.54688 49.2177
-6.98542 48.5156

-11.1406 53.789
-11.232 53.9062

-9.34375 51.4868
-9.83357 52.1094

-11.1406 53.7906
-9.83005 52.1094

-11.2302 53.9062
-12.6287 55.7031

-12.9375 56.0922
-12.6366 55.7031

-9.34375 51.4843
-8.42179 50.3125

11.3203 28.6986
11.2644 28.75

11.7695 28.2883
11.7559 28.3008

11.5449 28.4939
11.5105 28.5254

11.3203 28.7006
11.5118 28.5254

11.5449 28.4955
11.7585 28.3008

11.7695 28.2901
11.9941 28.0862

12.2188 27.8835
12.006 28.0762

11.9941 28.0867
12.0058 28.0762

15.3633 25.0434
15.2387 25.1562

15.8125 24.6361
15.7341 24.707

15.5879 24.8409
15.4875 24.9316

15.3633 25.046
15.4898 24.9316

15.5879 24.8431
15.738 24.707

13.3418 26.8691
13.2485 26.9531

13.5664 26.6687
13.5001 26.7285

13.3418 26.8701
13.499 26.7285

13.791 26.464
13.7468 26.5039

14.0156 26.2642
13.9989 26.2793

13.791 26.4654
13.9976 26.2793

13.5664 26.6691
13.7497 26.5039

12.4434 27.6798
12.2532 27.8516

12.668 27.478
12.5031 27.627

12.4434 27.6805
12.5026 27.627

12.8926 27.2736
12.75 27.4023

13.1172 27.0721
12.9996 27.1777

12.8926 27.2757
13.0017 27.1777

12.668 27.4779
12.7516 27.4023

12.2188 27.8839
12.2546 27.8516

13.1172 27.0744
13.2518 26.9531

14.4648 25.8575
14.2466 26.0547

14.9141 25.452
14.7443 25.6055

14.6895 25.6557
14.4962 25.8301

14.4648 25.8581
14.4959 25.8301

14.6895 25.6559
14.7452 25.6055

14.0156 26.2641
14.2402 26.0615

14.2402 26.0616
14.2479 26.0547

15.1387 25.2492
14.9936 25.3809

14.9141 25.4524
14.9929 25.3809

15.1387 25.2493
15.2413 25.1562

19.4062 21.4764
19.3038 21.5625

19.8555 21.1042
19.8445 21.1133

19.6309 21.2902
19.5735 21.3379

19.4062 21.4789
19.5759 21.3379

19.6309 21.292
19.8467 21.1133

19.8555 21.1056
20.0801 20.9207

20.3047 20.7371
20.1196 20.8887

20.0801 20.9211
20.1196 20.8887

20.5293 20.5532
20.3936 20.6641

20.7539 20.371
20.6694 20.4395

20.5293 20.5532
20.6699 20.4395

20.9785 20.1894
20.9469 20.2148

20.9785 20.1903
21.2031 20.0093

20.7539 20.3725
20.9494 20.2148

20.3047 20.7375
20.3946 20.6641

21.6523 19.6478
21.5055 19.7656

22.1016 19.2887
22.067 19.3164

21.877 19.4683
21.7858 19.541

21.6523 19.6498
21.7888 19.541

21.877 19.4703
22.0695 19.3164

22.7754 18.7524
22.6311 18.8672

23 18.5734
22.9129 18.6426

22.7754 18.7538
22.9154 18.6426

22.1016 19.2901
22.3262 19.1106

22.5508 18.9317
22.35 19.0918

22.3262 19.1108
22.3501 19.0918

22.5508 18.9321
22.6324 18.8672

21.4277 19.8293
21.2276 19.9902

21.2031 20.01
21.2276 19.9902

21.4277 19.8296
21.5075 19.7656

17.3848 23.221
17.23 23.3594

17.6094 23.0219
17.4819 23.1348

17.3848 23.2212
17.4823 23.1348

16.2617 24.2293
16.2303 24.2578

16.4863 24.027
16.4795 24.0332

16.2617 24.2311
16.4806 24.0332

16.4863 24.0286
16.7109 23.8256

16.0371 24.4336
15.9832 24.4824

15.8125 24.6383
15.9846 24.4824

16.0371 24.4354
16.2332 24.2578

16.9355 23.6226
16.7287 23.8086

17.1602 23.4228
16.98 23.584

16.9355 23.6234
16.9796 23.584

16.7109 23.8262
16.7305 23.8086

17.1602 23.423
17.2313 23.3594

18.2832 22.4309
18.2486 22.4609

18.2832 22.4326
18.5078 22.2387

17.834 22.8236
17.7356 22.9102

18.0586 22.6281
17.9929 22.6855

17.834 22.8243
17.9925 22.6855

17.6094 23.0241
17.7388 22.9102

18.0586 22.629
18.2519 22.4609

18.957 21.8546
18.7731 22.0117

18.7324 22.0469
18.5114 22.2363

18.5078 22.2394
18.5114 22.2363

18.7324 22.0471
18.774 22.0117

19.1816 21.6655
19.0373 21.7871

18.957 21.8552
19.0379 21.7871

19.1816 21.6675
19.3074 21.5625

-2.15625 42.7219
-2.50612 43.125

0.988281 39.1496
0.647385 39.5312

1.21289 38.8994
1.04906 39.082

1.4375 38.6494
1.25007 38.8574

1.21289 38.8993
1.25044 38.8574

0.988281 39.1502
1.0492 39.082

-0.359375 40.6665
-0.94481 41.3281

-2.15625 42.7236
-0.945046 41.3281

0.539062 39.6532
-0.150731 40.4297

-0.359375 40.6684
-0.149118 40.4297

0.539062 39.6542
0.648407 39.5312

4.13281 35.7445
3.9492 35.9375

5.03125 34.8053
5.02239 34.8145

5.02282 34.8145
4.80673 35.0391

4.58203 35.2732
4.37638 35.4883

4.35742 35.5085
4.16285 35.7129

4.13281 35.7447
4.16306 35.7129

4.35742 35.5083
4.3765 35.4883

4.80664 35.0395
4.59158 35.2637

4.58203 35.2736
4.59152 35.2637

4.80664 35.0394
4.80699 35.0391

7.50195 32.3041
7.46171 32.3438

7.72656 32.0849
7.69158 32.1191

7.50195 32.3045
7.69137 32.1191

8.40039 31.4322
8.3868 31.4453

8.625 31.2178
8.622 31.2207

8.40039 31.4327
8.62157 31.2207

7.95117 31.8659
7.92174 31.8945

8.17578 31.6493
8.15448 31.6699

7.95117 31.8663
8.15417 31.6699

7.72656 32.0859
7.92332 31.8945

8.17578 31.6502
8.38852 31.4453

5.70508 34.1094
5.67467 34.1406

5.92969 33.8787
5.89311 33.916

5.70508 34.1092
5.89345 33.916

6.60352 33.1963
6.55772 33.2422

6.82812 32.9713
6.78191 33.0176

6.60352 33.1963
6.78192 33.0176

6.1543 33.6501
6.11359 33.6914

6.37891 33.4223
6.33473 33.4668

6.1543 33.65
6.33499 33.4668

5.92969 33.8799
6.11448 33.6914

6.37891 33.4237
6.55896 33.2422

5.25586 34.573
5.2396 34.5898

5.48047 34.3402
5.45615 34.3652

5.25586 34.5727
5.45657 34.3652

5.03125 34.8062
5.23982 34.5898

5.48047 34.3413
5.67528 34.1406

7.05273 32.7477
7.00727 32.793

7.27734 32.5257
7.23422 32.5684

7.05273 32.7479
7.23414 32.5684

6.82812 32.9727
7.00876 32.793

7.27734 32.5268
7.46336 32.3438

2.33594 37.6616
2.26874 37.7344

3.23438 36.6953
3.10236 36.8359

2.78516 37.1756
2.68314 37.2852

2.56055 37.418
2.47562 37.5098

2.33594 37.6629
2.47695 37.5098

2.56055 37.4192
2.68453 37.2852

3.00977 36.9355
2.89307 37.0605

2.78516 37.1777
2.89413 37.0605

3.00977 36.9357
3.10282 36.8359

1.88672 38.1532
1.85893 38.1836

1.66211 38.4006
1.65524 38.4082

1.65621 38.4082
1.45292 38.6328

1.66211 38.4016
1.85978 38.1836

2.11133 37.9064
2.0632 37.959

1.88672 38.1541
2.06428 37.959

2.11133 37.9073
2.26961 37.7344

1.4375 38.6502
1.45319 38.6328

3.68359 36.2183
3.52432 36.3867

3.45898 36.4564
3.31321 36.6113

3.23438 36.6954
3.31317 36.6113

3.45898 36.4563
3.52443 36.3867

3.9082 35.9811
3.73672 36.1621

3.68359 36.2185
3.73684 36.1621

3.9082 35.9809
3.94927 35.9375

-3.95312 44.8272
-4.03355 44.9219

-4.03181 44.9219
-5.52455 46.7188

-3.95312 44.8295
-2.50506 43.125

-5.75 46.9981
-5.52265 46.7188

9.52344 30.3647
9.33069 30.5469

10.4219 29.525
10.289 29.6484

9.97266 29.9434
9.80821 30.0977

9.74805 30.1547
9.5697 30.3223

9.52344 30.3654
9.56932 30.3223

9.74805 30.1549
9.80924 30.0977

10.1973 29.7356
10.0499 29.873

9.97266 29.9442
10.0489 29.873

10.1973 29.7357
10.2914 29.6484

9.07422 30.7897
8.8572 30.9961

8.625 31.2185
8.84961 31.0043

8.84961 31.0044
8.8583 30.9961

9.29883 30.5779
9.09445 30.7715

9.07422 30.7903
9.09406 30.7715

9.29883 30.578
9.3318 30.5469

10.8711 29.1109
10.7753 29.1992

10.6465 29.3192
10.5328 29.4238

10.4219 29.528
10.535 29.4238

10.6465 29.3215
10.7793 29.1992

11.0957 28.9057
11.0207 28.9746

10.8711 29.1136
11.0224 28.9746

11.0957 28.9078
11.2676 28.75

-23.7188 70.7737
-24.4853 71.875

-21.9219 68.1762
-21.996 68.2812

-20.125 65.651
-20.7271 66.4844

-21.9219 68.1776
-20.7282 66.4844

-21.9889 68.2812
-23.2404 70.0781

-23.7188 70.7566
-23.2465 70.0781

-29.1094 78.5043
-29.4923 79.0625

-27.3125 75.906
-28.2603 77.2656

-29.1094 78.4959
-28.2654 77.2656

-30.9062 81.14
-31.9364 82.6562

-32.7031 83.7966
-33.1451 84.4531

-33.1444 84.4531
-34.3509 86.25

-32.7031 83.7862
-31.9425 82.6562

-29.491 79.0625
-30.7153 80.8594

-30.9062 81.1147
-30.7328 80.8594

-25.5156 73.3482
-25.7417 73.6719

-25.7442 73.6719
-27.005 75.4688

-25.5156 73.3448
-24.489 71.875

-27.3125 75.8828
-27.0239 75.4688

-16.5312 60.805
-16.7493 61.0938

-18.3281 63.2006
-19.4281 64.6875

-16.749 61.0938
-18.0959 62.8906

-18.3281 63.1894
-18.1071 62.8906

-14.7344 58.4351
-15.3923 59.2969

-16.5312 60.8045
-15.3927 59.2969

-14.7344 58.4302
-14.0242 57.5

-20.125 65.6429
-19.4347 64.6875

-34.5 86.4435
-34.3699 86.25

-70.4375 142.687
-71.1011 143.75

-63.25 131.042
-63.3306 131.172

-63.3284 131.172
-64.448 132.969

-65.0469 133.935
-65.5608 134.766

-65.5586 134.766
-66.6649 136.562

-65.0469 133.916
-64.461 132.969

-68.6406 139.771
-68.8767 140.156

-66.8438 136.851
-67.775 138.359

-68.6406 139.763
-67.7805 138.359

-68.8715 140.156
-69.9801 141.953

-70.4375 142.66
-69.9963 141.953

-66.8438 136.813
-66.6889 136.562

-77.625 153.709
-78.0868 154.531

-79.4219 157.256
-79.8903 158.125

-78.0438 154.531
-78.9533 156.328

-79.4219 157.276
-78.9111 156.328

-88.4062 171.657
-88.884 172.5

-86.6094 168.516
-86.8394 168.906

-84.8125 165.522
-85.7932 167.109

-86.6094 168.516
-85.7804 167.109

-86.8388 168.906
-87.8734 170.703

-88.4062 171.643
-87.8737 170.703

-81.2188 160.235
-82.2147 161.719

-83.0156 162.845
-83.4789 163.516

-83.4911 163.516
-84.6868 165.312

-83.0156 162.871
-82.2202 161.719

-79.8831 158.125
-80.9868 159.922

-81.2188 160.266
-80.9881 159.922

-84.8125 165.516
-84.6866 165.312

-75.8281 150.886
-75.8635 150.938

-74.0312 148.273
-74.6169 149.141

-75.8281 150.888
-74.6296 149.141

-72.2344 145.541
-72.238 145.547

-72.2348 145.547
-73.4084 147.344

-72.2344 145.542
-71.1003 143.75

-74.0312 148.257
-73.4149 147.344

-75.8976 150.938
-77.0653 152.734

-77.625 153.712
-77.0763 152.734

-56.0625 119.651
-56.5318 120.391

-56.5303 120.391
-57.6702 122.188

-59.6562 125.317
-59.9491 125.781

-61.4531 128.172
-62.2098 129.375

-59.9462 125.781
-61.078 127.578

-61.4531 128.144
-61.0973 127.578

-57.8594 122.482
-58.8154 123.984

-59.6562 125.308
-58.8219 123.984

-57.8594 122.449
-57.693 122.188

-54.2656 116.827
-55.3917 118.594

-53.1067 115
-54.2475 116.797

-56.0625 119.636
-55.401 118.594

-63.25 131.041
-62.2126 129.375

-90.2031 174.771
-90.98 176.094

-88.875 172.5
-89.909 174.297

-90.2031 174.804
-89.9052 174.297

-92 177.78
-91.0133 176.094

30.1875 9.46486
30.1215 9.6582

30.1216 9.6582
30.0418 9.88281

29.7383 10.6532
29.685 10.7812

29.9629 10.093
29.9576 10.1074

29.9587 10.1074
29.8712 10.332

29.9629 10.096
30.042 9.88281

29.8709 10.332
29.7795 10.5566

29.7383 10.655
29.7801 10.5566

27.4922 14.3061
27.4365 14.375

28.166 13.4425
28.1416 13.4766

28.3906 13.1213
28.3005 13.252

28.166 13.4404
28.3009 13.252

27.9414 13.7409
27.8014 13.9258

27.7168 14.0291
27.6202 14.1504

27.4922 14.3076
27.6212 14.1504

27.7168 14.0306
27.8004 13.9258

28.1403 13.4766
27.9733 13.7012

27.9414 13.743
27.9736 13.7012

29.2891 11.6161
29.2574 11.6797

28.8398 12.4228
28.7476 12.5781

29.0645 12.0366
29.0131 12.1289

29.2572 11.6797
29.1379 11.9043

29.0645 12.0374
29.1384 11.9043

29.0132 12.1289
28.8827 12.3535

28.8398 12.425
28.8832 12.3535

29.5137 11.1583
29.4802 11.2305

29.6842 10.7812
29.5843 11.0059

29.5137 11.159
29.5847 11.0059

29.4803 11.2305
29.3713 11.4551

29.2891 11.6178
29.3717 11.4551

28.6152 12.7832
28.6029 12.8027

28.6049 12.8027
28.4562 13.0273

28.6152 12.7861
28.7469 12.5781

28.3906 13.1225
28.4562 13.0273

31.6581 0
31.6571 0.224609

31.6572 0.224609
31.6543 0.449219

31.6543 0.449219
31.6495 0.673828

31.6495 0.673828
31.6427 0.898438

31.6427 0.898438
31.6341 1.12305

31.6341 1.12305
31.6236 1.34766

31.6236 1.34766
31.6112 1.57227

31.6112 1.57227
31.5969 1.79688

31.5352 2.5488
31.5217 2.69531

31.5968 1.79688
31.5807 2.02148

31.5807 2.02148
31.5628 2.24609

31.5628 2.24609
31.5431 2.4707

31.5352 2.55448
31.5432 2.4707

31.5217 2.69531
31.474 3.14453

31.4736 3.14453
31.4474 3.36914

31.4475 3.36914
31.4199 3.59375

31.4199 3.59375
31.3909 3.81836

31.3909 3.81836
31.3607 4.04297

31.3105 4.3956
31.2964 4.49219

31.3608 4.04297
31.3293 4.26758

31.3105 4.3953
31.3293 4.26758

31.2963 4.49219
31.2621 4.7168

31.2622 4.7168
31.227 4.94141

31.2269 4.94141
31.1906 5.16602

31.1906 5.16602
31.1532 5.39062

31.0859 5.7771
31.075 5.83984

31.0748 5.83984
31.0336 6.06445

31.0336 6.06445
30.9913 6.28906

30.9914 6.28906
30.9477 6.51367

30.9476 6.51367
30.9025 6.73828

30.8613 6.93774
30.8561 6.96289

30.8561 6.96289
30.8075 7.1875

30.8613 6.93739
30.9027 6.73828

31.1532 5.39062
31.1147 5.61523

31.0859 5.77746
31.1147 5.61523

30.6367 7.91406
30.5941 8.08594

30.8075 7.1875
30.757 7.41211

30.7569 7.41211
30.7046 7.63672

30.7048 7.63672
30.6505 7.86133

30.6367 7.91637
30.6507 7.86133

30.5935 8.08594
30.5342 8.31055

30.5342 8.31055
30.4728 8.53516

30.4121 8.74648
30.4083 8.75977

30.4092 8.75977
30.3419 8.98438

30.4121 8.74953
30.4732 8.53516

30.3417 8.98438
30.2714 9.20898

30.2716 9.20898
30.1983 9.43359

30.1875 9.46614
30.1986 9.43359

23.8984 17.8519
23.7543 17.9688

24.3477 17.4788
24.2987 17.5195

24.123 17.6666
24.0289 17.7441

23.8984 17.8525
24.0301 17.7441

24.123 17.6679
24.3001 17.5195

24.5723 17.2863
24.5622 17.2949

24.3477 17.4794
24.5635 17.2949

24.5723 17.2879
24.7969 17.0914

25.9199 16.0332
25.7801 16.1719

26.1445 15.8046
26.0053 15.9473

25.9199 16.0323
26.0049 15.9473

26.3691 15.5709
26.2246 15.7227

26.5938 15.3308
26.438 15.498

26.3691 15.5704
26.438 15.498

26.1445 15.8045
26.2244 15.7227

25.0215 16.8899
24.8197 17.0703

25.2461 16.6852
25.071 16.8457

25.0215 16.8899
25.0697 16.8457

25.4707 16.4728
25.3133 16.6211

25.6953 16.2564
25.5504 16.3965

25.4707 16.4724
25.5493 16.3965

25.2461 16.6843
25.3132 16.6211

24.7969 17.0913
24.8203 17.0703

25.6953 16.2559
25.7801 16.1719

23.2246 18.3942
23.1948 18.418

23.2246 18.3952
23.4492 18.2152

23 18.5751
23.1967 18.418

23.6738 18.0348
23.477 18.1934

23.4492 18.2159
23.4772 18.1934

23.6738 18.0352
23.7554 17.9688

26.8184 15.0858
26.6477 15.2734

27.043 14.8331
26.8513 15.0488

26.8184 15.085
26.8512 15.0488

27.2676 14.5729
27.245 14.5996

27.2465 14.5996
27.0514 14.8242

27.2676 14.5748
27.4365 14.375

27.043 14.8335
27.0512 14.8242

26.5938 15.3309
26.6472 15.2734

