-64.6016 0
-64.5977 0.0214477

-64.5977 0.0433851
-64.5966 0.0561523

-64.5964 0.0561523
-64.5818 0.112305

-64.582 0.112305
-64.5559 0.168457

-64.5539 0.168457
-64.5415 0.18663

-64.5415 0.191458
-64.519 0.224609

-64.5224 0.224609
-64.4854 0.255213

-64.4854 0.262074
-64.4681 0.280762

-64.466 0.280762
-64.4292 0.31491

-64.4292 0.314012
-64.3951 0.336914

-64.3933 0.336914
-64.373 0.349168

-64.373 0.349388
-64.3169 0.379547

-64.3169 0.380052
-64.2886 0.393066

-64.2864 0.393066
-64.2607 0.404877

-64.2607 0.404813
-64.2046 0.427339

-64.2046 0.427569
-64.1484 0.447509

-64.1484 0.44754
-64.1434 0.449219

-64.1402 0.449219
-64.0923 0.4652

-64.0923 0.465386
-64.0361 0.484673

-64.0361 0.485037
-63.98 0.504024

-63.98 0.503769
-63.9752 0.505371

-63.9746 0.505371
-63.9238 0.522396

-63.9238 0.522586
-63.8677 0.54176

-63.8677 0.541925
-63.8115 0.560779

-63.8115 0.560035
-63.8075 0.561523

-63.8059 0.561523
-63.7554 0.580213

-63.7554 0.580655
-63.6992 0.605112

-63.6992 0.605775
-63.6743 0.617676

-63.6728 0.617676
-63.6431 0.631871

-63.6431 0.631979
-63.5869 0.660934

-63.5869 0.660908
-63.5652 0.673828

-63.5626 0.673828
-63.5308 0.692771

-63.5308 0.693239
-63.4789 0.72998

-63.4796 0.72998
-63.4746 0.733488

-63.4746 0.733241
-63.4185 0.779418

-63.4185 0.780211
-63.4124 0.786133

-63.4114 0.786133
-63.3623 0.831275

-63.3623 0.833975
-63.3538 0.842285

-63.3543 0.842285
-63.3064 0.898438

-63.3062 0.897327
-63.3052 0.898438

-63.3062 0.898699
-63.2649 0.95459

-63.2653 0.95459
-63.25 0.978462

-63.3062 2.46696
-63.3092 2.4707

-63.25 2.39611
-63.2651 2.41455

-63.3062 2.46591
-63.264 2.41455

-63.3623 2.53833
-63.3941 2.58301

-63.4185 2.63027
-63.4235 2.63916

-63.4251 2.63916
-63.4503 2.69531

-63.4185 2.62755
-63.3933 2.58301

-63.3106 2.4707
-63.3543 2.52686

-63.3623 2.53718
-63.3553 2.52686

-63.4746 2.77851
-63.4831 2.80762

-63.4824 2.80762
-63.4905 2.86377

-63.4902 2.86377
-63.4933 2.91992

-63.4942 2.91992
-63.4909 2.97607

-63.4902 2.97607
-63.4801 3.03223

-63.4837 3.03223
-63.4746 3.05049

-63.4499 2.69531
-63.4689 2.75146

-63.4746 2.77519
-63.4689 2.75146

-63.4746 3.05357
-63.4626 3.08838

-63.4624 3.08838
-63.4305 3.14453

-63.4335 3.14453
-63.4185 3.16144

-63.4185 3.16157
-63.3836 3.20068

-63.3804 3.20068
-63.3623 3.22049

-63.3623 3.21888
-63.3063 3.25684

-63.3062 3.25432
-63.2995 3.25684

-63.2967 3.25684
-63.25 3.28375

-63.25 0.979082
-63.2297 1.01074

-63.2296 1.01074
-63.1977 1.06689

-63.1985 1.06689
-63.1938 1.07599

-63.1938 1.07469
-63.1692 1.12305

-63.1686 1.12305
-63.1377 1.19474

-63.1377 1.19492
-63.1214 1.23535

-63.1214 1.23535
-63.1011 1.2915

-63.1011 1.2915
-63.0832 1.34766

-63.0832 1.34766
-63.0815 1.35347

-63.0815 1.35353
-63.0674 1.40381

-63.0674 1.40381
-63.0538 1.45996

-63.0539 1.45996
-63.0425 1.51611

-63.0425 1.51611
-63.0333 1.57227

-63.0326 1.57227
-63.0254 1.64046

-63.0254 1.63731
-63.0213 1.68457

-63.0213 1.68457
-63.0187 1.74072

-63.0187 1.74072
-63.0187 1.79688

-61.9023 0.412905
-61.9312 0.449219

-62.0146 0.64588
-62.0246 0.673828

-61.9585 0.482853
-61.9685 0.505371

-61.97 0.505371
-61.9907 0.561523

-61.9585 0.485076
-61.9426 0.449219

-62.0146 0.640858
-61.9869 0.561523

-62.0268 0.673828
-62.047 0.72998

-62.048 0.72998
-62.0638 0.786133

-62.0708 0.834812
-62.0716 0.842285

-62.0721 0.842285
-62.0708 0.853733

-62.0708 0.834976
-62.0653 0.786133

-62.0708 0.850191
-62.0652 0.898438

-62.0146 0.677261
-62.0137 0.673828

-61.9023 0.422662
-61.8462 0.409449

-61.8462 0.415934
-61.79 0.421142

-61.79 0.423671
-61.7339 0.429275

-61.7339 0.430938
-61.6777 0.428554

-61.6777 0.428673
-61.6216 0.414734

-61.5654 0.390195
-61.5721 0.393066

-61.6216 0.413894
-61.5732 0.393066

-61.4531 0.295485
-61.492 0.336914

-61.5654 0.39195
-61.5093 0.354756

-61.5093 0.360527
-61.4859 0.336914

-61.9023 0.449512
-61.9014 0.449219

-62.0635 0.898438
-62.0471 0.95459

-62.0468 0.95459
-62.0248 1.01074

-62.0239 1.01074
-62.0146 1.0318

-62.0146 1.03103
-61.9989 1.06689

-61.9984 1.06689
-61.9747 1.12305

-61.9745 1.12305
-61.9585 1.1652

-61.9585 1.16535
-61.9532 1.1792

-61.9533 1.1792
-61.9344 1.23535

-61.9341 1.23535
-61.9181 1.2915

-61.9182 1.2915
-61.9056 1.34766

-61.9049 1.34766
-61.9023 1.36349

-61.9023 1.65751
-61.9074 1.68457

-61.9079 1.68457
-61.9225 1.74072

-61.9227 1.74072
-61.9409 1.79688

-61.9023 1.36402
-61.8898 1.45996

-61.8906 1.45996
-61.8887 1.51611

-61.8887 1.51611
-61.8909 1.57227

-61.9023 1.65566
-61.8898 1.57227

-61.9023 1.69043
-61.9007 1.68457

-63.0254 1.89407
-63.0265 1.90918

-63.0256 1.90918
-63.0468 2.02148

-63.1377 2.24526
-63.1381 2.24609

-63.0815 2.12785
-63.0837 2.13379

-63.0472 2.02148
-63.0631 2.07764

-63.0815 2.12787
-63.0632 2.07764

-63.0836 2.13379
-63.1085 2.18994

-63.1377 2.24451
-63.1081 2.18994

-63.0186 1.79688
-63.0212 1.85303

-63.0254 1.89552
-63.0212 1.85303

-63.1938 2.3288
-63.2158 2.3584

-63.1389 2.24609
-63.1748 2.30225

-63.1938 2.32835
-63.1744 2.30225

-63.25 2.39924
-63.2166 2.3584

-62.5762 2.35102
-62.5864 2.3584

-62.6323 2.40358
-62.6429 2.41455

-62.6323 2.41501
-62.6437 2.4707

-62.6323 2.39873
-62.5762 2.3584

-62.6323 2.41598
-62.632 2.41455

-62.6374 2.4707
-62.6336 2.52686

-62.6329 2.52686
-62.6323 2.53406

-62.6323 2.52887
-62.6279 2.58301

-62.6271 2.58301
-62.6254 2.63916

-62.6258 2.63916
-62.6278 2.69531

-62.5762 2.3529
-62.52 2.32091

-62.52 2.32315
-62.4639 2.30469

-62.5762 2.36293
-62.5598 2.3584

-62.4077 2.29472
-62.441 2.30225

-62.4639 2.30626
-62.4461 2.30225

-62.4077 2.29523
-62.3516 2.2818

-62.8569 3.1368
-62.8656 3.14453

-62.8008 3.07323
-62.8131 3.08838

-62.8569 3.13574
-62.8118 3.08838

-63.25 3.27613
-63.1938 3.28471

-63.1938 3.28527
-63.1377 3.28482

-63.0254 3.25587
-63.0282 3.25684

-63.1377 3.28411
-63.0815 3.27494

-63.0815 3.27654
-63.0254 3.25692

-63.0254 3.25545
-62.9692 3.22513

-62.9131 3.18639
-62.9337 3.20068

-62.9692 3.22563
-62.9332 3.20068

-62.9131 3.19035
-62.8674 3.14453

-62.6885 2.91133
-62.6927 2.91992

-62.6323 2.74182
-62.6334 2.75146

-62.6334 2.75146
-62.6461 2.80762

-62.6323 2.74105
-62.6271 2.69531

-62.6456 2.80762
-62.6657 2.86377

-62.6885 2.90915
-62.6664 2.86377

-62.7446 2.99983
-62.7676 3.03223

-62.6935 2.91992
-62.7273 2.97607

-62.7446 3.00051
-62.7273 2.97607

-62.8008 3.07085
-62.7649 3.03223

-62.6885 2.92219
-62.687 2.91992

-62.2393 2.23998
-62.2523 2.24609

-62.2393 2.24052
-62.1831 2.20178

-62.127 2.14976
-62.1687 2.18994

-62.1831 2.20219
-62.1704 2.18994

-62.0146 1.96647
-62.0435 2.02148

-61.9585 1.84359
-61.9621 1.85303

-61.9625 1.85303
-61.987 1.90918

-61.9585 1.84341
-61.9407 1.79688

-62.0146 1.96494
-61.9863 1.90918

-62.0708 2.06858
-62.0761 2.07764

-62.0752 2.07764
-62.1145 2.13379

-62.0708 2.0687
-62.043 2.02148

-62.127 2.14995
-62.1015 2.13379

-62.0146 2.0217
-62.0145 2.02148

-62.3516 2.28245
-62.2954 2.26514

-62.2954 2.26727
-62.2502 2.24609

-62.2393 2.24627
-62.2391 2.24609

-61.3408 0.199732
-61.3888 0.224609

-61.3408 0.203739
-61.2847 0.199549

-61.2847 0.202248
-61.2285 0.209562

-61.397 0.226511
-61.4428 0.280762

-61.4531 0.293057
-61.4416 0.280762

-61.397 0.228796
-61.3889 0.224609

-61.4531 0.33738
-61.4518 0.336914

-61.3408 0.224868
-61.337 0.224609

-61.2285 0.210885
-61.1724 0.221676

-61.1724 0.222064
-61.1599 0.224609

-61.1603 0.224609
-61.1162 0.232666

-61.1162 0.23347
-61.0601 0.24498

-61.0601 0.245335
-61.0039 0.255681

-61.0039 0.256086
-60.9478 0.263747

-60.9478 0.263893
-60.8916 0.267766

-60.8916 0.267798
-60.8354 0.267526

-60.8354 0.26729
-60.7793 0.263284

-60.7793 0.262748
-60.7231 0.25655

-60.7231 0.255982
-60.667 0.249798

-60.667 0.24948
-60.6108 0.24508

-60.6108 0.24504
-60.5547 0.243142

-60.5547 0.243331
-60.4985 0.243636

-60.4985 0.243898
-60.4424 0.245502

-60.4424 0.24572
-60.3862 0.247661

-60.3862 0.247783
-60.3301 0.24938

-60.3301 0.249409
-60.2739 0.250359

-60.2739 0.250334
-60.2178 0.25063

-60.2178 0.250581
-60.1616 0.25037

-60.1616 0.250324
-60.1055 0.249795

-60.1055 0.24976
-60.0493 0.249071

-60.0493 0.249051
-59.9932 0.248313

-59.9932 0.248304
-59.937 0.247576

-59.937 0.247574
-59.8809 0.246876

-59.8809 0.246878
-59.8247 0.246207

-59.8247 0.24621
-59.7686 0.245553

-59.7686 0.245555
-59.7124 0.244904

-59.7124 0.244904
-59.6562 0.244253

-59.6562 0.244253
-59.6001 0.243601

-59.6001 0.2436
-59.5439 0.242949

-59.5439 0.242949
-59.4878 0.242301

-59.4878 0.242301
-59.4316 0.241656

-59.4316 0.241656
-59.3755 0.241014

-59.3755 0.241012
-59.3193 0.24038

-59.3193 0.240378
-59.2632 0.239767

-59.2632 0.239773
-59.207 0.239176

-59.207 0.239196
-59.1509 0.238562

-59.1509 0.238578
-59.0947 0.237835

-59.0947 0.237807
-59.0386 0.236981

-59.0386 0.236912
-58.9824 0.236197

-58.9824 0.23611
-58.8701 0.235522

-58.8701 0.235776
-58.7578 0.235819

-58.7578 0.235952
-58.7017 0.23597

-58.7017 0.235956
-58.6455 0.235732

-58.6455 0.235695
-58.5332 0.234961

-58.5332 0.234909
-58.4209 0.23396

-58.4209 0.233964
-58.3086 0.2329

-58.3086 0.232864
-58.1963 0.23175

-58.1963 0.231757
-58.084 0.23065

-58.084 0.230652
-57.9717 0.229535

-57.9717 0.229518
-57.8594 0.228417

-57.8594 0.228409
-57.7471 0.227373

-57.7471 0.227356
-57.6348 0.226439

-57.6348 0.226423
-57.5225 0.22569

-57.5225 0.225684
-57.4102 0.22518

-57.4102 0.225183
-57.2979 0.224914

-57.2979 0.224913
-57.1855 0.224877

-57.1855 0.224869
-57.0732 0.225083

-57.0732 0.225081
-56.9609 0.225566

-56.9609 0.225579
-56.8486 0.226314

-56.8486 0.226335
-56.7363 0.22725

-56.7363 0.227267
-56.624 0.228285

-56.624 0.228295
-56.5117 0.229359

-56.5117 0.229356
-56.3994 0.230449

-56.3994 0.230421
-56.2871 0.231605

-56.2871 0.231545
-56.1748 0.233

-56.1748 0.232618
-56.0625 0.235228

-56.0625 0.235496
-56.0063 0.237462

-56.0063 0.237604
-55.9502 0.239412

-55.9502 0.239586
-55.894 0.240604

-55.894 0.240483
-55.8379 0.240607

-55.8379 0.240462
-55.7817 0.240225

-55.7817 0.240151
-55.7256 0.239991

-55.7256 0.239986
-55.6694 0.24006

-55.6694 0.240093
-55.6133 0.240344

-55.6133 0.240387
-55.5571 0.240663

-55.5571 0.240705
-55.501 0.240838

-55.501 0.240872
-55.4448 0.24071

-55.4448 0.240722
-55.3887 0.240172

-55.3887 0.240147
-55.3325 0.239237

-55.3325 0.239174
-55.2764 0.23808

-55.2764 0.238013
-55.2202 0.236995

-55.2202 0.23695
-55.1641 0.236232

-55.1641 0.236259
-55.1079 0.235877

-55.1079 0.235873
-55.0518 0.23578

-55.0518 0.235888
-54.9956 0.235878

-54.9956 0.235864
-54.9395 0.235751

-54.9395 0.235669
-54.8271 0.23562

-54.8271 0.23592
-54.7148 0.235574

-54.7148 0.23568
-54.6025 0.234228

-54.6025 0.233972
-54.4902 0.231713

-54.4902 0.231656
-54.3779 0.229216

-54.3779 0.229387
-54.2656 0.226539

-54.1533 0.222779
-54.2058 0.224609

-54.1533 0.222738
-54.0972 0.220848

-54.0972 0.220853
-54.041 0.219121

-54.2656 0.226597
-54.2025 0.224609

-54.041 0.219129
-53.9849 0.217528

-53.9849 0.217528
-53.9287 0.216042

-53.9287 0.21604
-53.8726 0.214676

-53.8726 0.21467
-53.8164 0.213445

-53.8164 0.213441
-53.7603 0.212377

-53.7603 0.212371
-53.7041 0.211488

-53.7041 0.211484
-53.6479 0.2108

-53.6479 0.210796
-53.5918 0.210325

-53.5918 0.210324
-53.5356 0.210075

-53.5356 0.210075
-53.4795 0.210049

-53.4795 0.210052
-53.4233 0.210244

-53.4233 0.210248
-53.3672 0.210647

-53.3672 0.210651
-53.311 0.211243

-53.311 0.211247
-53.2549 0.212013

-53.2549 0.212017
-53.1987 0.212941

-53.1987 0.212945
-53.1426 0.21401

-53.1426 0.214012
-53.0864 0.215205

-53.0864 0.215209
-53.0303 0.216516

-53.0303 0.216519
-52.9741 0.217929

-52.9741 0.217933
-52.918 0.219432

-52.918 0.219431
-52.8618 0.221015

-52.8618 0.22102
-52.8057 0.222678

-52.8057 0.222689
-52.7495 0.22439

-52.7495 0.224417
-52.7426 0.224609

-52.7441 0.224609
-52.6934 0.226057

-52.6934 0.225888
-52.5811 0.229001

-52.5811 0.228542
-52.4688 0.232701

-52.4688 0.232272
-52.3564 0.239253

-52.3564 0.240161
-52.3003 0.244761

-52.3003 0.244667
-52.2441 0.248747

-52.2441 0.248855
-52.188 0.252389

-52.188 0.252409
-52.1318 0.255138

-52.1318 0.25509
-52.0757 0.25707

-52.0757 0.256981
-52.0195 0.258484

-52.0195 0.25839
-51.9634 0.259781

-51.9634 0.259717
-51.9072 0.261313

-51.9072 0.261303
-51.8511 0.263253

-51.8511 0.263287
-51.7949 0.265545

-51.7949 0.265606
-51.7388 0.267978

-51.7388 0.268036
-51.6826 0.270284

-51.6826 0.270324
-51.6265 0.272252

-51.6265 0.272269
-51.5703 0.273763

-51.5703 0.273762
-51.5142 0.27479

-51.5142 0.274781
-51.458 0.275361

-51.458 0.275349
-51.4019 0.275525

-51.4019 0.275512
-51.3457 0.275337

-51.3457 0.275323
-51.2896 0.27485

-51.2896 0.274834
-51.2334 0.274124

-51.2334 0.274106
-51.1772 0.273228

-51.1772 0.273208
-51.1211 0.272237

-51.1211 0.272217
-51.0649 0.271231

-51.0649 0.271213
-51.0088 0.270288

-51.0088 0.270274
-50.9526 0.269476

-50.9526 0.269466
-50.8965 0.268842

-50.8965 0.268838
-50.8403 0.268413

-50.8403 0.268413
-50.7842 0.268194

-50.7842 0.268196
-50.728 0.268177

-50.728 0.268179
-50.6719 0.26835

-50.6719 0.268351
-50.6157 0.268707

-50.6157 0.268708
-50.5596 0.269247

-50.5596 0.26925
-50.5034 0.269966

-50.5034 0.269973
-50.4473 0.270847

-50.4473 0.270858
-50.3911 0.271857

-50.3911 0.27187
-50.335 0.272943

-50.335 0.272955
-50.2788 0.274053

-50.2788 0.274063
-50.2227 0.275142

-50.2227 0.275148
-50.1665 0.276178

-50.1665 0.276182
-50.1104 0.277141

-50.1104 0.277145
-50.0542 0.278019

-50.0542 0.278023
-49.998 0.278796

-49.998 0.278802
-49.9419 0.279452

-49.9419 0.279464
-49.8857 0.279955

-49.8857 0.279973
-49.8296 0.280248

-49.8296 0.280271
-49.7734 0.280249

-49.7734 0.280275
-49.7173 0.279858

-49.7173 0.279881
-49.6611 0.278971

-49.6611 0.278984
-49.605 0.277507

-49.605 0.277508
-49.5488 0.275435

-49.5488 0.275422
-49.4927 0.272776

-49.4927 0.272754
-49.4365 0.269608

-49.4365 0.269578
-49.3804 0.266036

-49.3804 0.266005
-49.3242 0.262188

-49.3242 0.262151
-49.2681 0.258194

-49.2681 0.258156
-49.2119 0.254209

-49.2119 0.254167
-49.1558 0.250389

-49.1558 0.250337
-49.0996 0.246915

-49.0996 0.24688
-49.0435 0.243991

-49.0435 0.243978
-48.9873 0.241719

-48.9873 0.24173
-48.9312 0.240105

-48.9312 0.240145
-48.875 0.239054

-48.875 0.239122
-48.8188 0.238349

-48.8188 0.2384
-48.7627 0.237705

-48.7627 0.237728
-48.7065 0.236964

-48.7065 0.23739
-48.6504 0.23566

-48.4819 0.219409
-48.5247 0.224609

-48.4819 0.218687
-48.4258 0.213056

-48.6504 0.236069
-48.5381 0.227331

-48.5381 0.226603
-48.5142 0.224609

-48.4258 0.212239
-48.3696 0.21134

-48.3696 0.211019
-48.3135 0.217127

-48.3135 0.217277
-48.2859 0.224609

-48.2753 0.224609
-48.2012 0.255637

-48.2012 0.267142
-48.1823 0.280762

-48.1858 0.280762
-48.145 0.310179

-48.145 0.311025
-48.0923 0.336914

-48.0923 0.336914
-48.0889 0.338694

-48.0844 0.336914
-48.0327 0.352895

-48.0327 0.353851
-47.9766 0.365163

-47.9766 0.364535
-47.9204 0.369258

-47.9204 0.369602
-47.8643 0.368307

-47.8643 0.367733
-47.8081 0.36088

-47.8081 0.362864
-47.752 0.347631

-47.5273 0.191319
-47.552 0.224609

-47.6958 0.321524
-47.7317 0.336914

-47.6958 0.322475
-47.6396 0.291741

-47.752 0.346983
-47.7313 0.336914

-47.5835 0.252336
-47.6237 0.280762

-47.6396 0.292667
-47.6228 0.280762

-47.5835 0.255081
-47.5452 0.224609

-47.4718 0
-47.4745 0.0561523

-47.4717 0.0561523
-47.4852 0.112305

-47.4712 0.0186164
-47.4703 0

-47.4712 0.0576473
-47.4708 0.0561523

-47.4864 0.112305
-47.5135 0.168457

-47.5273 0.185703
-47.5146 0.168457

-47.4712 0.112793
-47.471 0.112305

-47.415 0.00753696
-47.4137 0

-47.5273 0.225485
-47.5265 0.224609

-47.3027 0
-47.3027 0.224609

-44.1875 0
-44.1582 0.0483257

-44.1582 0.0441325
-44.1021 0.0164806

-44.1021 0.0127099
-44.0976 0

-44.0459 0.00827299
-44.0431 0

-42.7056 0
-42.7056 0.112305

-42.6982 0.0730964
-42.6847 0.112305

-42.6656 0.112305
-42.5859 0.140483

-42.4908 0
-42.503 0.0561523

-42.4953 0.0561523
-42.5198 0.112305

-42.5032 0.112305
-42.4736 0.135785

-42.4004 0
-42.3613 0.0407539

-42.3986 0.112305
-42.3613 0.141876

-42.2942 0
-42.249 0.0471637

-42.2893 0.112305
-42.249 0.144269

-42.1716 0
-42.1689 0.0561523

-42.1689 0.0561523
-42.1609 0.112305

-42.1728 0.112305
-42.1367 0.172169

-42.1367 0.211978
-42.1326 0.224609

-42.13 0.224609
-42.1045 0.280762

-42.104 0.280762
-42.0806 0.318167

-42.0806 0.321922
-42.0712 0.336914

-42.069 0.336914
-42.0249 0.393066

-42.0248 0.393066
-42.0244 0.3935

-42.0244 0.391441
-42.0231 0.393066

-42.0244 0.395213
-41.9714 0.449219

-41.9683 0.447583
-41.9663 0.449219

-41.9704 0.449219
-41.9683 0.451393

-41.9683 0.451597
-41.9121 0.49833

-41.9121 0.495757
-41.8984 0.505371

-41.9017 0.505371
-41.856 0.537381

-41.856 0.536485
-41.813 0.561523

-41.8168 0.561523
-41.7998 0.572494

-41.7998 0.569533
-41.7437 0.595785

-41.7437 0.595104
-41.6875 0.617109

-41.6878 0.617676
-41.6875 0.617789

-41.6875 0.616302
-41.6833 0.617676

-41.6874 0.617676
-41.6313 0.635802

-41.6313 0.635281
-41.5752 0.64958

-41.5752 0.649914
-41.519 0.66062

-41.519 0.660793
-41.4629 0.666892

-41.4629 0.667206
-41.4067 0.667721

-41.4067 0.667912
-41.3506 0.661833

-41.3506 0.661754
-41.2944 0.648856

-41.2944 0.648488
-41.2383 0.629665

-40.9014 0.430619
-40.9334 0.449219

-40.9014 0.431484
-40.8452 0.409045

-40.8452 0.409919
-40.7891 0.395187

-41.1821 0.606099
-41.2099 0.617676

-41.2383 0.629222
-41.2106 0.617676

-41.1821 0.606601
-41.126 0.578036

-41.0698 0.544512
-41.0982 0.561523

-41.0137 0.505067
-41.0141 0.505371

-41.0698 0.543851
-41.0137 0.506308

-41.126 0.576669
-41.1014 0.561523

-41.0137 0.504856
-40.9575 0.466032

-40.9575 0.464362
-40.9314 0.449219

-40.7329 0.385979
-40.7738 0.393066

-40.7891 0.395546
-40.7747 0.393066

-40.7329 0.386372
-40.6768 0.379829

-40.6768 0.380214
-40.6206 0.375214

-40.6206 0.375406
-40.5645 0.370797

-40.5645 0.370871
-40.5083 0.36612

-40.5083 0.366185
-40.4521 0.361014

-40.4521 0.360956
-40.396 0.355351

-40.396 0.355391
-40.3398 0.349385

-40.2275 0.335276
-40.2402 0.336914

-40.3398 0.349503
-40.2347 0.336914

-40.2275 0.33519
-40.1714 0.328105

-40.1714 0.328301
-40.1152 0.321937

-40.1152 0.32204
-40.0591 0.315798

-40.0591 0.31575
-40.0029 0.309516

-40.0029 0.309502
-39.9468 0.303401

-39.9468 0.303432
-39.8906 0.297432

-39.8906 0.297454
-39.8345 0.291451

-39.8345 0.291429
-39.7783 0.285424

-39.7222 0.279398
-39.7352 0.280762

-39.7783 0.285412
-39.7339 0.280762

-39.7222 0.279405
-39.666 0.273927

-39.666 0.273993
-39.6099 0.268982

-39.6099 0.268971
-39.5537 0.264317

-39.5537 0.2643
-39.4976 0.260057

-39.4976 0.260053
-39.4414 0.256264

-39.4414 0.256255
-39.3853 0.252948

-39.3853 0.252971
-39.3291 0.250117

-39.3291 0.250083
-39.2729 0.247702

-39.2729 0.247686
-39.2168 0.245878

-39.2168 0.245853
-39.1606 0.244699

-39.1606 0.244659
-39.1045 0.244287

-39.1045 0.244226
-39.0483 0.244838

-39.0483 0.244756
-38.9922 0.246638

-38.9922 0.246548
-38.936 0.250042

-38.936 0.24991
-38.8799 0.255459

-38.8799 0.255369
-38.8237 0.263415

-38.8237 0.263152
-38.7676 0.274398

-38.7676 0.274313
-38.7432 0.280762

-38.7442 0.280762
-38.7114 0.289418

-38.7114 0.289438
-38.6553 0.307476

-38.6553 0.307549
-38.5991 0.328373

-38.5991 0.32854
-38.579 0.336914

-38.5798 0.336914
-38.543 0.351207

-38.543 0.352227
-38.4868 0.377073

-38.4868 0.376569
-38.4506 0.393066

-38.4531 0.393066
-38.4307 0.403306

-38.4307 0.402965
-38.3745 0.428738

-38.3745 0.428319
-38.3285 0.449219

-38.3314 0.449219
-38.3184 0.455105

-38.3184 0.454642
-38.2622 0.47915

-38.2622 0.478837
-38.2061 0.501885

-38.2061 0.501396
-38.1956 0.505371

-38.1985 0.505371
-38.1499 0.523842

-38.1499 0.523499
-38.0938 0.542602

-38.0402 0
-38.0376 0.00747251

-38.0376 0.00814617
-37.9814 0.00883177

-37.9814 0.00880426
-37.9783 0

-38.0938 0.542442
-38.0376 0.559955

-38.0376 0.559378
-38.0297 0.561523

-38.0326 0.561523
-37.9814 0.576248

-37.9814 0.575203
-37.9253 0.58805

-37.9253 0.588241
-37.8691 0.599303

-37.8691 0.59921
-37.813 0.608293

-37.813 0.608171
-37.7568 0.615703

-37.7568 0.615484
-37.7363 0.617676

-37.7409 0.617676
-37.7007 0.621975

-37.7007 0.621697
-37.6445 0.626194

-37.6445 0.626173
-37.5884 0.629442

-37.5884 0.629367
-37.5322 0.6316

-37.5322 0.631523
-37.4761 0.633024

-37.4761 0.632949
-37.4199 0.634024

-37.4199 0.63392
-37.3638 0.63493

-37.3638 0.634821
-37.3076 0.636195

-37.3076 0.636082
-37.2515 0.638264

-37.2515 0.638188
-37.1953 0.64156

-37.1953 0.641504
-37.1392 0.646332

-37.1392 0.646344
-37.083 0.652715

-37.083 0.652683
-37.0269 0.660637

-37.0269 0.660581
-36.9707 0.670296

-36.9707 0.670332
-36.9531 0.673828

-36.9535 0.673828
-36.8584 0.693573

-36.8584 0.694216
-36.8022 0.707564

-36.8022 0.707506
-36.7461 0.721374

-36.7461 0.72123
-36.7118 0.72998

-36.714 0.72998
-36.6899 0.736122

-36.6899 0.735937
-36.6338 0.750319

-36.6338 0.750193
-36.5776 0.764589

-36.5776 0.764583
-36.5215 0.779257

-36.5215 0.779143
-36.4945 0.786133

-36.4976 0.786133
-36.4092 0.807946

-36.4092 0.807554
-36.353 0.820188

-36.353 0.82035
-36.2969 0.832223

-36.2969 0.832051
-36.245 0.842285

-36.2466 0.842285
-36.2407 0.84344

-36.2407 0.843344
-36.1846 0.853545

-36.1846 0.853296
-36.1284 0.862747

-36.1284 0.862732
-36.0723 0.871964

-36.0723 0.8719
-36.0161 0.881072

-36.0161 0.880974
-35.96 0.890414

-35.96 0.890332
-35.9143 0.898438

-35.9157 0.898438
-35.8477 0.910683

-35.8477 0.910982
-35.7915 0.921565

-35.7915 0.921566
-35.7354 0.93202

-35.7354 0.932051
-35.6792 0.942313

-35.6792 0.94228
-35.623 0.952351

-35.623 0.952243
-35.6094 0.95459

-35.6113 0.95459
-35.5669 0.962227

-35.5669 0.962151
-35.5107 0.971115

-35.5107 0.971177
-35.4546 0.979329

-35.4546 0.979305
-35.3984 0.986571

-35.3984 0.986581
-35.3423 0.992988

-35.3423 0.992982
-35.2861 0.998525

-35.2861 0.998495
-35.23 1.00325

-35.23 1.00318
-35.1738 1.00734

-35.1738 1.00727
-35.1227 1.01074

-35.1229 1.01074
-35.0615 1.01468

-35.0615 1.01413
-34.9492 1.02078

-34.9492 1.02066
-34.8931 1.02422

-34.8931 1.02418
-34.8369 1.0283

-34.8369 1.02834
-34.7808 1.033

-34.7808 1.03301
-34.7246 1.0381

-34.7246 1.03809
-34.6685 1.04364

-34.6685 1.04366
-34.6123 1.04963

-34.6123 1.04966
-34.5562 1.05596

-34.5562 1.05595
-34.5 1.06255

-34.5 13.444
-34.5034 13.4766

-34.5035 13.4766
-34.5145 13.5889

-34.5145 13.5889
-34.5197 13.645

-34.5197 13.645
-34.5246 13.7012

-34.5246 13.7012
-34.5293 13.7573

-34.5293 13.7573
-34.5337 13.8135

-34.5337 13.8135
-34.538 13.8696

-34.538 13.8696
-34.542 13.9258

-34.542 13.9258
-34.5458 13.9819

-34.5458 13.9819
-34.5493 14.0381

-34.5493 14.0381
-34.5526 14.0942

-34.5527 14.0942
-34.5558 14.1504

-34.5562 14.1581
-34.5586 14.2065

-34.5586 14.2065
-34.5613 14.2627

-34.5562 14.1581
-34.5558 14.1504

-34.5613 14.2627
-34.5638 14.3188

-34.5638 14.3188
-34.5661 14.375

-34.5661 14.375
-34.5682 14.4312

-34.5682 14.4312
-34.5701 14.4873

-34.5701 14.4873
-34.5718 14.5435

-34.5718 14.5435
-34.5732 14.5996

-34.5732 14.5996
-34.5745 14.6558

-34.5745 14.6558
-34.5756 14.7119

-34.5756 14.7119
-34.5765 14.7681

-34.5765 14.7681
-34.5771 14.8242

-34.5771 14.8242
-34.5776 14.8804

-34.5776 14.8804
-34.5778 14.9365

-34.5778 14.9365
-34.5777 14.9927

-34.5777 14.9927
-34.5774 15.0488

-34.5774 15.0488
-34.5769 15.105

-34.5769 15.105
-34.5761 15.1611

-34.5761 15.1611
-34.575 15.2173

-34.575 15.2173
-34.5736 15.2734

-34.5736 15.2734
-34.572 15.3296

-34.572 15.3296
-34.5701 15.3857

-34.5701 15.3857
-34.568 15.4419

-34.568 15.4419
-34.5656 15.498

-34.5656 15.498
-34.563 15.5542

-34.563 15.5542
-34.5602 15.6104

-34.5601 15.6104
-34.557 15.6665

-34.557 15.6665
-34.5562 15.6816

-34.5562 15.6816
-34.5537 15.7227

-34.5537 15.7227
-34.5502 15.7788

-34.5502 15.7788
-34.5464 15.835

-34.5464 15.835
-34.5425 15.8911

-34.5425 15.8911
-34.5383 15.9473

-34.5383 15.9473
-34.5339 16.0034

-34.5339 16.0034
-34.5294 16.0596

-34.5294 16.0596
-34.5246 16.1157

-34.5246 16.1157
-34.5196 16.1719

-34.5196 16.1719
-34.5143 16.228

-34.5143 16.228
-34.5088 16.2842

-34.5089 16.2842
-34.5 16.3698

-34.5 26.3745
-34.5038 26.3916

-34.5038 26.3916
-34.5163 26.4478

-34.5163 26.4478
-34.5288 26.5039

-34.5288 26.5039
-34.5415 26.5601

-34.5415 26.5601
-34.5542 26.6162

-34.5562 26.6249
-34.5669 26.6724

-34.5669 26.6724
-34.5797 26.7285

-34.5562 26.625
-34.5542 26.6162

-34.6123 26.8698
-34.6317 26.9531

-34.5797 26.7285
-34.5926 26.7847

-34.5926 26.7847
-34.6056 26.8408

-34.6123 26.8698
-34.6056 26.8408

-34.7246 27.3448
-34.7385 27.4023

-34.6317 26.9531
-34.6448 27.0093

-34.6448 27.0093
-34.658 27.0654

-34.6685 27.1096
-34.6713 27.1216

-34.6713 27.1216
-34.6846 27.1777

-34.6685 27.1096
-34.658 27.0654

-34.6846 27.1777
-34.698 27.2339

-34.698 27.2339
-34.7114 27.29

-34.7246 27.3448
-34.7114 27.29

-34.7385 27.4023
-34.7521 27.4585

-34.7521 27.4585
-34.7657 27.5146

-34.7808 27.5764
-34.7931 27.627

-34.7657 27.5146
-34.7794 27.5708

-34.7808 27.5764
-34.7794 27.5708

-34.8369 27.8056
-34.8482 27.8516

-34.7931 27.627
-34.8068 27.6831

-34.8068 27.6831
-34.8206 27.7393

-34.8206 27.7393
-34.8344 27.7954

-34.8369 27.8056
-34.8344 27.7954

-34.9492 28.258
-34.96 28.3008

-34.96 28.3008
-34.9742 28.3569

-34.9742 28.3569
-34.9885 28.4131

-35.0054 28.479
-35.0173 28.5254

-34.9885 28.4131
-35.0029 28.4692

-35.0054 28.479
-35.0029 28.4692

-35.0615 28.695
-35.076 28.75

-35.0173 28.5254
-35.0319 28.5815

-35.0319 28.5815
-35.0465 28.6377

-35.0465 28.6377
-35.0612 28.6938

-35.0615 28.6951
-35.0612 28.6938

-34.8482 27.8516
-34.8621 27.9077

-34.8621 27.9077
-34.8759 27.9639

-34.8931 28.0331
-34.9038 28.0762

-34.8759 27.9639
-34.8898 28.02

-34.8931 28.0331
-34.8898 28.02

-34.9038 28.0762
-34.9177 28.1323

-34.9177 28.1323
-34.9318 28.1885

-34.9318 28.1885
-34.9458 28.2446

-34.9492 28.258
-34.9458 28.2446

-35.3984 29.9335
-35.4128 29.9854

-35.4128 29.9854
-35.4284 30.0415

-35.4284 30.0415
-35.444 30.0977

-35.4546 30.1357
-35.4596 30.1538

-35.4596 30.1538
-35.4752 30.21

-35.4546 30.1357
-35.444 30.0977

-35.4752 30.21
-35.4909 30.2661

-35.4909 30.2661
-35.5066 30.3223

-35.5107 30.337
-35.5223 30.3784

-35.5223 30.3784
-35.5381 30.4346

-35.5669 30.5366
-35.5698 30.5469

-35.5381 30.4346
-35.5539 30.4907

-35.5669 30.5366
-35.5539 30.4907

-35.5107 30.3371
-35.5066 30.3223

-35.1738 29.1154
-35.1966 29.1992

-35.076 28.75
-35.0908 28.8062

-35.0908 28.8062
-35.1058 28.8623

-35.1177 28.9069
-35.1208 28.9185

-35.1208 28.9185
-35.1358 28.9746

-35.1177 28.9069
-35.1058 28.8623

-35.1358 28.9746
-35.1509 29.0308

-35.1509 29.0308
-35.1661 29.0869

-35.1738 29.1154
-35.1661 29.0869

-35.1966 29.1992
-35.2119 29.2554

-35.2119 29.2554
-35.2272 29.3115

-35.23 29.3217
-35.2425 29.3677

-35.2425 29.3677
-35.2579 29.4238

-35.23 29.3218
-35.2272 29.3115

-35.2861 29.5267
-35.2887 29.5361

-35.2887 29.5361
-35.3042 29.5923

-35.3042 29.5923
-35.3196 29.6484

-35.2579 29.4238
-35.2733 29.48

-35.2861 29.5267
-35.2733 29.48

-35.3423 29.7305
-35.3506 29.7607

-35.3196 29.6484
-35.3351 29.7046

-35.3423 29.7305
-35.3351 29.7046

-35.3506 29.7607
-35.3662 29.8169

-35.3662 29.8169
-35.3817 29.873

-35.3817 29.873
-35.3972 29.9292

-35.3984 29.9335
-35.3972 29.9292

-35.623 30.7338
-35.6338 30.7715

-35.6339 30.7715
-35.65 30.8276

-35.65 30.8276
-35.6663 30.8838

-35.6792 30.9284
-35.6825 30.9399

-35.6825 30.9399
-35.6989 30.9961

-35.6792 30.9284
-35.6663 30.8838

-35.5698 30.5469
-35.5857 30.603

-35.5857 30.603
-35.6017 30.6592

-35.6017 30.6592
-35.6177 30.7153

-35.623 30.7338
-35.6177 30.7153

-35.7354 31.1205
-35.7484 31.1646

-35.7484 31.1646
-35.765 31.2207

-35.6989 30.9961
-35.7153 31.0522

-35.7153 31.0522
-35.7318 31.1084

-35.7354 31.1205
-35.7318 31.1084

-35.7915 31.3098
-35.7985 31.333

-35.765 31.2207
-35.7817 31.2769

-35.7915 31.3098
-35.7817 31.2769

-35.7984 31.333
-35.8153 31.3892

-35.8153 31.3892
-35.8322 31.4453

-35.8477 31.4961
-35.8664 31.5576

-35.8664 31.5576
-35.8836 31.6138

-35.8836 31.6138
-35.9009 31.6699

-35.96 31.8601
-35.9707 31.8945

-35.9038 31.6795
-35.9182 31.7261

-35.9182 31.7261
-35.9357 31.7822

-35.9038 31.6795
-35.9009 31.6699

-35.9357 31.7822
-35.9532 31.8384

-35.96 31.8601
-35.9532 31.8384

-36.0723 32.2166
-36.077 32.2314

-36.077 32.2314
-36.0948 32.2876

-36.0948 32.2876
-36.1126 32.3438

-35.9707 31.8945
-35.9884 31.9507

-35.9884 31.9507
-36.006 32.0068

-36.0161 32.0388
-36.0237 32.063

-36.0237 32.063
-36.0414 32.1191

-36.0161 32.0388
-36.006 32.0068

-36.0414 32.1191
-36.0592 32.1753

-36.0723 32.2166
-36.0592 32.1753

-35.8477 31.4961
-35.8322 31.4453

-36.2969 32.9166
-36.3115 32.9614

-36.3115 32.9614
-36.3299 33.0176

-36.353 33.0881
-36.3667 33.1299

-36.3299 33.0176
-36.3483 33.0737

-36.353 33.0881
-36.3483 33.0737

-36.3667 33.1299
-36.3852 33.186

-36.3852 33.186
-36.4037 33.2422

-36.5215 33.5979
-36.534 33.6353

-36.534 33.6353
-36.5527 33.6914

-36.4092 33.2589
-36.4222 33.2983

-36.4222 33.2983
-36.4407 33.3545

-36.4653 33.4289
-36.4779 33.4668

-36.4407 33.3545
-36.4593 33.4106

-36.4653 33.4289
-36.4593 33.4106

-36.4092 33.2589
-36.4037 33.2422

-36.4779 33.4668
-36.4965 33.5229

-36.4965 33.5229
-36.5152 33.5791

-36.5215 33.5979
-36.5152 33.5791

-36.5776 33.7655
-36.5905 33.8037

-36.5527 33.6914
-36.5716 33.7476

-36.5776 33.7655
-36.5716 33.7476

-36.5905 33.8037
-36.6095 33.8599

-36.6095 33.8599
-36.6285 33.916

-36.6338 33.9316
-36.6476 33.9722

-36.6476 33.9722
-36.6667 34.0283

-36.6899 34.0961
-36.7052 34.1406

-36.6667 34.0283
-36.6859 34.0845

-36.6899 34.0961
-36.6859 34.0845

-36.6338 33.9316
-36.6285 33.916

-37.1953 35.5398
-37.2169 35.6006

-37.2515 35.6977
-37.2569 35.7129

-37.2169 35.6006
-37.2369 35.6567

-37.2515 35.6977
-37.2369 35.6567

-37.3076 35.8543
-37.3376 35.9375

-37.2569 35.7129
-37.277 35.769

-37.277 35.769
-37.2971 35.8252

-37.3076 35.8543
-37.2971 35.8252

-36.7461 34.259
-36.7634 34.3091

-36.7634 34.3091
-36.783 34.3652

-36.8584 34.5809
-36.8615 34.5898

-36.8022 34.4205
-36.8025 34.4214

-36.8025 34.4214
-36.8222 34.4775

-36.8022 34.4205
-36.783 34.3652

-36.8222 34.4775
-36.8418 34.5337

-36.8584 34.5809
-36.8418 34.5337

-36.9707 34.9007
-36.9798 34.9268

-36.9798 34.9268
-36.9995 34.9829

-36.9995 34.9829
-37.0192 35.0391

-36.8615 34.5898
-36.8812 34.646

-36.8812 34.646
-36.901 34.7021

-36.9146 34.7408
-36.9207 34.7583

-36.9207 34.7583
-36.9404 34.8145

-36.9146 34.7408
-36.901 34.7021

-36.9404 34.8145
-36.9601 34.8706

-36.9707 34.9008
-36.9601 34.8706

-36.7052 34.1406
-36.7246 34.1968

-36.7246 34.1968
-36.744 34.2529

-36.7461 34.2591
-36.744 34.2529

-37.083 35.221
-37.098 35.2637

-37.0269 35.0609
-37.0389 35.0952

-37.0389 35.0952
-37.0586 35.1514

-37.0269 35.0609
-37.0192 35.0391

-37.0586 35.1514
-37.0783 35.2075

-37.083 35.2211
-37.0783 35.2075

-37.098 35.2637
-37.1177 35.3198

-37.1177 35.3198
-37.1375 35.376

-37.1392 35.3808
-37.1572 35.4321

-37.1572 35.4321
-37.1771 35.4883

-37.1392 35.3808
-37.1374 35.376

-37.1953 35.5398
-37.1771 35.4883

-36.1284 32.3937
-36.1304 32.3999

-36.1304 32.3999
-36.1482 32.4561

-36.1284 32.3937
-36.1126 32.3438

-36.1482 32.4561
-36.1662 32.5122

-36.1662 32.5122
-36.1841 32.5684

-36.1846 32.5698
-36.2021 32.6245

-36.2021 32.6245
-36.2202 32.6807

-36.2407 32.7441
-36.2566 32.793

-36.2202 32.6807
-36.2384 32.7368

-36.2407 32.7441
-36.2384 32.7368

-36.1846 32.5698
-36.1841 32.5684

-36.2566 32.793
-36.2748 32.8491

-36.2748 32.8491
-36.2932 32.9053

-36.2969 32.9167
-36.2932 32.9053

-38.0938 37.9653
-38.1128 38.0151

-38.1128 38.0151
-38.1343 38.0713

-38.1499 38.1121
-38.1558 38.1274

-38.1558 38.1274
-38.1773 38.1836

-38.1499 38.1121
-38.1343 38.0713

-38.3184 38.5493
-38.3289 38.5767

-38.3289 38.5767
-38.3507 38.6328

-38.2061 38.2583
-38.2205 38.2959

-38.2622 38.404
-38.2638 38.4082

-38.2205 38.2959
-38.2422 38.3521

-38.2622 38.404
-38.2422 38.3521

-38.1773 38.1836
-38.1989 38.2397

-38.2061 38.2583
-38.1989 38.2397

-38.2638 38.4082
-38.2855 38.4644

-38.2855 38.4644
-38.3072 38.5205

-38.3184 38.5494
-38.3072 38.5205

-38.543 39.1253
-38.5703 39.1943

-38.5991 39.2667
-38.615 39.3066

-38.5703 39.1943
-38.5926 39.2505

-38.5991 39.2668
-38.5926 39.2505

-38.6553 39.4074
-38.6599 39.4189

-38.6599 39.4189
-38.6824 39.4751

-38.6824 39.4751
-38.7049 39.5312

-38.615 39.3066
-38.6374 39.3628

-38.6553 39.4074
-38.6374 39.3628

-38.4307 38.8389
-38.4379 38.8574

-38.3745 38.6944
-38.3942 38.7451

-38.3507 38.6328
-38.3724 38.689

-38.3745 38.6944
-38.3724 38.689

-38.3942 38.7451
-38.416 38.8013

-38.4307 38.839
-38.416 38.8013

-38.4379 38.8574
-38.4598 38.9136

-38.4598 38.9136
-38.4817 38.9697

-38.4868 38.9827
-38.5038 39.0259

-38.5038 39.0259
-38.5259 39.082

-38.4868 38.9827
-38.4817 38.9697

-38.543 39.1253
-38.5259 39.082

-39.8906 42.4454
-40.1745 43.125

-38.9922 40.2513
-39.0629 40.4297

-39.0597 40.4297
-39.4236 41.3281

-38.7676 39.6878
-38.7948 39.7559

-38.7948 39.7559
-38.8844 39.9805

-38.7114 39.5476
-38.7274 39.5874

-38.7274 39.5874
-38.7499 39.6436

-38.7114 39.5476
-38.7049 39.5312

-38.7676 39.6879
-38.7499 39.6436

-38.9922 40.2523
-38.8844 39.9805

-39.8906 42.4477
-39.4231 41.3281

-37.6445 36.7721
-37.6682 36.8359

-37.4199 36.1638
-37.4399 36.2183

-37.4399 36.2183
-37.4605 36.2744

-37.4761 36.3169
-37.4811 36.3306

-37.4811 36.3306
-37.5018 36.3867

-37.4761 36.3169
-37.4605 36.2744

-37.3638 36.0096
-37.3784 36.0498

-37.3376 35.9375
-37.358 35.9937

-37.3638 36.0096
-37.358 35.9937

-37.3784 36.0498
-37.3988 36.106

-37.3988 36.106
-37.4193 36.1621

-37.4199 36.1638
-37.4193 36.1621

-37.5322 36.4692
-37.5432 36.499

-37.5432 36.499
-37.564 36.5552

-37.564 36.5552
-37.5848 36.6113

-37.5018 36.3867
-37.5225 36.4429

-37.5322 36.4692
-37.5225 36.4429

-37.5884 36.6209
-37.6057 36.6675

-37.6057 36.6675
-37.6265 36.7236

-37.5884 36.6209
-37.5848 36.6113

-37.6445 36.7721
-37.6265 36.7236

-37.7007 36.9232
-37.71 36.9482

-37.6682 36.8359
-37.6891 36.8921

-37.7007 36.9232
-37.6891 36.8921

-37.71 36.9482
-37.7309 37.0044

-37.7309 37.0044
-37.7518 37.0605

-37.7568 37.0739
-37.7728 37.1167

-37.7728 37.1167
-37.7938 37.1729

-37.813 37.2241
-37.8148 37.229

-37.8148 37.229
-37.8359 37.2852

-37.813 37.2241
-37.7938 37.1729

-37.7568 37.0739
-37.7518 37.0605

-37.8691 37.3735
-37.8781 37.3975

-37.8782 37.3975
-37.8994 37.4536

-37.8994 37.4536
-37.9206 37.5098

-37.9814 37.6701
-38.0059 37.7344

-37.9253 37.5221
-37.9419 37.5659

-37.9419 37.5659
-37.9632 37.6221

-37.9253 37.5221
-37.9206 37.5098

-37.9814 37.6701
-37.9632 37.6221

-37.8359 37.2852
-37.857 37.3413

-37.8691 37.3736
-37.857 37.3413

-38.0376 37.8178
-38.0486 37.8467

-38.0059 37.7344
-38.0272 37.7905

-38.0376 37.8178
-38.0272 37.7905

-38.0486 37.8467
-38.07 37.9028

-38.07 37.9028
-38.0914 37.959

-38.0938 37.9653
-38.0914 37.959

-41.6875 46.5921
-41.7432 46.7188

-41.7419 46.7188
-42.5474 48.5156

-42.5491 48.5156
-43.3695 50.3125

-45.2812 54.4815
-45.8355 55.7031

-45.8321 55.7031
-46.6444 57.5

-43.4844 50.5552
-44.1973 52.1094

-44.1969 52.1094
-45.0187 53.9062

-43.4844 50.5502
-43.3753 50.3125

-45.2812 54.4734
-45.0239 53.9062

-40.1764 43.125
-40.9512 44.9219

-41.6875 46.5915
-40.953 44.9219

-63.25 90.7935
-63.6946 91.6406

-63.6847 91.6406
-64.5987 93.4375

-66.8438 97.6142
-67.4809 98.8281

-67.4567 98.8281
-68.3696 100.625

-65.0469 94.316
-65.5287 95.2344

-65.5373 95.2344
-66.5167 97.0312

-65.0469 94.3142
-64.5869 93.4375

-66.8438 97.5691
-66.5615 97.0312

-70.4375 104.346
-71.2934 106.016

-71.2465 106.016
-72.1686 107.812

-74.0312 111.014
-74.2488 111.406

-75.8281 114.624
-76.0296 115

-74.2272 111.406
-75.1179 113.203

-75.8281 114.638
-75.059 113.203

-72.2344 107.929
-73.1942 109.609

-74.0312 110.99
-73.2653 109.609

-72.2344 107.972
-72.143 107.812

-68.6406 101.148
-69.3325 102.422

-69.3676 102.422
-70.3638 104.219

-68.6406 101.159
-68.3505 100.625

-70.4375 104.267
-70.4128 104.219

-48.875 62.4136
-49.0942 62.8906

-49.0924 62.8906
-49.9296 64.6875

-52.4688 69.9246
-52.5453 70.0781

-52.5466 70.0781
-53.4579 71.875

-50.6719 66.2528
-50.7814 66.4844

-50.7763 66.4844
-51.6469 68.2812

-50.6719 66.2503
-49.9323 64.6875

-52.4688 69.9226
-51.6509 68.2812

-56.0625 76.8979
-56.2538 77.2656

-56.2537 77.2656
-57.1755 79.0625

-59.6562 83.8782
-59.9542 84.4531

-59.9516 84.4531
-60.8667 86.25

-57.8594 80.4093
-58.0888 80.8594

-58.0814 80.8594
-59.0118 82.6562

-57.8594 80.4043
-57.1754 79.0625

-59.6562 83.8644
-59.0301 82.6562

-54.2656 73.4476
-54.3806 73.6719

-54.3776 73.6719
-55.3116 75.4688

-54.2656 73.4451
-53.4607 71.875

-56.0625 76.8908
-55.3226 75.4688

-47.0781 58.4554
-47.4578 59.2969

-47.4525 59.2969
-48.2672 61.0938

-47.0781 58.4506
-46.6492 57.5

-48.875 62.4089
-48.2708 61.0938

-61.4531 87.404
-61.7834 88.0469

-61.7791 88.0469
-62.7323 89.8438

-61.4531 87.399
-60.8627 86.25

-63.25 90.7686
-62.7647 89.8438

-34.5 1.0625
-34.464 1.06689

-34.4661 1.06689
-34.4438 1.06961

-34.4438 1.06953
-34.3877 1.07635

-34.3877 1.07641
-34.3315 1.08289

-34.3315 1.08296
-34.2754 1.08883

-34.2754 1.08887
-34.2192 1.0939

-34.2192 1.09392
-34.1631 1.098

-34.1631 1.098
-34.1069 1.1011

-34.1069 1.10108
-34.0508 1.10326

-34.0508 1.10325
-33.9946 1.10459

-33.9946 1.10458
-33.9385 1.10515

-33.9385 1.10511
-33.8823 1.10499

-33.8823 1.10493
-33.8262 1.10428

-33.8262 1.10419
-33.77 1.10332

-33.77 1.10323
-33.7139 1.10251

-33.7139 1.10241
-33.6577 1.10219

-33.6577 1.10214
-33.6016 1.10273

-33.6016 1.10269
-33.5454 1.10428

-33.5454 1.10427
-33.4893 1.10698

-33.4893 1.10697
-33.4331 1.11085

-33.4331 1.11089
-33.377 1.11589

-33.377 1.11602
-33.3208 1.1218

-33.3208 1.12204
-33.3108 1.12305

-33.313 1.12305
-33.2646 1.12771

-33.2646 1.12758
-33.1523 1.13802

-33.1523 1.13785
-33.0962 1.1428

-33.0962 1.14281
-33.04 1.14779

-33.04 1.14779
-32.9839 1.15276

-32.9839 1.15278
-32.9277 1.15775

-32.9277 1.15775
-32.8716 1.16267

-32.8716 1.16269
-32.8154 1.1675

-32.8154 1.1675
-32.7593 1.1722

-32.7593 1.17214
-32.7031 1.17688

-32.7031 1.1768
-32.6754 1.1792

-32.6776 1.1792
-32.647 1.18185

-32.647 1.18176
-32.5908 1.18671

-32.5908 1.18671
-32.5347 1.19176

-32.5347 1.19176
-32.4785 1.19689

-32.4785 1.19692
-32.4224 1.20208

-32.4224 1.20206
-32.3662 1.20723

-32.3662 1.20716
-32.3101 1.21254

-32.3101 1.21241
-32.2539 1.21838

-32.2539 1.21827
-32.1978 1.2253

-32.1978 1.22531
-32.1416 1.23362

-32.1416 1.23376
-32.1318 1.23535

-32.1322 1.23535
-32.0293 1.25223

-32.0293 1.25233
-31.9731 1.26234

-31.9731 1.26237
-31.917 1.27292

-31.917 1.27285
-31.8608 1.28403

-31.8608 1.28392
-31.8248 1.2915

-31.8269 1.2915
-31.8047 1.29619

-31.8047 1.29608
-31.7485 1.30812

-31.7485 1.30825
-31.6924 1.3199

-31.6924 1.32001
-31.6362 1.33079

-31.6362 1.33068
-31.5801 1.34059

-31.5801 1.34048
-31.5368 1.34766

-31.5396 1.34766
-31.4678 1.3585

-31.4678 1.35779
-31.4116 1.36452

-31.4116 1.36458
-31.3555 1.37084

-31.3555 1.37076
-31.2993 1.37659

-31.2993 1.37651
-31.2432 1.38222

-31.2432 1.38218
-31.187 1.38802

-31.187 1.38793
-31.1309 1.39415

-31.1309 1.39402
-31.0747 1.40105

-31.0747 1.40099
-31.0554 1.40381

-31.0554 1.40381
-31.0186 1.40919

-31.0186 1.40915
-30.9624 1.4187

-30.9624 1.41861
-30.9062 1.42977

-32.8154 6.70998
-32.8325 6.73828

-32.7593 6.6175
-32.7648 6.62598

-32.7031 6.53376
-32.728 6.56982

-32.7593 6.6174
-32.7282 6.56982

-32.7646 6.62598
-32.7992 6.68213

-32.8154 6.70962
-32.7993 6.68213

-32.9277 6.91972
-32.9494 6.96289

-33.04 7.15782
-33.0538 7.1875

-32.9839 7.03623
-33.0021 7.0752

-32.949 6.96289
-32.9758 7.01904

-32.9839 7.03618
-32.9759 7.01904

-33.002 7.0752
-33.0279 7.13135

-33.04 7.15773
-33.0279 7.13135

-32.8716 6.80967
-32.8933 6.85059

-32.8321 6.73828
-32.8634 6.79443

-32.8716 6.80962
-32.8635 6.79443

-32.8931 6.85059
-32.9216 6.90674

-32.9277 6.91928
-32.9216 6.90674

-31.5239 5.35863
-31.5652 5.39062

-31.4678 5.31657
-31.4915 5.33447

-31.5239 5.35875
-31.4917 5.33447

-31.4116 5.27487
-31.4163 5.27832

-31.4116 5.27479
-31.3555 5.2339

-31.4678 5.31676
-31.416 5.27832

-30.9624 4.9375
-30.9671 4.94141

-30.9624 4.93794
-30.9062 4.88767

-31.2432 5.15315
-31.2609 5.16602

-31.2432 5.15326
-31.187 5.11255

-31.1309 5.07153
-31.1829 5.10986

-31.187 5.11252
-31.1834 5.10986

-31.2993 5.19397
-31.3385 5.22217

-31.3555 5.23426
-31.3386 5.22217

-31.2993 5.19398
-31.2607 5.16602

-31.0747 5.02875
-31.1075 5.05371

-31.0186 4.98451
-31.035 4.99756

-31.0747 5.02884
-31.0352 4.99756

-31.1309 5.07161
-31.1074 5.05371

-31.0186 4.98464
-30.9668 4.94141

-32.4785 6.2482
-32.5146 6.28906

-32.2539 6.00777
-32.2544 6.0083

-32.2543 6.0083
-32.3092 6.06445

-32.3662 6.12421
-32.415 6.17676

-32.4224 6.18519
-32.4653 6.23291

-32.4785 6.24802
-32.4654 6.23291

-32.4224 6.18488
-32.4151 6.17676

-32.3101 6.0655
-32.3626 6.12061

-32.3662 6.1244
-32.3627 6.12061

-32.3101 6.0653
-32.3093 6.06445

-32.0293 5.79042
-32.0818 5.83984

-31.8047 5.58775
-31.8358 5.61523

-31.917 5.6871
-31.9611 5.72754

-31.9731 5.73882
-32.0216 5.78369

-32.0293 5.79081
-32.0216 5.78369

-31.9731 5.73898
-31.9606 5.72754

-31.8608 5.63757
-31.8987 5.67139

-31.917 5.68771
-31.8987 5.67139

-31.8608 5.63762
-31.8353 5.61523

-32.1978 5.95145
-32.1984 5.95215

-32.1978 5.95146
-32.1416 5.89672

-32.2539 6.00812
-32.198 5.95215

-32.2539 6.00841
-32.2538 6.0083

-32.1978 5.95225
-32.1977 5.95215

-32.0854 5.84373
-32.1402 5.896

-32.1416 5.89728
-32.1403 5.896

-32.0854 5.84382
-32.0812 5.83984

-32.5908 6.38258
-32.6061 6.40137

-32.647 6.45535
-32.6486 6.45752

-32.6488 6.45752
-32.6895 6.51367

-32.647 6.45534
-32.6058 6.40137

-32.5347 6.31384
-32.5608 6.34521

-32.5908 6.38247
-32.5611 6.34521

-32.5347 6.31342
-32.5144 6.28906

-32.7031 6.53364
-32.6894 6.51367

-31.6924 5.49245
-31.7048 5.50293

-31.7485 5.54008
-31.7707 5.55908

-31.8047 5.58822
-31.7707 5.55908

-31.7485 5.54018
-31.7041 5.50293

-31.6924 5.49287
-31.6362 5.44702

-31.5801 5.40246
-31.6357 5.44678

-31.6362 5.44722
-31.6357 5.44678

-31.5801 5.40267
-31.5646 5.39062

-30.9062 1.42966
-30.8501 1.44287

-30.8501 1.4427
-30.7939 1.45852

-30.7939 1.45865
-30.79 1.45996

-30.7898 1.45996
-30.7378 1.47722

-30.7378 1.47702
-30.6816 1.49868

-30.6816 1.49889
-30.642 1.51611

-30.6431 1.51611
-30.6255 1.52375

-30.6255 1.52358
-30.5693 1.54976

-30.5693 1.54948
-30.5235 1.57227

-30.5249 1.57227
-30.457 1.60683

-30.457 1.60759
-30.4187 1.62842

-30.4193 1.62842
-30.4009 1.63844

-30.4009 1.63823
-30.3447 1.66889

-30.3447 1.66867
-30.3157 1.68457

-30.3166 1.68457
-30.2886 1.69989

-30.2886 1.69972
-30.2324 1.73025

-30.2324 1.73003
-30.2124 1.74072

-30.2134 1.74072
-30.1763 1.7605

-30.1763 1.76021
-30.1201 1.78945

-30.1201 1.78932
-30.105 1.79688

-30.1062 1.79688
-30.064 1.81804

-30.064 1.81768
-30.0078 1.84449

-30.0078 3.53723
-30.0411 3.59375

-30.0078 1.84415
-29.9884 1.85303

-29.9899 1.85303
-29.9517 1.87048

-29.9517 1.87013
-29.8955 1.89458

-29.8955 1.89446
-29.8605 1.90918

-29.8612 1.90918
-29.7832 1.94104

-29.7832 1.94023
-29.7271 1.96165

-29.7271 1.96161
-29.7172 1.96533

-29.7179 1.96533
-29.6709 1.98304

-29.6709 1.98282
-29.6147 2.00373

-29.6147 2.00365
-29.5674 2.02148

-29.5675 2.02148
-29.5586 2.02484

-29.5586 2.02475
-29.5024 2.04651

-29.5024 2.04604
-29.4463 2.06946

-29.4463 2.06974
-29.43 2.07764

-29.4274 2.07764
-29.3901 2.09568

-29.3901 2.09604
-29.334 2.12814

-29.334 2.12978
-29.3284 2.13379

-29.323 2.13379
-29.2778 2.16632

-29.2778 2.16851
-29.2518 2.18994

-29.2487 2.18994
-29.2217 2.2231

-29.2217 2.22356
-29.2033 2.24609

-29.3901 2.67671
-29.4066 2.69531

-29.334 2.6129
-29.3562 2.63916

-29.3901 2.67691
-29.3568 2.63916

-29.2217 2.45436
-29.2273 2.4707

-29.2046 2.24609
-29.1844 2.30225

-29.186 2.30225
-29.1851 2.3584

-29.1854 2.3584
-29.2 2.41455

-29.2217 2.45689
-29.2012 2.41455

-29.2778 2.54347
-29.3078 2.58301

-29.2291 2.4707
-29.265 2.52686

-29.2778 2.54385
-29.2649 2.52686

-29.334 2.61318
-29.3084 2.58301

-29.5586 2.86763
-29.6027 2.91992

-29.6709 3.00838
-29.6893 3.03223

-29.7271 3.08569
-29.729 3.08838

-29.7292 3.08838
-29.7677 3.14453

-29.7271 3.08553
-29.6888 3.03223

-29.6147 2.93605
-29.6464 2.97607

-29.6709 3.00816
-29.6467 2.97607

-29.6147 2.93556
-29.6024 2.91992

-29.8955 3.34752
-29.9088 3.36914

-29.8394 3.25573
-29.8401 3.25684

-29.7832 3.16855
-29.8044 3.20068

-29.8394 3.25526
-29.8046 3.20068

-29.8401 3.25684
-29.8747 3.31299

-29.8955 3.3474
-29.8747 3.31299

-29.9517 3.44177
-29.9751 3.48145

-29.9085 3.36914
-29.9419 3.42529

-29.9517 3.4417
-29.942 3.42529

-30.0078 3.53735
-29.9749 3.48145

-30.0078 3.53773
-30.0077 3.5376

-29.7832 3.16846
-29.7674 3.14453

-29.5024 2.80288
-29.5066 2.80762

-29.4463 2.73991
-29.4566 2.75146

-29.5024 2.80279
-29.4571 2.75146

-29.5065 2.80762
-29.5551 2.86377

-29.5586 2.86762
-29.5554 2.86377

-29.4463 2.73994
-29.4065 2.69531

-30.5693 4.48586
-30.5734 4.49219

-30.457 4.306
-30.4676 4.32373

-30.4675 4.32373
-30.5017 4.37988

-30.5132 4.39806
-30.5371 4.43604

-30.5693 4.48558
-30.5368 4.43604

-30.5132 4.39857
-30.5014 4.37988

-30.2324 3.91757
-30.2401 3.93066

-30.2886 4.01443
-30.305 4.04297

-30.24 3.93066
-30.2726 3.98682

-30.2886 4.01444
-30.2727 3.98682

-30.1201 3.72715
-30.1409 3.76221

-30.141 3.76221
-30.1742 3.81836

-30.064 3.63249
-30.0742 3.6499

-30.0742 3.6499
-30.1076 3.70605

-30.064 3.63256
-30.041 3.59375

-30.1201 3.72724
-30.1075 3.70605

-30.1763 3.82191
-30.2072 3.87451

-30.2324 3.91759
-30.2072 3.87451

-30.1763 3.82193
-30.1742 3.81836

-30.3447 4.11245
-30.3693 4.15527

-30.4009 4.21043
-30.4014 4.21143

-30.4015 4.21143
-30.4342 4.26758

-30.4009 4.21029
-30.3692 4.15527

-30.4009 4.21153
-30.4008 4.21143

-30.3049 4.04297
-30.3371 4.09912

-30.3447 4.11254
-30.337 4.09912

-30.457 4.30606
-30.4342 4.26758

-30.7378 4.71143
-30.7422 4.7168

-30.6816 4.64165
-30.6963 4.66064

-30.7378 4.7113
-30.696 4.66064

-30.7939 4.77497
-30.8457 4.8291

-30.8501 4.83354
-30.9036 4.88525

-30.9062 4.88662
-30.9048 4.88525

-30.8501 4.83298
-30.8461 4.8291

-30.7423 4.7168
-30.7921 4.77295

-30.7939 4.77504
-30.7919 4.77295

-30.6255 4.56662
-30.653 4.60449

-30.5737 4.49219
-30.6123 4.54834

-30.6255 4.56665
-30.6122 4.54834

-30.6816 4.64162
-30.653 4.60449

-33.6016 8.49365
-33.6142 8.53516

-33.614 8.53516
-33.6301 8.59131

-33.6301 8.59131
-33.6456 8.64746

-33.6577 8.69269
-33.6606 8.70361

-33.6607 8.70361
-33.6753 8.75977

-33.6577 8.69267
-33.6456 8.64746

-33.7139 8.91498
-33.7306 8.98438

-33.6753 8.75977
-33.6895 8.81592

-33.6895 8.81592
-33.7035 8.87207

-33.7139 8.91481
-33.7035 8.87207

-33.1523 7.39987
-33.1581 7.41211

-33.2085 7.51925
-33.2109 7.52441

-33.1581 7.41211
-33.1846 7.46826

-33.2085 7.51918
-33.1846 7.46826

-33.211 7.52441
-33.2373 7.58057

-33.2373 7.58057
-33.2635 7.63672

-33.377 7.88752
-33.39 7.91748

-33.3901 7.91748
-33.414 7.97363

-33.4331 8.01977
-33.4373 8.02979

-33.4374 8.02979
-33.4601 8.08594

-33.4331 8.0195
-33.414 7.97363

-33.2646 7.63926
-33.2895 7.69287

-33.2895 7.69287
-33.3152 7.74902

-33.3208 7.76156
-33.3405 7.80518

-33.3405 7.80518
-33.3655 7.86133

-33.3208 7.76143
-33.3152 7.74902

-33.2646 7.63919
-33.2635 7.63672

-33.377 7.88759
-33.3655 7.86133

-33.0962 7.27951
-33.1056 7.2998

-33.0537 7.1875
-33.0796 7.24365

-33.0962 7.27944
-33.0796 7.24365

-33.1056 7.2998
-33.1318 7.35596

-33.1523 7.39984
-33.1318 7.35596

-33.4893 8.1614
-33.5034 8.19824

-33.5033 8.19824
-33.5237 8.25439

-33.5237 8.25439
-33.5432 8.31055

-33.4601 8.08594
-33.4821 8.14209

-33.4893 8.16111
-33.4821 8.14209

-33.5454 8.31718
-33.562 8.3667

-33.562 8.3667
-33.5801 8.42285

-33.5454 8.317
-33.5432 8.31055

-33.58 8.42285
-33.5974 8.479

-33.6016 8.49324
-33.5973 8.479

-33.8262 9.40641
-33.8321 9.43359

-33.7305 8.98438
-33.7437 9.04053

-33.7438 9.04053
-33.7568 9.09668

-33.77 9.15456
-33.7824 9.20898

-33.7568 9.09668
-33.7696 9.15283

-33.77 9.15451
-33.7696 9.15283

-33.7824 9.20898
-33.795 9.26514

-33.795 9.26514
-33.8075 9.32129

-33.8075 9.32129
-33.8199 9.37744

-33.8262 9.40629
-33.8199 9.37744

-33.8322 9.43359
-33.8444 9.48975

-33.8444 9.48975
-33.8565 9.5459

-33.8565 9.5459
-33.8685 9.60205

-33.8685 9.60205
-33.8804 9.6582

-33.8823 9.66747
-33.8922 9.71436

-33.8922 9.71436
-33.904 9.77051

-33.8823 9.66741
-33.8804 9.6582

-33.9039 9.77051
-33.9156 9.82666

-33.9156 9.82666
-33.9272 9.88281

-34.0508 10.5147
-34.0585 10.5566

-34.0585 10.5566
-34.0686 10.6128

-34.0686 10.6128
-34.0785 10.6689

-34.0785 10.6689
-34.0882 10.7251

-34.0882 10.7251
-34.0978 10.7812

-33.9385 9.93802
-33.9501 9.99512

-33.9501 9.99512
-33.9614 10.0513

-33.9614 10.0513
-33.9727 10.1074

-33.9385 9.93792
-33.9272 9.88281

-33.9946 10.2188
-33.9948 10.2197

-33.9727 10.1074
-33.9838 10.1636

-33.9946 10.2188
-33.9838 10.1636

-33.9948 10.2197
-34.0057 10.2759

-34.0057 10.2759
-34.0166 10.332

-34.0166 10.332
-34.0272 10.3882

-34.0272 10.3882
-34.0378 10.4443

-34.0378 10.4443
-34.0482 10.5005

-34.0508 10.5146
-34.0482 10.5005

-34.1069 10.8356
-34.1072 10.8374

-34.1072 10.8374
-34.1165 10.8936

-34.1069 10.8356
-34.0978 10.7812

-34.1165 10.8936
-34.1256 10.9497

-34.1256 10.9497
-34.1345 11.0059

-34.1631 11.1892
-34.1695 11.2305

-34.1345 11.0059
-34.1434 11.062

-34.1434 11.062
-34.1521 11.1182

-34.1521 11.1182
-34.1608 11.1743

-34.1631 11.189
-34.1608 11.1743

-34.1695 11.2305
-34.1782 11.2866

-34.1782 11.2866
-34.1868 11.3428

-34.1868 11.3428
-34.1955 11.3989

-34.1955 11.3989
-34.2043 11.4551

-34.2192 11.5498
-34.222 11.5674

-34.2043 11.4551
-34.2131 11.5112

-34.2192 11.5497
-34.2131 11.5112

-34.222 11.5674
-34.2311 11.6235

-34.2311 11.6235
-34.2402 11.6797

-34.2754 11.8899
-34.2778 11.9043

-34.2779 11.9043
-34.2875 11.9604

-34.2875 11.9604
-34.297 12.0166

-34.2971 12.0166
-34.3066 12.0728

-34.3066 12.0728
-34.3162 12.1289

-34.2402 11.6797
-34.2495 11.7358

-34.2495 11.7358
-34.2589 11.792

-34.2589 11.792
-34.2683 11.8481

-34.2754 11.8898
-34.2683 11.8481

-34.3315 12.2198
-34.3351 12.2412

-34.3162 12.1289
-34.3257 12.1851

-34.3315 12.2197
-34.3257 12.1851

-34.3351 12.2412
-34.3445 12.2974

-34.3445 12.2974
-34.3536 12.3535

-34.3877 12.5706
-34.3889 12.5781

-34.3536 12.3535
-34.3627 12.4097

-34.3627 12.4097
-34.3716 12.4658

-34.3716 12.4658
-34.3803 12.522

-34.3877 12.5705
-34.3803 12.522

-34.3889 12.5781
-34.4055 12.6904

-34.4055 12.6904
-34.4135 12.7466

-34.4135 12.7466
-34.4214 12.8027

-34.4214 12.8027
-34.4292 12.8589

-34.4292 12.8589
-34.4367 12.915

-34.4438 12.9691
-34.4441 12.9712

-34.4441 12.9712
-34.4514 13.0273

-34.4438 12.969
-34.4367 12.915

-34.4514 13.0273
-34.4585 13.0835

-34.4585 13.0835
-34.4655 13.1396

-34.4655 13.1396
-34.4722 13.1958

-34.4722 13.1958
-34.4789 13.252

-34.4789 13.252
-34.4853 13.3081

-34.4853 13.3081
-34.4916 13.3643

-34.4916 13.3643
-34.4976 13.4204

-34.5 13.4437
-34.4976 13.4204

-34.5 16.3697
-34.4971 16.3965

-34.4971 16.3965
-34.4909 16.4526

-34.4909 16.4526
-34.4843 16.5088

-34.4844 16.5088
-34.4775 16.5649

-34.4775 16.5649
-34.4704 16.6211

-34.4704 16.6211
-34.4629 16.6772

-34.4629 16.6772
-34.4551 16.7334

-34.4551 16.7334
-34.4469 16.7896

-34.4469 16.7896
-34.4438 16.8099

-34.4438 16.8099
-34.4384 16.8457

-34.4384 16.8457
-34.4295 16.9019

-34.4296 16.9019
-34.4203 16.958

-34.4203 16.958
-34.4107 17.0142

-34.4107 17.0142
-34.4008 17.0703

-34.4009 17.0703
-34.3877 17.141

-34.3877 17.1411
-34.3798 17.1826

-34.3798 17.1826
-34.3689 17.2388

-34.3689 17.2388
-34.3577 17.2949

-34.3576 17.2949
-34.3461 17.3511

-34.3461 17.3511
-34.3344 17.4072

-34.3343 17.4072
-34.3315 17.4203

-34.3315 17.4203
-34.3223 17.4634

-34.3223 17.4634
-34.3101 17.5195

-34.3101 17.5195
-34.2977 17.5757

-34.2977 17.5757
-34.2851 17.6318

-34.2851 17.6318
-34.2754 17.6744

-34.2754 17.6745
-34.2723 17.688

-34.2723 17.688
-34.2594 17.7441

-34.2594 17.7441
-34.2464 17.8003

-34.2464 17.8003
-34.2332 17.8564

-34.2332 17.8564
-34.2199 17.9126

-34.2199 17.9126
-34.2192 17.9155

-34.2192 17.9155
-34.2066 17.9688

-34.2065 17.9688
-34.1931 18.0249

-34.1931 18.0249
-34.1795 18.0811

-34.1795 18.0811
-34.1631 18.1489

-34.1631 18.1489
-34.1523 18.1934

-34.1523 18.1934
-34.1387 18.2495

-34.1387 18.2495
-34.1251 18.3057

-34.1251 18.3057
-34.1116 18.3618

-34.1116 18.3618
-34.1069 18.3814

-34.1069 18.3813
-34.0982 18.418

-34.0982 18.418
-34.085 18.4741

-34.085 18.4741
-34.0719 18.5303

-34.0718 18.5303
-34.0508 18.6233

-34.0508 18.6234
-34.0465 18.6426

-34.0465 18.6426
-34.0342 18.6987

-34.0342 18.6987
-34.0222 18.7549

-34.0222 18.7549
-34.0105 18.811

-34.0105 18.811
-33.9991 18.8672

-33.9991 18.8672
-33.9946 18.89

-33.9946 18.8899
-33.988 18.9233

-33.988 18.9233
-33.9773 18.9795

-33.9773 18.9795
-33.9669 19.0356

-33.9669 19.0356
-33.9568 19.0918

-33.9567 19.0918
-33.9385 19.1972

-33.9385 19.1976
-33.9374 19.2041

-33.9374 19.2041
-33.9281 19.2603

-33.9281 19.2603
-33.919 19.3164

-33.919 19.3164
-33.9102 19.3726

-33.9102 19.3726
-33.9016 19.4287

-33.9016 19.4287
-33.8933 19.4849

-33.8933 19.4849
-33.8851 19.541

-33.8851 19.541
-33.8823 19.5609

-33.8823 19.5608
-33.8772 19.5972

-33.8772 19.5972
-33.8695 19.6533

-33.8695 19.6533
-33.862 19.7095

-33.862 19.7095
-33.8548 19.7656

-33.8548 19.7656
-33.8479 19.8218

-33.8479 19.8218
-33.8412 19.8779

-33.8411 19.8779
-33.8286 19.9902

-33.8286 19.9902
-33.8262 20.0143

-33.8262 20.0138
-33.8228 20.0464

-33.8228 20.0464
-33.8173 20.1025

-33.8173 20.1025
-33.8122 20.1587

-33.8122 20.1587
-33.8073 20.2148

-33.8073 20.2148
-33.8029 20.271

-33.8029 20.271
-33.7988 20.3271

-33.7988 20.3271
-33.795 20.3833

-33.795 20.3833
-33.7916 20.4395

-33.7916 20.4395
-33.7885 20.4956

-33.7885 20.4956
-33.7858 20.5518

-33.7858 20.5518
-33.7834 20.6079

-33.7834 20.6079
-33.7814 20.6641

-33.7814 20.6641
-33.7797 20.7202

-33.7797 20.7202
-33.7783 20.7764

-33.7783 20.7764
-33.7772 20.8325

-33.7772 20.8325
-33.7764 20.8887

-33.7764 20.8887
-33.7759 20.9448

-33.7759 20.9448
-33.7757 21.001

-33.7757 21.001
-33.7757 21.0571

-33.7757 21.0571
-33.7761 21.1133

-33.7761 21.1133
-33.7766 21.1694

-33.7766 21.1694
-33.7774 21.2256

-33.7774 21.2256
-33.7785 21.2817

-33.7785 21.2817
-33.7798 21.3379

-33.7798 21.3379
-33.7813 21.394

-33.7813 21.394
-33.783 21.4502

-33.783 21.4502
-33.785 21.5063

-33.785 21.5063
-33.7871 21.5625

-33.7871 21.5625
-33.7894 21.6187

-33.7894 21.6187
-33.792 21.6748

-33.792 21.6748
-33.7947 21.731

-33.7947 21.731
-33.7977 21.7871

-33.7977 21.7871
-33.8009 21.8433

-33.8009 21.8433
-33.8042 21.8994

-33.8042 21.8994
-33.8078 21.9556

-33.8078 21.9556
-33.8115 22.0117

-33.8262 22.2065
-33.8285 22.2363

-33.8285 22.2363
-33.8382 22.3486

-33.8383 22.3486
-33.8435 22.4048

-33.8434 22.4048
-33.8488 22.4609

-33.8115 22.0117
-33.8155 22.0679

-33.8155 22.0679
-33.8196 22.124

-33.8196 22.124
-33.824 22.1802

-33.8262 22.2068
-33.824 22.1802

-33.8488 22.4609
-33.8543 22.5171

-33.8543 22.5171
-33.86 22.5732

-33.86 22.5732
-33.8658 22.6294

-33.8658 22.6294
-33.8718 22.6855

-33.8823 22.7802
-33.8843 22.7979

-33.8718 22.6855
-33.878 22.7417

-33.8823 22.7802
-33.878 22.7417

-33.8843 22.7979
-33.8907 22.854

-33.8907 22.854
-33.8973 22.9102

-33.8973 22.9102
-33.904 22.9663

-33.904 22.9663
-33.9108 23.0225

-33.9108 23.0225
-33.9177 23.0786

-33.9177 23.0786
-33.9248 23.1348

-33.9385 23.242
-33.9391 23.2471

-33.9391 23.2471
-33.9539 23.3594

-33.9248 23.1348
-33.9319 23.1909

-33.9385 23.2419
-33.9319 23.1909

-34.0508 24.023
-34.0524 24.0332

-34.0524 24.0332
-34.0702 24.1455

-34.0703 24.1455
-34.0793 24.2017

-34.0793 24.2017
-34.0884 24.2578

-33.9539 23.3594
-33.9615 23.4155

-33.9615 23.4155
-33.9691 23.4717

-33.9691 23.4717
-33.9769 23.5278

-33.9769 23.5278
-33.9848 23.584

-33.9946 23.6522
-34.001 23.6963

-33.9849 23.584
-33.9929 23.6401

-33.9946 23.6522
-33.9929 23.6401

-34.001 23.6963
-34.0093 23.7524

-34.0093 23.7524
-34.0177 23.8086

-34.0177 23.8086
-34.0262 23.8647

-34.0262 23.8647
-34.0348 23.9209

-34.0348 23.9209
-34.0436 23.9771

-34.0508 24.023
-34.0436 23.9771

-34.0884 24.2578
-34.0975 24.314

-34.0975 24.314
-34.1067 24.3701

-34.1069 24.3718
-34.1158 24.4263

-34.1158 24.4263
-34.1251 24.4824

-34.1069 24.3718
-34.1067 24.3701

-34.125 24.4824
-34.1343 24.5386

-34.1343 24.5386
-34.1436 24.5947

-34.1436 24.5947
-34.153 24.6509

-34.153 24.6509
-34.1625 24.707

-34.1631 24.7109
-34.1818 24.8193

-34.1818 24.8193
-34.1917 24.8755

-34.1917 24.8755
-34.2018 24.9316

-34.1631 24.7106
-34.1625 24.707

-34.2192 25.0264
-34.2225 25.0439

-34.2018 24.9316
-34.2121 24.9878

-34.2192 25.0264
-34.2121 24.9878

-34.2225 25.0439
-34.2331 25.1001

-34.2331 25.1001
-34.2439 25.1562

-34.2754 25.3152
-34.2886 25.3809

-34.2886 25.3809
-34.3001 25.437

-34.3001 25.437
-34.3116 25.4932

-34.3315 25.5894
-34.3349 25.6055

-34.3116 25.4932
-34.3232 25.5493

-34.3315 25.5894
-34.3232 25.5493

-34.2439 25.1562
-34.2549 25.2124

-34.2549 25.2124
-34.266 25.2686

-34.2754 25.3153
-34.266 25.2686

-34.3349 25.6055
-34.3466 25.6616

-34.3466 25.6616
-34.3584 25.7178

-34.3584 25.7178
-34.3702 25.7739

-34.3702 25.7739
-34.382 25.8301

-34.3877 25.8567
-34.4059 25.9424

-34.4059 25.9424
-34.418 25.9985

-34.418 25.9985
-34.4301 26.0547

-34.3877 25.8567
-34.382 25.8301

-34.4438 26.1185
-34.4544 26.167

-34.4301 26.0547
-34.4422 26.1108

-34.4438 26.1185
-34.4422 26.1108

-34.4544 26.167
-34.4666 26.2231

-34.4666 26.2231
-34.479 26.2793

-34.479 26.2793
-34.4913 26.3354

-34.5 26.3745
-34.4913 26.3354

-77.625 117.627
-78.1377 118.594

-79.4219 121.296
-79.9315 122.188

-78.0744 118.594
-78.9348 120.391

-79.4219 121.354
-78.8708 120.391

-81.2188 124.217
-81.9853 125.781

-83.0156 127.998
-83.8492 129.375

-81.8885 125.781
-82.753 127.578

-83.0156 128.144
-82.6729 127.578

-80.022 122.188
-81.0977 123.984

-81.2188 124.044
-81.1895 123.984

-84.8125 130.867
-84.9866 131.172

-84.932 131.172
-85.7307 132.969

-86.6094 134.758
-86.6134 134.766

-86.62 134.766
-87.7844 136.562

-85.6291 132.969
-86.5584 134.766

-86.6094 135.027
-86.4403 134.766

-90.2031 140.149
-90.2076 140.156

-88.4062 137.508
-88.913 138.359

-88.75 138.359
-89.9096 140.156

-90.2091 140.156
-91.4235 141.953

-92 142.479
-91.6446 141.953

-90.2031 140.739
-89.7449 140.156

-88.4062 137.354
-87.9352 136.562

-84.8125 130.819
-83.9887 129.375

-76.0642 115
-77.133 116.797

-77.625 117.548
-77.2266 116.797

