-53.3584 0
-53.3565 0.0561523

-53.3566 0.0561523
-53.3503 0.112305

-53.3501 0.112305
-53.3397 0.168457

-53.3399 0.168457
-53.3256 0.224609

-53.3248 0.224609
-53.311 0.270062

-53.311 0.270363
-53.3079 0.280762

-53.3081 0.280762
-53.2895 0.336914

-53.2881 0.336914
-53.2704 0.393066

-53.2707 0.393066
-53.2562 0.449219

-53.2566 0.449219
-53.2549 0.45675

-53.2549 0.45642
-53.2439 0.505371

-53.244 0.505371
-53.2325 0.561523

-53.2332 0.561523
-53.2214 0.617676

-53.2214 0.617676
-53.2079 0.673828

-53.2084 0.673828
-53.1987 0.707646

-53.1987 0.707444
-53.1923 0.72998

-53.1922 0.72998
-53.1732 0.786133

-53.1762 0.786133
-53.1426 0.854763

-53.1426 0.85758
-53.1204 0.898438

-53.1201 0.898438
-53.0864 0.949591

-53.0864 0.949431
-53.083 0.95459

-53.0826 0.95459
-53.04 1.01074

-53.0387 1.01074
-53.0303 1.02183

-53.0303 1.02177
-52.9938 1.06689

-52.9929 1.06689
-52.9741 1.09078

-52.9741 1.08978
-52.948 1.12305

-52.9443 1.12305
-52.918 1.1712

-53.1426 1.6526
-53.1601 1.68457

-53.1528 1.68457
-53.1713 1.74072

-53.1718 1.74072
-53.1949 1.79688

-53.0864 1.55147
-53.1048 1.57227

-53.0303 1.49413
-53.051 1.51611

-53.0864 1.55116
-53.0555 1.51611

-52.918 1.39898
-52.9211 1.40381

-52.9741 1.4545
-52.918 1.41279

-53.0303 1.49664
-52.9836 1.45996

-53.1016 1.57227
-53.1347 1.62842

-53.1426 1.64699
-53.1353 1.62842

-52.918 1.16644
-52.9091 1.1792

-52.9065 1.1792
-52.8776 1.23535

-52.8758 1.23535
-52.8651 1.2915

-52.865 1.2915
-52.8763 1.34766

-52.8747 1.34766
-52.9113 1.40381

-52.918 1.41085
-52.9101 1.40381

-53.2549 1.91712
-53.2732 1.96533

-53.2736 1.96533
-53.2875 2.02148

-53.1987 1.80539
-53.2219 1.85303

-53.2242 1.85303
-53.2515 1.90918

-53.1987 1.80615
-53.1942 1.79688

-53.2549 1.91561
-53.2524 1.90918

-53.286 2.02148
-53.2948 2.07764

-53.2949 2.07764
-53.3017 2.13379

-53.3024 2.13379
-53.3054 2.18994

-53.3045 2.18994
-53.3044 2.24609

-53.3085 2.24609
-53.2991 2.30225

-53.2965 2.30225
-53.2748 2.3584

-53.2779 2.3584
-53.2549 2.39909

-53.2549 2.39418
-53.2397 2.41455

-53.2407 2.41455
-53.1987 2.44516

-53.1987 2.44827
-53.1575 2.4707

-53.1646 2.4707
-53.1426 2.47947

-52.918 2.45071
-52.9625 2.4707

-53.1426 2.47719
-53.0864 2.49144

-53.0864 2.49411
-53.0303 2.49125

-53.0303 2.48894
-52.9816 2.4707

-52.5811 2.2114
-52.6369 2.24609

-52.5249 2.17611
-52.5463 2.18994

-52.5811 2.21135
-52.548 2.18994

-52.5249 2.17751
-52.4688 2.13487

-52.8057 2.35442
-52.8104 2.3584

-52.8618 2.40375
-52.8766 2.41455

-52.918 2.44977
-52.8699 2.41455

-52.8618 2.40439
-52.8074 2.3584

-52.8057 2.35418
-52.7495 2.31219

-52.6934 2.27949
-52.73 2.30225

-52.7495 2.3131
-52.7321 2.30225

-52.8057 2.36038
-52.8029 2.3584

-52.6934 2.2809
-52.6375 2.24609

-52.1318 1.75972
-52.188 1.79688

-52.0757 1.72687
-52.099 1.74072

-52.1318 1.76028
-52.0989 1.74072

-52.0757 1.7248
-52.0195 1.69847

-51.9634 1.68039
-51.9759 1.68457

-51.9634 1.68053
-51.9072 1.66791

-52.0195 1.69936
-51.9677 1.68457

-51.9072 1.66893
-51.8511 1.66243

-51.8511 1.663
-51.7949 1.65944

-51.7949 1.65986
-51.7388 1.65727

-51.7388 1.65755
-51.6826 1.65454

-51.6826 1.65463
-51.6265 1.65045

-51.6265 1.65046
-51.5703 1.64493

-51.5703 1.64498
-51.5142 1.63797

-51.5142 1.63802
-51.458 1.62933

-51.4019 1.61885
-51.4532 1.62842

-51.458 1.62943
-51.4526 1.62842

-51.4019 1.61846
-51.3457 1.60702

-51.1772 1.57016
-51.1859 1.57227

-51.1772 1.57011
-51.1211 1.55454

-51.3457 1.607
-51.2896 1.59542

-51.2896 1.59578
-51.2334 1.58342

-51.2334 1.58368
-51.1903 1.57227

-50.6719 1.33881
-50.6829 1.34766

-51.1211 1.55431
-51.0649 1.53637

-51.0649 1.5362
-51.0088 1.51671

-50.9526 1.49613
-51.0074 1.51611

-51.0088 1.51654
-51.0076 1.51611

-50.9526 1.49685
-50.8965 1.47415

-50.8403 1.44862
-50.8652 1.45996

-50.8403 1.44914
-50.7842 1.41938

-50.8965 1.47412
-50.8686 1.45996

-50.728 1.38353
-50.7598 1.40381

-50.7842 1.41935
-50.7598 1.40381

-50.728 1.38543
-50.681 1.34766

-52.3564 1.99041
-52.3752 2.02148

-52.3003 1.90222
-52.3065 1.90918

-52.2441 1.84074
-52.2551 1.85303

-52.3003 1.90274
-52.2557 1.85303

-52.3056 1.90918
-52.3443 1.96533

-52.3564 1.99007
-52.3415 1.96533

-52.4126 2.07715
-52.4129 2.07764

-52.4126 2.08014
-52.4662 2.13379

-52.4126 2.0775
-52.3728 2.02148

-52.4688 2.13844
-52.4648 2.13379

-52.3564 2.02195
-52.356 2.02148

-52.2441 1.84038
-52.1898 1.79688

-50.335 0.863303
-50.3645 0.898438

-50.2227 0.751981
-50.2611 0.786133

-50.2788 0.803402
-50.3177 0.842285

-50.335 0.864555
-50.3163 0.842285

-50.2788 0.80166
-50.2613 0.786133

-50.0542 0.64803
-50.103 0.673828

-50.0542 0.64855
-49.998 0.623271

-50.1665 0.71315
-50.1897 0.72998

-50.2227 0.75265
-50.1914 0.72998

-50.1665 0.712663
-50.1104 0.67789

-50.2227 0.7864
-50.2223 0.786133

-50.1104 0.679816
-50.0982 0.673828

-49.9419 0.602091
-49.9835 0.617676

-49.998 0.623476
-49.9826 0.617676

-49.9419 0.602414
-49.8857 0.585196

-49.7734 0.553929
-49.8009 0.561523

-49.8857 0.586065
-49.7973 0.561523

-50.5034 1.12133
-50.5044 1.12305

-50.4473 1.02546
-50.4718 1.06689

-50.5034 1.12099
-50.4712 1.06689

-50.5596 1.20859
-50.5781 1.23535

-50.6157 1.28239
-50.6233 1.2915

-50.6719 1.33989
-50.6246 1.2915

-50.6157 1.28304
-50.5761 1.23535

-50.504 1.12305
-50.5395 1.1792

-50.5596 1.20764
-50.5399 1.1792

-50.5034 1.12325
-50.5033 1.12305

-50.5596 1.23643
-50.5585 1.23535

-50.3911 0.936255
-50.4043 0.95459

-50.4038 0.95459
-50.4391 1.01074

-50.3911 0.936038
-50.364 0.898438

-50.4473 1.02718
-50.4372 1.01074

-50.335 0.899098
-50.3345 0.898438

-50.6719 1.34819
-50.6714 1.34766

-49.7734 0.554096
-49.7173 0.540274

-49.7173 0.540655
-49.6611 0.528534

-49.7734 0.562001
-49.7714 0.561523

-49.6611 0.528518
-49.605 0.517385

-49.605 0.517332
-49.5488 0.507329

-49.4927 0.498636
-49.5376 0.505371

-49.5488 0.507498
-49.5346 0.505371

-49.4927 0.498824
-49.4365 0.492154

-49.4365 0.492283
-49.3804 0.486931

-49.3804 0.486974
-49.3242 0.482595

-49.3242 0.482646
-49.2681 0.479051

-49.2681 0.479136
-49.2119 0.476056

-49.2119 0.476107
-49.1558 0.473271

-49.1558 0.473288
-49.0996 0.470562

-49.0996 0.470603
-49.0435 0.467872

-49.0435 0.467855
-48.9873 0.465072

-48.9873 0.46507
-48.9312 0.462274

-48.9312 0.462627
-48.875 0.459116

-48.7627 0.446886
-48.7824 0.449219

-48.7627 0.446673
-48.7065 0.440066

-48.7065 0.44027
-48.6504 0.434995

-48.6504 0.435215
-48.5942 0.430425

-48.5942 0.430442
-48.5381 0.425664

-48.5381 0.425624
-48.4819 0.420907

-48.4819 0.420861
-48.4258 0.416377

-48.875 0.45937
-48.7703 0.449219

-48.4258 0.416328
-48.3696 0.412267

-48.3696 0.412264
-48.3135 0.40873

-48.3135 0.40876
-48.2573 0.4057

-48.2573 0.405758
-48.2012 0.402995

-48.2012 0.403069
-48.145 0.400339

-48.145 0.400406
-48.0889 0.397426

-48.0889 0.397493
-48.0327 0.393995

-47.9766 0.390001
-48.0229 0.393066

-48.0327 0.394005
-48.0185 0.393066

-47.9766 0.390013
-47.9204 0.386613

-47.9204 0.386673
-47.8643 0.383567

-47.8643 0.38359
-47.8081 0.380612

-47.8081 0.380613
-47.752 0.377713

-47.752 0.37771
-47.6958 0.374892

-47.6958 0.374884
-47.6396 0.372171

-47.6396 0.372158
-47.5835 0.369592

-47.5835 0.369579
-47.5273 0.367212

-47.5273 0.367253
-47.4712 0.36503

-47.4712 0.365052
-47.415 0.362847

-47.415 0.362811
-47.3589 0.360649

-47.3589 0.360642
-47.3027 0.358609

-47.3027 0.358612
-47.2466 0.356716

-47.2466 0.356722
-47.1904 0.354945

-47.1904 0.354959
-47.1343 0.353259

-47.1343 0.353277
-47.0781 0.35159

-47.0781 0.351561
-47.022 0.349908

-47.022 0.349794
-46.9658 0.34846

-46.9658 0.348483
-46.8535 0.346818

-46.8535 0.347348
-46.7412 0.345853

-46.7412 0.345605
-46.6289 0.343716

-46.6289 0.343717
-46.5166 0.341924

-46.5166 0.34191
-46.4043 0.34024

-46.4043 0.340265
-46.292 0.338697

-46.292 0.33879
-46.1797 0.337087

-46.1235 0.336089
-46.1709 0.336914

-46.1235 0.336073
-46.0674 0.335038

-46.1797 0.337157
-46.1658 0.336914

-46.0674 0.335041
-46.0112 0.334012

-46.0112 0.334011
-45.9551 0.332981

-45.9551 0.332983
-45.8989 0.331952

-45.8989 0.331952
-45.8428 0.330914

-45.8428 0.330915
-45.7866 0.329867

-45.7866 0.329866
-45.7305 0.32881

-45.7305 0.328808
-45.6743 0.327748

-45.6743 0.327746
-45.6182 0.326687

-45.6182 0.326686
-45.562 0.325634

-45.562 0.325633
-45.5059 0.324593

-45.5059 0.324593
-45.4497 0.32357

-45.4497 0.323569
-45.3936 0.322567

-45.3936 0.322566
-45.3374 0.32159

-45.3374 0.321589
-45.2812 0.320643

-45.2812 0.320642
-45.2251 0.31973

-45.2251 0.319729
-45.1689 0.318854

-45.1689 0.318854
-45.1128 0.318016

-45.1128 0.318016
-45.0566 0.317218

-45.0566 0.317218
-45.0005 0.31646

-45.0005 0.316459
-44.9443 0.315742

-44.9443 0.315741
-44.8882 0.315066

-44.8882 0.315065
-44.832 0.314433

-44.832 0.314433
-44.7759 0.313846

-44.7759 0.313846
-44.7197 0.313303

-44.7197 0.313303
-44.6636 0.312806

-44.6636 0.312806
-44.6074 0.312352

-44.6074 0.312352
-44.5513 0.31194

-44.5513 0.31194
-44.4951 0.311571

-44.4951 0.311571
-44.439 0.311243

-44.439 0.311243
-44.3828 0.310956

-44.3828 0.310956
-44.3267 0.31071

-44.3267 0.31071
-44.2705 0.310505

-44.2705 0.310505
-44.2144 0.310339

-44.2144 0.31034
-44.1582 0.310212

-44.1582 0.310212
-44.1021 0.310123

-44.1021 0.310123
-44.0459 0.310071

-44.0459 0.310071
-43.9897 0.310058

-43.9897 0.310058
-43.9336 0.310084

-43.9336 0.310084
-43.8774 0.310151

-43.8774 0.310151
-43.8213 0.310259

-43.8213 0.310259
-43.7651 0.310407

-43.7651 0.310408
-43.709 0.310594

-43.709 0.310595
-43.6528 0.310814

-43.6528 0.310816
-43.5967 0.311063

-43.5967 0.311065
-43.5405 0.311333

-43.5405 0.311335
-43.4844 0.311614

-43.4844 0.311617
-43.4282 0.311894

-43.4282 0.311898
-43.3721 0.312162

-43.3721 0.312166
-43.3159 0.312404

-43.3159 0.312407
-43.2598 0.312606

-43.2598 0.312609
-43.2036 0.312756

-43.2036 0.312758
-43.1475 0.312844

-43.1475 0.312845
-43.0913 0.312863

-43.0913 0.312863
-43.0352 0.31281

-43.0352 0.312809
-42.979 0.312685

-42.979 0.312683
-42.9229 0.312495

-42.9229 0.312492
-42.8667 0.312248

-42.8667 0.312244
-42.8105 0.31196

-42.8105 0.311955
-42.7544 0.311646

-42.7544 0.311642
-42.6982 0.311328

-42.6982 0.311324
-42.6421 0.311025

-42.6421 0.311021
-42.5859 0.310754

-42.5859 0.31075
-42.5298 0.310531

-42.5298 0.310527
-42.4736 0.310371

-42.4736 0.310368
-42.4175 0.310287

-42.4175 0.310284
-42.3613 0.31029

-42.3613 0.310288
-42.3052 0.310392

-42.3052 0.31039
-42.249 0.310599

-42.249 0.310598
-42.1929 0.310918

-42.1929 0.310918
-42.1367 0.311351

-42.1367 0.311351
-42.0806 0.311896

-42.0806 0.311897
-42.0244 0.312551

-42.0244 0.312551
-41.9683 0.313311

-41.9683 0.313311
-41.9121 0.314175

-41.9121 0.314174
-41.856 0.315145

-41.856 0.315143
-41.7998 0.316225

-41.7998 0.316223
-41.7437 0.317426

-41.7437 0.317425
-41.6875 0.318756

-41.6875 0.318756
-41.6313 0.320218

-41.6313 0.32022
-41.5752 0.321808

-41.5752 0.321812
-41.519 0.323511

-41.519 0.323517
-41.4629 0.325307

-41.4629 0.325314
-41.4067 0.327171

-41.4067 0.327179
-41.3506 0.329075

-41.3506 0.329084
-41.2944 0.330985

-41.2944 0.330996
-41.2383 0.332863

-41.2383 0.332874
-41.1821 0.334661

-41.1821 0.334671
-41.126 0.336335

-41.126 0.336358
-41.1045 0.336914

-41.1074 0.336914
-41.0137 0.339054

-41.0137 0.338891
-40.9014 0.340633

-40.9014 0.340677
-40.7891 0.341803

-40.7891 0.341893
-40.6768 0.342137

-40.6768 0.342077
-40.5645 0.341379

-40.5645 0.341218
-40.4521 0.340019

-40.4521 0.339929
-40.3398 0.338732

-40.3398 0.33881
-40.2275 0.33764

-40.1152 0.336153
-40.1642 0.336914

-40.2275 0.337788
-40.1654 0.336914

-40.1152 0.336172
-40.0591 0.335122

-40.0591 0.335128
-40.0029 0.333845

-40.0029 0.333864
-39.9468 0.332297

-39.9468 0.332298
-39.8906 0.33041

-39.8906 0.330402
-39.8345 0.328207

-39.8345 0.328185
-39.7783 0.325744

-39.7783 0.325715
-39.7222 0.323128

-39.7222 0.323097
-39.666 0.320483

-39.666 0.320456
-39.6099 0.317933

-39.6099 0.317918
-39.5537 0.315569

-39.5537 0.31557
-39.4976 0.313426

-39.4976 0.313441
-39.4414 0.311469

-39.4414 0.311507
-39.3853 0.309601

-39.3853 0.309655
-39.3291 0.307633

-39.3291 0.307654
-39.2729 0.305368

-39.2729 0.305385
-39.2168 0.302759

-39.2168 0.302788
-39.1606 0.299727

-39.1606 0.299746
-39.1045 0.296152

-39.1045 0.296145
-39.0483 0.291992

-39.0483 0.291954
-38.9922 0.287332

-38.9922 0.287303
-38.936 0.282347

-38.8799 0.277193
-38.9204 0.280762

-38.936 0.282354
-38.9179 0.280762

-38.8799 0.277245
-38.8237 0.272627

-38.8237 0.272722
-38.7676 0.268267

-38.7676 0.268296
-38.7114 0.263754

-38.7114 0.263765
-38.6553 0.259055

-38.6553 0.259037
-38.5991 0.254173

-38.5991 0.254119
-38.543 0.249247

-38.543 0.249116
-38.4868 0.244605

-38.4868 0.24453
-38.4307 0.240792

-38.4307 0.240828
-38.3745 0.237943

-38.3745 0.238104
-38.3184 0.235679

-38.1499 0.223798
-38.1589 0.224609

-38.1499 0.223612
-38.0938 0.218037

-38.3184 0.236345
-38.2061 0.229107

-38.2061 0.229019
-38.1562 0.224609

-38.0938 0.217972
-38.0376 0.212728

-38.0376 0.212756
-37.9814 0.207919

-37.9814 0.207926
-37.9253 0.203427

-37.9253 0.203382
-37.8691 0.199296

-37.8691 0.199245
-37.813 0.195763

-37.813 0.195735
-37.7568 0.193017

-37.7568 0.192851
-37.7007 0.191284

-37.7007 0.19112
-37.6445 0.191365

-37.6445 0.19115
-37.5884 0.193965

-37.5884 0.193766
-37.5322 0.199976

-37.5322 0.199902
-37.4761 0.210054

-37.4761 0.210115
-37.4199 0.224235

-37.4199 0.224525
-37.4196 0.224609

-37.4199 0.224676
-37.3638 0.241758

-37.3638 0.241925
-37.3076 0.260756

-37.3076 0.26182
-37.2515 0.279939

-37.2515 0.279118
-37.2455 0.280762

-37.2483 0.280762
-37.1953 0.295405

-37.1953 0.295194
-37.1392 0.30869

-37.1392 0.308638
-37.083 0.320499

-37.083 0.32029
-37.0269 0.33104

-37.0269 0.330746
-36.9955 0.336914

-36.9927 0.336914
-36.9707 0.341391

-36.9707 0.34172
-36.9146 0.353788

-36.9146 0.353337
-36.8584 0.36707

-36.8584 0.366363
-36.8022 0.38408

-36.8022 0.384036
-36.7791 0.393066

-36.7818 0.393066
-36.7461 0.407002

-36.7461 0.406775
-36.6899 0.431352

-36.6899 0.431248
-36.6511 0.449219

-36.6554 0.449219
-36.6338 0.458558

-36.6338 0.45858
-36.5776 0.483365

-36.5776 0.483326
-36.5215 0.505371

-36.523 0.505371
-36.5215 0.505986

-36.5215 0.504687
-36.5193 0.505371

-36.5215 0.506107
-36.4653 0.524075

-36.4653 0.523771
-36.4092 0.536823

-36.4092 0.536957
-36.353 0.545406

-36.353 0.545399
-36.2969 0.548992

-36.2969 0.548817
-36.2407 0.54792

-36.2407 0.547649
-36.1846 0.543153

-36.1846 0.54281
-36.1284 0.535947

-36.1284 0.535619
-36.0723 0.527731

-36.0723 0.527389
-36.0161 0.519815

-36.0161 0.519625
-35.96 0.513432

-35.96 0.513317
-35.9038 0.509116

-35.9038 0.50907
-35.8477 0.50718

-35.8477 0.50716
-35.7915 0.507712

-35.7915 0.507736
-35.7354 0.510722

-35.7354 0.510814
-35.6792 0.516003

-35.6792 0.516184
-35.623 0.523032

-35.623 0.523278
-35.5669 0.530929

-35.5669 0.531168
-35.5107 0.538652

-35.5107 0.538944
-35.4546 0.545199

-35.4546 0.545408
-35.3984 0.549431

-35.3984 0.549721
-35.3423 0.550514

-35.3423 0.550765
-35.2861 0.547246

-35.2861 0.5473
-35.23 0.53886

-35.23 0.538515
-35.1738 0.525734

-35.1738 0.525313
-35.1177 0.509726

-35.0615 0.492531
-35.1049 0.505371

-35.1177 0.50958
-35.1035 0.505371

-35.0615 0.492514
-35.0054 0.475971

-35.0054 0.474802
-34.9492 0.460922

-34.8369 0.443951
-34.8798 0.449219

-34.8369 0.444042
-34.7808 0.441345

-34.7808 0.441268
-34.7246 0.443485

-34.7246 0.443782
-34.6769 0.449219

-34.9492 0.460672
-34.8725 0.449219

-34.6814 0.449219
-34.6123 0.459256

-34.6123 0.461821
-34.5562 0.475143

-34.5562 0.475064
-34.5 0.488579

-34.5 39.6978
-35.2344 41.3281

-35.2317 41.3281
-36.0622 43.125

-41.6875 54.5892
-42.2353 55.7031

-42.2305 55.7031
-43.1054 57.5

-38.0938 47.3552
-38.6613 48.5156

-38.6584 48.5156
-39.5495 50.3125

-36.2969 43.6147
-36.9151 44.9219

-36.9133 44.9219
-37.7796 46.7188

-36.2969 43.6101
-36.0675 43.125

-38.0938 47.3475
-37.7863 46.7188

-39.8906 50.9833
-40.4536 52.1094

-40.4532 52.1094
-41.3481 53.9062

-39.8906 50.9775
-39.5581 50.3125

-41.6875 54.5794
-41.3565 53.9062

-63.25 96.1715
-63.7158 97.0312

-65.0469 99.4844
-65.6631 100.625

-63.718 97.0312
-64.6886 98.8281

-65.0469 99.4823
-64.6934 98.8281

-70.4375 109.375
-70.5669 109.609

-70.5707 109.609
-71.5487 111.406

-72.2344 112.673
-72.523 113.203

-72.5122 113.203
-73.5205 115

-72.2344 112.678
-71.5422 111.406

-66.8438 102.792
-67.6227 104.219

-68.6406 106.121
-69.5675 107.812

-67.6229 104.219
-68.5911 106.016

-68.6406 106.134
-68.5756 106.016

-65.6548 100.625
-66.635 102.422

-66.8438 102.731
-66.6748 102.422

-70.4375 109.363
-69.5809 107.812

-48.875 69.2371
-49.3089 70.0781

-49.3065 70.0781
-50.2548 71.875

-57.8594 86.1143
-57.9316 86.25

-56.0625 82.74
-56.9732 84.4531

-57.8594 86.1129
-56.9765 84.4531

-52.4688 75.9904
-53.1531 77.2656

-53.1531 77.2656
-54.1132 79.0625

-50.6719 72.6401
-51.2242 73.6719

-51.2222 73.6719
-52.1869 75.4688

-50.6719 72.629
-50.2682 71.875

-52.4688 75.9631
-52.2035 75.4688

-54.2656 79.343
-55.0719 80.8594

-55.0687 80.8594
-56.0192 82.6562

-54.2656 79.3273
-54.1248 79.0625

-56.0625 82.698
-56.0403 82.6562

-45.2812 62.0119
-45.7055 62.8906

-45.7002 62.8906
-46.58 64.6875

-43.4844 58.2755
-43.9781 59.2969

-43.9729 59.2969
-44.8374 61.0938

-43.4844 58.2687
-43.1128 57.5

-45.2812 62.0014
-44.8431 61.0938

-47.0781 65.6788
-47.4786 66.4844

-47.4728 66.4844
-48.3804 68.2812

-47.0781 65.6714
-46.589 64.6875

-48.875 69.2231
-48.3891 68.2812

-59.6562 89.4871
-59.847 89.8438

-61.4531 92.8237
-61.7821 93.4375

-59.847 89.8438
-60.8128 91.6406

-61.4531 92.8194
-60.8213 91.6406

-57.9289 86.25
-58.8871 88.0469

-59.6562 89.4775
-58.8912 88.0469

-61.7724 93.4375
-62.7399 95.2344

-63.25 96.1426
-62.7579 95.2344

-34.1768 0
-34.1631 0.022047

-34.1631 0.0193142
-34.127 0

-34.5 0.488747
-34.4438 0.502277

-34.4438 0.502136
-34.4292 0.505371

-34.4324 0.505371
-34.3877 0.515253

-34.3877 0.515033
-34.3315 0.525677

-34.3315 0.525826
-34.2754 0.534509

-34.2754 0.534596
-34.2192 0.540845

-34.2192 0.540825
-34.1631 0.544506

-34.1631 0.544383
-34.1069 0.545779

-34.1069 0.545504
-34.0508 0.545411

-34.0508 0.545013
-33.9946 0.544779

-33.9946 0.544442
-33.9385 0.545535

-33.9385 0.545187
-33.8823 0.548977

-33.8823 0.548794
-33.8262 0.556343

-33.8262 0.556126
-33.8025 0.561523

-33.7954 0.561523
-33.7139 0.587004

-33.7139 0.589291
-33.6589 0.617676

-33.6597 0.617676
-33.6577 0.618702

-33.6577 0.618494
-33.6016 0.653992

-33.6016 0.654017
-33.5735 0.673828

-33.5761 0.673828
-33.5454 0.695503

-33.5454 0.695265
-33.4964 0.72998

-33.4999 0.72998
-33.4893 0.7375

-33.4893 0.737252
-33.4331 0.771554

-33.4331 0.77035
-33.399 0.786133

-33.4013 0.786133
-33.377 0.799118

-33.377 0.796528
-33.3208 0.816167

-33.3208 0.816215
-33.2646 0.830649

-33.2646 0.83007
-33.2085 0.840362

-33.2085 0.839751
-33.1904 0.842285

-33.1938 0.842285
-33.1523 0.848083

-33.1523 0.847695
-33.0962 0.854154

-33.0962 0.85378
-33.04 0.860092

-33.04 0.859778
-32.9839 0.867317

-32.9839 0.867133
-32.9277 0.876896

-32.9277 0.876786
-32.8716 0.889362

-32.8716 0.889445
-32.8391 0.898438

-32.84 0.898438
-32.8154 0.904504

-32.8154 0.905381
-32.7593 0.923012

-32.7593 0.922783
-32.7031 0.942069

-32.7031 0.942055
-32.6694 0.95459

-32.6712 0.95459
-32.647 0.963595

-32.647 0.963641
-32.5908 0.984704

-32.5908 0.98509
-32.5347 1.0047

-32.5347 1.00482
-32.5115 1.01074

-32.5177 1.01074
-32.4785 1.02184

-32.4785 1.01932
-32.4224 1.02792

-32.4224 1.02828
-32.3662 1.03291

-32.3662 1.03238
-32.3101 1.03337

-32.3101 1.03308
-32.2539 1.03209

-32.2539 1.03195
-32.1978 1.02981

-32.1978 1.02961
-32.1416 1.02699

-32.1416 1.02697
-32.0854 1.02433

-32.0854 1.02414
-32.0293 1.02188

-32.0293 1.02139
-31.917 1.02035

-31.917 1.02064
-31.8608 1.02194

-31.8608 1.02193
-31.8047 1.0245

-31.8047 1.02464
-31.7485 1.02822

-31.7485 1.02831
-31.6924 1.03244

-31.6924 1.03241
-31.6362 1.03697

-31.6362 1.03685
-31.5801 1.04212

-31.5801 1.04194
-31.5239 1.04853

-31.5239 1.04834
-31.4678 1.057

-31.4678 1.05687
-31.4174 1.06689

-31.4211 1.06689
-31.4116 1.06879

-31.4116 1.0688
-31.3555 1.08126

-31.3555 1.08132
-31.2993 1.09366

-31.2993 1.094
-31.2432 1.10543

-31.2432 1.10559
-31.187 1.1151

-31.187 1.11493
-31.1309 1.12257

-31.1309 1.12232
-31.1257 1.12305

-31.1169 1.12305
-31.0186 1.13924

-31.0186 1.13969
-30.9624 1.15118

-30.9624 1.15102
-30.9062 1.16415

-30.9062 1.16422
-30.8501 1.17914

-30.8519 1.1792
-30.8501 1.17968

-30.8501 1.17964
-30.7939 1.19524

-30.7939 1.1953
-30.7378 1.2105

-30.7378 1.21058
-30.6816 1.22508

-30.6816 1.22502
-30.6389 1.23535

-30.641 1.23535
-30.5693 1.25116

-30.5693 1.25048
-30.5132 1.2602

-30.5132 1.2603
-30.457 1.26854

-30.457 1.26838
-30.4009 1.27527

-30.4009 1.27507
-30.3447 1.28131

-30.3447 1.28121
-30.2886 1.28742

-30.2886 1.28753
-30.2514 1.2915

-30.2531 1.2915
-30.2324 1.29371

-30.2324 1.29376
-30.1763 1.29887

-30.1763 1.29889
-30.1201 1.30273

-30.1201 1.30264
-30.064 1.30537

-30.064 1.30522
-30.0078 1.30732

-30.0078 1.30722
-29.9517 1.30917

-29.9517 1.30917
-29.8955 1.31114

-29.8955 1.31121
-29.8394 1.31306

-29.8394 1.31314
-29.7832 1.31459

-29.7832 1.3146
-29.7271 1.31548

-29.7271 1.31539
-29.6709 1.31586

-29.6709 1.31574
-29.6147 1.31623

-29.6147 1.31618
-29.5586 1.31704

-29.5586 1.31713
-29.5024 1.31827

-29.5024 1.31843
-29.4463 1.31938

-29.4463 1.31947
-29.3901 1.31974

-29.3901 1.31965
-29.334 1.31925

-29.334 1.31901
-29.2778 1.31858

-29.2778 1.31833
-29.2217 1.31883

-29.2217 1.31864
-29.1655 1.32095

-29.1655 1.32094
-29.1094 1.32547

-29.1094 1.32555
-29.0532 1.33216

-29.0532 1.33231
-28.9971 1.34054

-28.9971 1.34077
-28.9537 1.34766

-28.956 1.34766
-28.8848 1.35858

-28.8848 1.35859
-28.8286 1.36711

-28.8286 1.36718
-28.7725 1.37541

-28.7725 1.37542
-28.7163 1.3832

-28.7163 1.38317
-28.6602 1.39059

-28.6602 1.3905
-28.604 1.39779

-28.604 1.39765
-28.5586 1.40381

-28.5586 1.40381
-28.5479 1.40527

-28.5479 1.4052
-28.4917 1.41357

-28.4917 1.41352
-28.4355 1.42285

-28.4355 1.42299
-28.3794 1.43311

-28.3794 1.4333
-28.3232 1.44352

-28.3232 1.44357
-28.2671 1.45343

-28.2671 1.45333
-28.228 1.45996

-28.2286 1.45996
-28.2109 1.46302

-28.2109 1.46286
-28.1548 1.47217

-28.1548 1.47217
-28.0986 1.4813

-28.0986 1.48123
-28.0425 1.49031

-28.0425 1.49027
-27.9863 1.49949

-27.9863 1.49938
-27.9302 1.50905

-27.9302 1.50893
-27.8921 1.51611

-27.8922 1.51611
-27.874 1.51955

-27.874 1.51953
-27.8179 1.53136

-27.8179 1.53131
-27.7617 1.54448

-27.7617 1.54457
-27.7056 1.55899

-27.7056 1.55908
-27.6561 1.57227

-27.6604 1.57227
-27.6494 1.57504

-27.6494 1.57465
-27.5933 1.58885

-27.5933 1.58873
-27.5371 1.60154

-27.5371 1.60141
-27.481 1.61335

-27.481 1.6132
-27.4248 1.62482

-27.4248 1.62484
-27.4078 1.62842

-27.4069 1.62842
-27.3687 1.63647

-27.3687 1.63633
-27.3125 1.64894

-27.3125 13.8168
-27.3296 13.9258

-27.3296 13.9258
-27.3384 13.9819

-27.3384 13.9819
-27.3472 14.0381

-27.3471 14.0381
-27.3559 14.0942

-27.3559 14.0942
-27.3647 14.1504

-27.3687 14.1752
-27.3736 14.2065

-27.3736 14.2065
-27.3826 14.2627

-27.3687 14.1752
-27.3647 14.1504

-27.3826 14.2627
-27.3916 14.3188

-27.3916 14.3188
-27.4007 14.375

-27.3125 1.64872
-27.2563 1.66296

-27.2563 1.663
-27.2002 1.67926

-27.2002 1.67946
-27.1837 1.68457

-27.1847 1.68457
-27.144 1.69714

-27.144 1.69696
-27.0879 1.71474

-27.0879 1.7149
-27.0317 1.73298

-27.0317 1.73284
-27.0072 1.74072

-27.0079 1.74072
-26.9756 1.75111

-26.9756 1.75087
-26.9194 1.76914

-26.9194 1.76914
-26.8633 1.78795

-26.8633 1.78801
-26.8378 1.79688

-26.837 1.79688
-26.8071 1.80725

-26.8071 1.80723
-26.751 1.8279

-26.751 1.82793
-26.6948 1.84995

-26.6948 1.84998
-26.6876 1.85303

-26.687 1.85303
-26.6387 1.87339

-26.6387 1.87358
-26.5825 1.89896

-26.5825 1.89914
-26.5605 1.90918

-26.5624 1.90918
-26.5264 1.92517

-26.5264 1.92502
-26.4702 1.94997

-26.4702 1.94996
-26.4346 1.96533

-26.4356 1.96533
-26.4141 1.97463

-26.4141 1.97424
-26.3579 1.99764

-26.3579 1.99704
-26.3018 2.02103

-26.3018 2.02098
-26.3007 2.02148

-26.3003 2.02148
-26.2456 2.04706

-26.2456 2.04711
-26.1895 2.07596

-26.1895 2.07629
-26.187 2.07764

-26.1866 2.07764
-26.1333 2.10721

-26.1333 2.10748
-26.0881 2.13379

-26.0887 2.13379
-26.0771 2.14026

-26.0771 2.14043
-26.021 2.17363

-26.021 2.17355
-25.9932 2.18994

-25.9937 2.18994
-25.9648 2.20697

-25.9648 2.20689
-25.9087 2.23969

-25.9087 2.23965
-25.8978 2.24609

-25.8969 2.24609
-25.8525 2.27243

-25.8525 2.2725
-25.8038 2.30225

-25.8034 2.30225
-25.7964 2.30651

-25.7964 2.30647
-25.7402 2.34228

-25.7402 2.34239
-25.7165 2.3584

-25.7162 2.3584
-25.6841 2.38005

-25.6841 2.38017
-25.6354 2.41455

-25.6357 2.41455
-25.6279 2.42001

-25.6279 2.42001
-25.5718 2.46089

-25.5718 2.46107
-25.559 2.4707

-25.5585 2.4707
-25.5156 2.50256

-25.5156 2.5032
-25.4855 2.52686

-25.4851 2.52686
-25.4595 2.54699

-25.4595 2.5471
-25.4156 2.58301

-25.4154 2.58301
-25.4033 2.59271

-25.4033 2.59325
-25.3492 2.63916

-25.3497 2.63916
-25.3472 2.64134

-25.3472 2.64127
-25.291 2.68943

-25.291 2.68929
-25.2841 2.69531

-25.2836 2.69531
-25.2349 2.73791

-25.2349 2.73802
-25.2201 2.75146

-25.22 2.75146
-25.1787 2.78912

-25.1787 2.78924
-25.1595 2.80762

-25.1592 2.80762
-25.1226 2.84269

-25.1226 2.84283
-25.1011 2.86377

-25.1022 2.86377
-25.0664 2.89868

-25.0664 2.89854
-25.0439 2.91992

-25.0442 2.91992
-25.0103 2.95225

-25.0103 2.95202
-24.984 2.97607

-24.9838 2.97607
-24.9541 3.00337

-24.9541 3.0032
-24.922 3.03223

-24.9217 3.03223
-24.8979 3.05371

-24.8979 3.05359
-24.86 3.08838

-24.8593 3.08838
-24.8418 3.10445

-24.8418 3.10447
-24.8001 3.14453

-24.8 3.14453
-24.7856 3.15832

-24.7856 3.15859
-24.7438 3.20068

-24.7441 3.20068
-24.7295 3.21629

-24.7295 3.2163
-24.6916 3.25684

-24.6915 3.25684
-24.6733 3.27742

-24.6733 3.27742
-24.642 3.31299

-24.6416 3.31299
-24.6172 3.34302

-24.6172 3.34294
-24.5959 3.36914

-24.5962 3.36914
-24.561 3.41661

-24.561 3.41665
-24.5546 3.42529

-24.5548 3.42529
-24.5163 3.48145

-24.5159 3.48145
-24.5049 3.49987

-24.5049 3.49938
-24.4807 3.5376

-24.4805 3.5376
-24.4487 3.59336

-24.4487 3.59274
-24.4482 3.59375

-25.5156 5.77126
-25.5244 5.78369

-25.5256 5.78369
-25.5609 5.83984

-25.7402 6.14345
-25.7597 6.17676

-25.7964 6.24299
-25.8218 6.28906

-25.7594 6.17676
-25.7909 6.23291

-25.7964 6.24297
-25.7908 6.23291

-25.6841 6.04862
-25.6936 6.06445

-25.6279 5.95542
-25.6597 6.0083

-25.6841 6.04863
-25.6598 6.0083

-25.5718 5.85993
-25.593 5.896

-25.5926 5.896
-25.6258 5.95215

-25.5718 5.85993
-25.56 5.83984

-25.6279 5.95581
-25.6257 5.95215

-25.6937 6.06445
-25.727 6.12061

-25.7402 6.14329
-25.7272 6.12061

-25.9648 6.55496
-25.9725 6.56982

-25.9727 6.56982
-26.0009 6.62598

-26.021 6.66607
-26.0291 6.68213

-26.0288 6.68213
-26.058 6.73828

-26.021 6.66637
-26.0006 6.62598

-26.1895 6.97669
-26.2126 7.01904

-26.2126 7.01904
-26.2425 7.0752

-26.2456 7.0813
-26.2715 7.13135

-26.2715 7.13135
-26.2999 7.1875

-26.2456 7.08112
-26.2425 7.0752

-26.0771 6.77325
-26.0885 6.79443

-26.0883 6.79443
-26.1192 6.85059

-26.1333 6.87555
-26.1507 6.90674

-26.1508 6.90674
-26.1819 6.96289

-26.1333 6.8755
-26.1194 6.85059

-26.0771 6.77391
-26.058 6.73828

-26.1895 6.97676
-26.1819 6.96289

-25.8525 6.34474
-25.8837 6.40137

-25.9087 6.44733
-25.9142 6.45752

-25.9145 6.45752
-25.9442 6.51367

-25.9087 6.44718
-25.8838 6.40137

-25.8525 6.34504
-25.8217 6.28906

-25.9648 6.55412
-25.9441 6.51367

-25.1226 5.35355
-25.1603 5.39062

-25.0664 5.29732
-25.1033 5.33447

-25.1226 5.35347
-25.1036 5.33447

-24.6733 4.89949
-24.7149 4.94141

-24.6172 4.84513
-24.6579 4.88525

-24.6733 4.8994
-24.659 4.88525

-24.8979 5.13004
-24.9348 5.16602

-24.8418 5.07464
-24.8773 5.10986

-24.8979 5.13019
-24.8775 5.10986

-25.0103 5.24003
-25.0482 5.27832

-24.9541 5.18413
-24.9925 5.22217

-25.0103 5.23996
-24.9926 5.22217

-25.0664 5.29733
-25.0475 5.27832

-24.9541 5.1843
-24.9354 5.16602

-24.7856 5.01657
-24.8214 5.05371

-24.7295 4.95756
-24.7677 4.99756

-24.7856 5.01652
-24.7674 4.99756

-24.8418 5.07451
-24.8211 5.05371

-24.7295 4.95746
-24.7141 4.94141

-24.4487 3.59375
-24.4202 3.6499

-24.4202 3.6499
-24.3948 3.70605

-24.3947 3.70605
-24.3926 3.71193

-24.3926 3.71154
-24.3727 3.76221

-24.3726 3.76221
-24.3542 3.81836

-24.3544 3.81836
-24.3392 3.87451

-24.3393 3.87451
-24.3364 3.88774

-24.3364 3.88738
-24.327 3.93066

-24.3269 3.93066
-24.3176 3.98682

-24.3176 3.98682
-24.3115 4.04297

-24.3113 4.04297
-24.3085 4.09912

-24.3085 4.09912
-24.3094 4.15527

-24.3095 4.15527
-24.3138 4.21143

-24.3137 4.21143
-24.3214 4.26758

-24.3364 4.34002
-24.3461 4.37988

-24.3216 4.26758
-24.3325 4.32373

-24.3364 4.33994
-24.3325 4.32373

-24.3461 4.37988
-24.3626 4.43604

-24.3626 4.43604
-24.382 4.49219

-24.3926 4.51883
-24.4045 4.54834

-24.4043 4.54834
-24.4309 4.60449

-24.4487 4.63565
-24.4628 4.66064

-24.4616 4.66064
-24.4999 4.7168

-24.4487 4.63796
-24.4299 4.60449

-24.561 4.78852
-24.5996 4.8291

-24.5049 4.72296
-24.5459 4.77295

-24.561 4.78903
-24.5458 4.77295

-24.6172 4.84537
-24.6014 4.8291

-24.5049 4.72304
-24.4998 4.7168

-24.3926 4.51896
-24.3818 4.49219

-25.3472 5.5728
-25.3887 5.61523

-25.291 5.51775
-25.3326 5.55908

-25.3472 5.57262
-25.3335 5.55908

-25.4595 5.69354
-25.4872 5.72754

-25.4033 5.63129
-25.4401 5.67139

-25.4595 5.69342
-25.4415 5.67139

-25.5156 5.76875
-25.4867 5.72754

-25.4033 5.63158
-25.3883 5.61523

-25.2349 5.46257
-25.2762 5.50293

-25.1787 5.40866
-25.218 5.44678

-25.2349 5.46255
-25.2186 5.44678

-25.291 5.51783
-25.2758 5.50293

-25.1787 5.40871
-25.1603 5.39062

-26.4141 7.42563
-26.4336 7.46826

-26.4338 7.46826
-26.4587 7.52441

-26.4702 7.55172
-26.4825 7.58057

-26.4825 7.58057
-26.5052 7.63672

-26.4702 7.55161
-26.4587 7.52441

-26.6387 8.02395
-26.6577 8.08594

-26.5264 7.69262
-26.5477 7.74902

-26.5825 7.85002
-26.5864 7.86133

-26.5473 7.74902
-26.5672 7.80518

-26.5825 7.85
-26.5672 7.80518

-26.5264 7.6919
-26.5052 7.63672

-26.5863 7.86133
-26.6049 7.91748

-26.605 7.91748
-26.623 7.97363

-26.6387 8.02371
-26.623 7.97363

-26.8633 8.93711
-26.8729 8.98438

-26.6576 8.08594
-26.674 8.14209

-26.674 8.14209
-26.6898 8.19824

-26.6948 8.21701
-26.7049 8.25439

-26.7049 8.25439
-26.7196 8.31055

-26.6948 8.21703
-26.6897 8.19824

-26.751 8.43695
-26.7746 8.53516

-26.7196 8.31055
-26.7337 8.3667

-26.7337 8.3667
-26.7475 8.42285

-26.751 8.43706
-26.7475 8.42285

-26.7745 8.53516
-26.7877 8.59131

-26.7877 8.59131
-26.8007 8.64746

-26.8071 8.67561
-26.8135 8.70361

-26.8135 8.70361
-26.8259 8.75977

-26.8071 8.67561
-26.8007 8.64746

-26.8259 8.75977
-26.8381 8.81592

-26.8381 8.81592
-26.85 8.87207

-26.85 8.87207
-26.8616 8.92822

-26.8633 8.93686
-26.8616 8.92822

-26.3018 7.1915
-26.3275 7.24365

-26.3276 7.24365
-26.3548 7.2998

-26.3579 7.30662
-26.3814 7.35596

-26.3814 7.35596
-26.4078 7.41211

-26.3579 7.30653
-26.3547 7.2998

-26.3018 7.19137
-26.2998 7.1875

-26.4141 7.42574
-26.4078 7.41211

-26.8728 8.98438
-26.8837 9.04053

-26.8837 9.04053
-26.8942 9.09668

-26.8942 9.09668
-26.9044 9.15283

-26.9044 9.15283
-26.9142 9.20898

-26.9194 9.23983
-26.9237 9.26514

-26.9237 9.26514
-26.9329 9.32129

-26.9194 9.23984
-26.9142 9.20898

-26.9329 9.32129
-26.9419 9.37744

-26.9419 9.37744
-26.9506 9.43359

-26.9756 9.60658
-26.9826 9.6582

-26.9506 9.43359
-26.959 9.48975

-26.959 9.48975
-26.9672 9.5459

-26.9672 9.5459
-26.975 9.60205

-26.9756 9.60611
-26.975 9.60205

-26.9825 9.6582
-26.9895 9.71436

-26.9894 9.71436
-26.9958 9.77051

-26.9958 9.77051
-27.0016 9.82666

-27.0015 9.82666
-27.0065 9.88281

-27.0065 9.88281
-27.0108 9.93896

-27.0108 9.93896
-27.0144 9.99512

-27.0142 9.99512
-27.0172 10.0513

-27.0173 10.0513
-27.0199 10.1074

-27.0197 10.1074
-27.0221 10.1636

-27.0221 10.1636
-27.0244 10.2197

-27.0243 10.2197
-27.0265 10.2759

-27.0265 10.2759
-27.0287 10.332

-27.0317 10.4082
-27.0332 10.4443

-27.0287 10.332
-27.0309 10.3882

-27.0317 10.408
-27.031 10.3882

-27.0332 10.4443
-27.0354 10.5005

-27.0354 10.5005
-27.0375 10.5566

-27.0375 10.5566
-27.0395 10.6128

-27.0395 10.6128
-27.0413 10.6689

-27.0413 10.6689
-27.043 10.7251

-27.043 10.7251
-27.0445 10.7812

-27.0444 10.7812
-27.0459 10.8374

-27.0459 10.8374
-27.0473 10.8936

-27.0473 10.8936
-27.0488 10.9497

-27.0488 10.9497
-27.0506 11.0059

-27.0506 11.0059
-27.0526 11.062

-27.0526 11.062
-27.0549 11.1182

-27.0549 11.1182
-27.0577 11.1743

-27.0578 11.1743
-27.061 11.2305

-27.0879 11.5998
-27.0941 11.6797

-27.061 11.2305
-27.0646 11.2866

-27.0646 11.2866
-27.0684 11.3428

-27.0685 11.3428
-27.0725 11.3989

-27.0725 11.3989
-27.0767 11.4551

-27.0767 11.4551
-27.081 11.5112

-27.081 11.5112
-27.0854 11.5674

-27.0879 11.5998
-27.0854 11.5674

-27.0941 11.6797
-27.1029 11.792

-27.1029 11.792
-27.1073 11.8481

-27.1073 11.8481
-27.1116 11.9043

-27.1117 11.9043
-27.116 11.9604

-27.116 11.9604
-27.1204 12.0166

-27.1204 12.0166
-27.1247 12.0728

-27.1247 12.0728
-27.1291 12.1289

-27.1291 12.1289
-27.1334 12.1851

-27.1334 12.1851
-27.1378 12.2412

-27.144 12.3204
-27.1467 12.3535

-27.1378 12.2412
-27.1422 12.2974

-27.144 12.3203
-27.1422 12.2974

-27.1467 12.3535
-27.1512 12.4097

-27.1512 12.4097
-27.1558 12.4658

-27.1558 12.4658
-27.1604 12.522

-27.1604 12.522
-27.1651 12.5781

-27.1651 12.5781
-27.1698 12.6343

-27.1698 12.6343
-27.1746 12.6904

-27.1746 12.6904
-27.1795 12.7466

-27.1795 12.7466
-27.1846 12.8027

-27.2002 12.9627
-27.2069 13.0273

-27.1846 12.8027
-27.1898 12.8589

-27.1898 12.8589
-27.1953 12.915

-27.2002 12.9631
-27.1953 12.915

-27.207 13.0273
-27.2131 13.0835

-27.2131 13.0835
-27.2194 13.1396

-27.2195 13.1396
-27.2259 13.1958

-27.2259 13.1958
-27.2326 13.252

-27.2326 13.252
-27.2394 13.3081

-27.2394 13.3081
-27.2464 13.3643

-27.2563 13.4401
-27.2613 13.4766

-27.2464 13.3643
-27.2537 13.4204

-27.2563 13.44
-27.2537 13.4204

-27.2613 13.4766
-27.2691 13.5327

-27.2691 13.5327
-27.2773 13.5889

-27.2773 13.5889
-27.2857 13.645

-27.2857 13.645
-27.2943 13.7012

-27.2944 13.7012
-27.3031 13.7573

-27.3031 13.7573
-27.3119 13.8135

-27.3125 13.817
-27.3119 13.8135

-27.4248 14.5223
-27.4371 14.5996

-27.4008 14.375
-27.4099 14.4312

-27.41 14.4312
-27.4191 14.4873

-27.4248 14.5226
-27.4191 14.4873

-27.4371 14.5996
-27.4456 14.6558

-27.4456 14.6558
-27.4539 14.7119

-27.4539 14.7119
-27.4618 14.7681

-27.4619 14.7681
-27.4696 14.8242

-27.481 14.9101
-27.4844 14.9365

-27.4695 14.8242
-27.4771 14.8804

-27.481 14.9101
-27.4771 14.8804

-27.4844 14.9365
-27.4916 14.9927

-27.4916 14.9927
-27.4988 15.0488

-27.4988 15.0488
-27.5058 15.105

-27.5058 15.105
-27.5129 15.1611

-27.5129 15.1611
-27.52 15.2173

-27.52 15.2173
-27.5271 15.2734

-27.5371 15.3521
-27.5414 15.3857

-27.5414 15.3857
-27.5485 15.4419

-27.5485 15.4419
-27.5555 15.498

-27.5556 15.498
-27.5624 15.5542

-27.5624 15.5542
-27.569 15.6104

-27.569 15.6104
-27.5754 15.6665

-27.5754 15.6665
-27.5817 15.7227

-27.5271 15.2734
-27.5342 15.3296

-27.5371 15.3521
-27.5342 15.3296

-27.5933 15.8283
-27.594 15.835

-27.5817 15.7227
-27.5878 15.7788

-27.5933 15.8282
-27.5879 15.7788

-27.594 15.835
-27.6001 15.8911

-27.6001 15.8911
-27.6063 15.9473

-27.6063 15.9473
-27.6125 16.0034

-27.6125 16.0034
-27.6187 16.0596

-27.6187 16.0596
-27.625 16.1157

-27.625 16.1157
-27.6314 16.1719

-27.6494 16.3334
-27.656 16.3965

-27.6314 16.1719
-27.6378 16.228

-27.6378 16.228
-27.644 16.2842

-27.6494 16.3336
-27.6441 16.2842

-27.6559 16.3965
-27.6613 16.4526

-27.6613 16.4526
-27.6663 16.5088

-27.6662 16.5088
-27.6709 16.5649

-27.6709 16.5649
-27.6755 16.6211

-27.6754 16.6211
-27.6798 16.6772

-27.6798 16.6772
-27.6843 16.7334

-27.6843 16.7334
-27.6887 16.7896

-27.6887 16.7896
-27.693 16.8457

-27.693 16.8457
-27.6972 16.9019

-27.6972 16.9019
-27.701 16.958

-27.7056 17.0308
-27.7078 17.0703

-27.7011 16.958
-27.7046 17.0142

-27.7056 17.0312
-27.7046 17.0142

-27.7078 17.0703
-27.7106 17.1265

-27.7106 17.1265
-27.7129 17.1826

-27.7129 17.1826
-27.7149 17.2388

-27.7149 17.2388
-27.7166 17.2949

-27.7165 17.2949
-27.718 17.3511

-27.718 17.3511
-27.7193 17.4072

-27.7192 17.4072
-27.7205 17.4634

-27.7205 17.4634
-27.7219 17.5195

-27.7218 17.5195
-27.7232 17.5757

-27.7232 17.5757
-27.7247 17.6318

-27.7247 17.6318
-27.7262 17.688

-27.7262 17.688
-27.7277 17.7441

-27.7277 17.7441
-27.7292 17.8003

-27.7292 17.8003
-27.7307 17.8564

-27.7306 17.8564
-27.732 17.9126

-27.732 17.9126
-27.7334 17.9688

-27.7617 18.578
-27.7663 18.6426

-27.7663 18.6426
-27.7745 18.7549

-27.7745 18.7549
-27.7787 18.811

-27.7787 18.811
-27.7829 18.8672

-27.7333 17.9688
-27.7347 18.0249

-27.7347 18.0249
-27.7362 18.0811

-27.7362 18.0811
-27.7378 18.1372

-27.7378 18.1372
-27.7397 18.1934

-27.7397 18.1934
-27.742 18.2495

-27.742 18.2495
-27.7446 18.3057

-27.7446 18.3057
-27.7476 18.3618

-27.7476 18.3618
-27.7509 18.418

-27.751 18.418
-27.7545 18.4741

-27.7546 18.4741
-27.7583 18.5303

-27.7617 18.5785
-27.7584 18.5303

-27.7829 18.8672
-27.7872 18.9233

-27.7872 18.9233
-27.7915 18.9795

-27.7915 18.9795
-27.7958 19.0356

-27.7958 19.0356
-27.8001 19.0918

-27.8001 19.0918
-27.8044 19.1479

-27.8044 19.1479
-27.8086 19.2041

-27.8086 19.2041
-27.8127 19.2603

-27.8128 19.2603
-27.8169 19.3164

-27.8179 19.3296
-27.821 19.3726

-27.821 19.3726
-27.8251 19.4287

-27.8179 19.3297
-27.8169 19.3164

-27.8251 19.4287
-27.8293 19.4849

-27.8293 19.4849
-27.8334 19.541

-27.8335 19.541
-27.8376 19.5972

-27.8376 19.5972
-27.8419 19.6533

-27.8419 19.6533
-27.8461 19.7095

-27.8461 19.7095
-27.8505 19.7656

-27.8505 19.7656
-27.8549 19.8218

-27.8549 19.8218
-27.8594 19.8779

-27.8594 19.8779
-27.864 19.9341

-27.864 19.9341
-27.8688 19.9902

-27.874 20.0498
-27.8787 20.1025

-27.8787 20.1025
-27.8891 20.2148

-27.8688 19.9902
-27.8737 20.0464

-27.874 20.0501
-27.8737 20.0464

-27.8891 20.2148
-27.8945 20.271

-27.8945 20.271
-27.8999 20.3271

-27.8999 20.3271
-27.9055 20.3833

-27.9055 20.3833
-27.9111 20.4395

-27.9111 20.4395
-27.9168 20.4956

-27.9168 20.4956
-27.9226 20.5518

-27.9302 20.6234
-27.9345 20.6641

-27.9226 20.5518
-27.9285 20.6079

-27.9302 20.6235
-27.9285 20.6079

-27.9345 20.6641
-27.9405 20.7202

-27.9405 20.7202
-27.9467 20.7764

-27.9466 20.7764
-27.9529 20.8325

-27.9529 20.8325
-27.9593 20.8887

-27.9593 20.8887
-27.9658 20.9448

-27.9658 20.9448
-27.9725 21.001

-27.9725 21.001
-27.9793 21.0571

-27.9863 21.1132
-27.9794 21.0571

-27.9863 21.1136
-28.0008 21.2256

-28.0008 21.2256
-28.0083 21.2817

-28.0083 21.2817
-28.016 21.3379

-28.016 21.3379
-28.0239 21.394

-28.0239 21.394
-28.032 21.4502

-28.0425 21.5199
-28.049 21.5625

-28.032 21.4502
-28.0404 21.5063

-28.0425 21.5199
-28.0404 21.5063

-28.2109 22.4386
-28.2157 22.4609

-28.2159 22.4609
-28.2287 22.5171

-28.2287 22.5171
-28.2421 22.5732

-28.2671 22.6741
-28.2699 22.6855

-28.2422 22.5732
-28.256 22.6294

-28.2671 22.6741
-28.256 22.6294

-28.3232 22.9009
-28.3255 22.9102

-28.27 22.6855
-28.284 22.7417

-28.284 22.7417
-28.298 22.7979

-28.298 22.7979
-28.3118 22.854

-28.3232 22.9008
-28.3118 22.854

-28.4355 23.3548
-28.4367 23.3594

-28.3255 22.9102
-28.3391 22.9663

-28.3391 22.9663
-28.3526 23.0225

-28.3794 23.1345
-28.3795 23.1348

-28.3525 23.0225
-28.3659 23.0786

-28.3794 23.1342
-28.366 23.0786

-28.3795 23.1348
-28.3932 23.1909

-28.3932 23.1909
-28.4073 23.2471

-28.4073 23.2471
-28.4218 23.3032

-28.4355 23.3548
-28.4217 23.3032

-28.049 21.5625
-28.058 21.6187

-28.058 21.6187
-28.0672 21.6748

-28.0672 21.6748
-28.0767 21.731

-28.0767 21.731
-28.0864 21.7871

-28.0986 21.8554
-28.1065 21.8994

-28.1066 21.8994
-28.1169 21.9556

-28.1168 21.9556
-28.1272 22.0117

-28.0865 21.7871
-28.0964 21.8433

-28.0986 21.8556
-28.0964 21.8433

-28.1272 22.0117
-28.1377 22.0679

-28.1377 22.0679
-28.1482 22.124

-28.1548 22.1589
-28.1588 22.1802

-28.1588 22.1802
-28.1695 22.2363

-28.1548 22.159
-28.1482 22.124

-28.1695 22.2363
-28.1804 22.2925

-28.1804 22.2925
-28.1917 22.3486

-28.1917 22.3486
-28.2035 22.4048

-28.2109 22.4388
-28.2035 22.4048

-28.6602 24.189
-28.6785 24.2578

-28.4369 23.3594
-28.4523 23.4155

-28.4522 23.4155
-28.468 23.4717

-28.4917 23.5551
-28.4998 23.584

-28.4681 23.4717
-28.484 23.5278

-28.4917 23.5551
-28.484 23.5278

-28.5479 23.7607
-28.5606 23.8086

-28.4998 23.584
-28.5154 23.6401

-28.5155 23.6401
-28.5308 23.6963

-28.5308 23.6963
-28.5458 23.7524

-28.5479 23.7605
-28.5457 23.7524

-28.5605 23.8086
-28.5752 23.8647

-28.5752 23.8647
-28.5898 23.9209

-28.604 23.9758
-28.6043 23.9771

-28.6043 23.9771
-28.619 24.0332

-28.604 23.9757
-28.5898 23.9209

-28.619 24.0332
-28.6337 24.0894

-28.6337 24.0894
-28.6486 24.1455

-28.6602 24.1891
-28.6486 24.1455

-28.6785 24.2578
-28.6935 24.314

-28.6935 24.314
-28.7086 24.3701

-28.7163 24.3986
-28.7238 24.4263

-28.7238 24.4263
-28.7391 24.4824

-28.7163 24.3986
-28.7086 24.3701

-28.7725 24.6028
-28.7859 24.6509

-28.7859 24.6509
-28.8018 24.707

-28.7391 24.4824
-28.7546 24.5386

-28.7546 24.5386
-28.7702 24.5947

-28.7725 24.6029
-28.7702 24.5947

-28.8848 24.9978
-28.8981 25.0439

-28.8981 25.0439
-28.9145 25.1001

-28.9145 25.1001
-28.931 25.1562

-28.8286 24.8017
-28.8336 24.8193

-28.8018 24.707
-28.8177 24.7632

-28.8286 24.8016
-28.8177 24.7632

-28.8336 24.8193
-28.8496 24.8755

-28.8496 24.8755
-28.8657 24.9316

-28.8657 24.9316
-28.8818 24.9878

-28.8848 24.9979
-28.8818 24.9878

-29.1094 25.7531
-29.133 25.8301

-29.1655 25.9346
-29.168 25.9424

-29.133 25.8301
-29.1504 25.8862

-29.1655 25.9346
-29.1504 25.8862

-29.168 25.9424
-29.1856 25.9985

-29.1856 25.9985
-29.2034 26.0547

-29.334 26.4627
-29.3474 26.5039

-29.2217 26.1121
-29.2391 26.167

-29.2391 26.167
-29.257 26.2231

-29.257 26.2231
-29.2749 26.2793

-29.2034 26.0547
-29.2212 26.1108

-29.2217 26.1121
-29.2213 26.1108

-29.2778 26.2885
-29.2929 26.3354

-29.2928 26.3354
-29.3109 26.3916

-29.2778 26.2885
-29.2749 26.2793

-29.3109 26.3916
-29.3291 26.4478

-29.334 26.4627
-29.3291 26.4478

-29.3474 26.5039
-29.3658 26.5601

-29.3658 26.5601
-29.3842 26.6162

-29.3901 26.6342
-29.4027 26.6724

-29.4027 26.6724
-29.4212 26.7285

-29.3901 26.6342
-29.3842 26.6162

-29.4463 26.8043
-29.4584 26.8408

-29.4584 26.8408
-29.4771 26.897

-29.4771 26.897
-29.4958 26.9531

-29.4212 26.7285
-29.4398 26.7847

-29.4463 26.8043
-29.4398 26.7847

-30.0078 28.4686
-30.0274 28.5254

-30.064 28.6319
-30.066 28.6377

-30.0274 28.5254
-30.0467 28.5815

-30.064 28.6318
-30.0467 28.5815

-30.066 28.6377
-30.0853 28.6938

-30.0853 28.6938
-30.1047 28.75

-29.5586 27.1399
-29.5713 27.1777

-29.5713 27.1777
-29.5902 27.2339

-29.5902 27.2339
-29.6091 27.29

-29.6147 27.3069
-29.6279 27.3462

-29.6279 27.3462
-29.6467 27.4023

-29.6147 27.3069
-29.6091 27.29

-29.7832 27.8102
-29.7971 27.8516

-29.6709 27.4747
-29.6843 27.5146

-29.6843 27.5146
-29.7031 27.5708

-29.7031 27.5708
-29.7219 27.627

-29.6467 27.4023
-29.6655 27.4585

-29.6709 27.4747
-29.6655 27.4585

-29.7271 27.6424
-29.7407 27.6831

-29.7407 27.6831
-29.7594 27.7393

-29.7271 27.6424
-29.7219 27.627

-29.7594 27.7393
-29.7782 27.7954

-29.7832 27.8102
-29.7782 27.7954

-29.5024 26.9729
-29.5146 27.0093

-29.5146 27.0093
-29.5335 27.0654

-29.5024 26.9729
-29.4958 26.9531

-29.5335 27.0654
-29.5524 27.1216

-29.5586 27.14
-29.5524 27.1216

-29.7971 27.8516
-29.816 27.9077

-29.816 27.9077
-29.835 27.9639

-29.8394 27.9767
-29.8541 28.02

-29.8541 28.02
-29.8732 28.0762

-29.8394 27.9767
-29.835 27.9639

-29.8955 28.1414
-29.9116 28.1885

-29.9116 28.1885
-29.9308 28.2446

-29.9308 28.2446
-29.9501 28.3008

-29.8732 28.0762
-29.8924 28.1323

-29.8955 28.1414
-29.8924 28.1323

-29.9517 28.3054
-29.9694 28.3569

-29.9694 28.3569
-29.9887 28.4131

-29.9517 28.3054
-29.9501 28.3008

-30.0078 28.4686
-29.9887 28.4131

-28.9971 25.3801
-28.9973 25.3809

-28.9409 25.1899
-28.9476 25.2124

-28.9476 25.2124
-28.9641 25.2686

-28.9409 25.1899
-28.931 25.1562

-28.9641 25.2686
-28.9807 25.3247

-28.9971 25.3799
-28.9807 25.3247

-28.9973 25.3809
-29.014 25.437

-29.014 25.437
-29.0308 25.4932

-29.0532 25.568
-29.0645 25.6055

-29.0308 25.4932
-29.0476 25.5493

-29.0532 25.568
-29.0476 25.5493

-29.0645 25.6055
-29.0815 25.6616

-29.0815 25.6616
-29.0986 25.7178

-29.1094 25.7531
-29.0986 25.7178

-30.9062 30.9883
-30.9091 30.9961

-30.9092 30.9961
-30.9302 31.0522

-30.9302 31.0522
-30.9513 31.1084

-30.9624 31.1377
-30.9725 31.1646

-30.9725 31.1646
-30.9936 31.2207

-30.9624 31.1377
-30.9514 31.1084

-31.0186 31.2877
-31.0355 31.333

-31.0747 31.4384
-31.0773 31.4453

-31.0354 31.333
-31.0564 31.3892

-31.0747 31.4384
-31.0564 31.3892

-30.9936 31.2207
-31.0145 31.2769

-31.0186 31.2876
-31.0145 31.2769

-31.3555 32.1769
-31.3766 32.2314

-31.4116 32.3214
-31.4203 32.3438

-31.3766 32.2314
-31.3985 32.2876

-31.4116 32.3214
-31.3985 32.2876

-31.1309 31.5887
-31.1614 31.6699

-31.2432 31.885
-31.2468 31.8945

-31.187 31.7375
-31.204 31.7822

-31.1614 31.6699
-31.1827 31.7261

-31.187 31.7375
-31.1827 31.7261

-31.204 31.7822
-31.2254 31.8384

-31.2432 31.885
-31.2254 31.8384

-31.0773 31.4453
-31.0982 31.5015

-31.0982 31.5015
-31.1192 31.5576

-31.1309 31.5887
-31.1192 31.5576

-31.2468 31.8945
-31.2683 31.9507

-31.2683 31.9507
-31.2898 32.0068

-31.2993 32.0315
-31.3114 32.063

-31.3114 32.063
-31.3331 32.1191

-31.2993 32.0315
-31.2898 32.0068

-31.3331 32.1191
-31.3548 32.1753

-31.3555 32.177
-31.3548 32.1753

-32.7031 35.5702
-32.8567 35.9375

-31.8047 33.3413
-32.1189 34.1406

-31.5801 32.7551
-31.5948 32.793

-31.4678 32.4655
-31.5077 32.5684

-31.4204 32.3438
-31.4422 32.3999

-31.4422 32.3999
-31.4641 32.4561

-31.4678 32.4656
-31.4641 32.4561

-31.5801 32.7552
-31.5077 32.5684

-31.5949 32.793
-31.7683 33.2422

-31.8047 33.3363
-31.7677 33.2422

-32.7031 35.5692
-32.1165 34.1406

-30.2324 29.1128
-30.2431 29.1431

-30.2431 29.1431
-30.2629 29.1992

-30.1201 28.7944
-30.1438 28.8623

-30.1763 28.9541
-30.1835 28.9746

-30.1439 28.8623
-30.1636 28.9185

-30.1763 28.9541
-30.1637 28.9185

-30.1201 28.7945
-30.1047 28.75

-30.1835 28.9746
-30.2034 29.0308

-30.2034 29.0308
-30.2233 29.0869

-30.2324 29.1128
-30.2233 29.0869

-30.2886 29.2721
-30.3025 29.3115

-30.2629 29.1992
-30.2827 29.2554

-30.2886 29.2721
-30.2827 29.2554

-30.3025 29.3115
-30.3223 29.3677

-30.3223 29.3677
-30.3422 29.4238

-30.3447 29.4308
-30.3622 29.48

-30.3622 29.48
-30.3821 29.5361

-30.4009 29.589
-30.4021 29.5923

-30.4021 29.5923
-30.422 29.6484

-30.4009 29.589
-30.3821 29.5361

-30.3447 29.4308
-30.3422 29.4238

-30.457 29.7474
-30.4617 29.7607

-30.4617 29.7607
-30.4816 29.8169

-30.4816 29.8169
-30.5015 29.873

-30.5693 30.0628
-30.5819 30.0977

-30.5132 29.906
-30.5214 29.9292

-30.5214 29.9292
-30.5415 29.9854

-30.5132 29.906
-30.5015 29.873

-30.5415 29.9854
-30.5616 30.0415

-30.5693 30.0629
-30.5616 30.0415

-30.6816 30.3722
-30.7043 30.4346

-30.7378 30.5264
-30.7452 30.5469

-30.7043 30.4346
-30.7248 30.4907

-30.7378 30.5264
-30.7248 30.4907

-30.5819 30.0977
-30.6022 30.1538

-30.6022 30.1538
-30.6226 30.21

-30.6255 30.2179
-30.643 30.2661

-30.643 30.2661
-30.6634 30.3223

-30.6255 30.2179
-30.6226 30.21

-30.6816 30.3722
-30.6634 30.3223

-30.422 29.6484
-30.4419 29.7046

-30.457 29.7474
-30.4419 29.7046

-30.7939 30.6814
-30.8062 30.7153

-30.8062 30.7153
-30.8266 30.7715

-30.7452 30.5469
-30.7656 30.603

-30.7656 30.603
-30.7859 30.6592

-30.7939 30.6813
-30.7859 30.6592

-30.8501 30.8362
-30.8675 30.8838

-30.8265 30.7715
-30.847 30.8276

-30.8501 30.8362
-30.8469 30.8276

-30.8675 30.8838
-30.8882 30.9399

-30.9062 30.9884
-30.8882 30.9399

-32.8588 35.9375
-33.6301 37.7344

-33.6317 37.7344
-34.4245 39.5312

-34.5 39.692
-34.4276 39.5312

-81.2188 128.949
-81.4503 129.375

-77.625 122.397
-78.472 123.984

-78.4376 123.984
-79.3948 125.781

-79.4219 125.82
-80.4319 127.578

-81.2188 128.903
-80.4992 127.578

-79.4219 125.921
-79.3415 125.781

-84.8125 135.603
-85.307 136.562

-88.4062 141.667
-88.5974 141.953

-88.444 141.953
-89.7486 143.75

-86.6094 139.063
-87.3217 140.156

-85.2227 136.562
-86.1337 138.359

-86.6094 139.206
-86.0577 138.359

-88.4062 141.625
-87.4256 140.156

-83.0156 132.523
-83.2592 132.969

-81.4213 129.375
-82.3085 131.172

-83.0156 132.554
-82.261 131.172

-83.297 132.969
-84.3563 134.766

-84.8125 135.466
-84.4514 134.766

-74.0312 115.896
-74.5287 116.797

-74.5213 116.797
-75.4803 118.594

-75.8281 119.232
-76.4721 120.391

-76.4902 120.391
-77.5061 122.188

-75.8281 119.263
-75.4563 118.594

-74.0312 115.836
-73.5698 115

-77.625 122.254
-77.5895 122.188

-90.2031 143.888
-91.4002 145.547

-92 146.017
-91.6608 145.547

-90.2031 144.477
-89.5824 143.75

