-34.5 70.1715
-35.5597 71.875

-41.6875 81.7145
-42.2649 82.6562

-43.4844 84.6537
-44.4613 86.25

-42.2636 82.6562
-43.3607 84.4531

-43.4844 84.625
-43.3792 84.4531

-39.8906 78.7894
-40.0592 79.0625

-38.0938 75.8987
-38.9499 77.2656

-39.8906 78.7849
-38.953 77.2656

-36.2969 73.0462
-36.6894 73.6719

-36.691 73.6719
-37.8215 75.4688

-36.2969 73.0358
-35.5686 71.875

-38.0938 75.8734
-37.8403 75.4688

-40.0557 79.0625
-41.1618 80.8594

-41.6875 81.6969
-41.174 80.8594

-52.4688 99.4638
-53.1699 100.625

-50.6719 96.4886
-50.9996 97.0312

-48.875 93.5235
-49.9136 95.2344

-50.6719 96.4787
-49.9203 95.2344

-50.9967 97.0312
-52.0823 98.8281

-52.4688 99.4402
-52.0992 98.8281

-56.0625 105.436
-56.4104 106.016

-56.4072 106.016
-57.487 107.812

-61.4531 114.425
-61.7967 115

-59.6562 111.422
-60.7237 113.203

-61.4531 114.414
-60.7298 113.203

-57.8594 108.427
-58.5713 109.609

-58.5725 109.609
-59.6474 111.406

-57.8594 108.403
-57.5041 107.812

-54.2656 102.452
-55.3308 104.219

-53.17 100.625
-54.2485 102.422

-56.0625 105.425
-55.3384 104.219

-45.2812 87.5983
-45.5538 88.0469

-45.5507 88.0469
-46.6429 89.8438

-47.0781 90.5566
-47.7366 91.6406

-47.7363 91.6406
-48.8229 93.4375

-47.0781 90.5356
-46.6579 89.8438

-45.2812 87.5905
-44.4668 86.25

-48.875 93.4916
-48.8421 93.4375

-5.75 27.2
-6.93177 28.75

-20.125 47.7089
-20.6598 48.5156

-20.6594 48.5156
-21.8515 50.3125

-23.7188 53.1153
-24.2452 53.9062

-25.5156 55.8167
-26.6275 57.5

-24.2464 53.9062
-25.4388 55.7031

-25.5156 55.8029
-25.4497 55.7031

-21.9219 50.4179
-23.0488 52.1094

-23.7188 53.1085
-23.0537 52.1094

-21.9219 50.4052
-21.8601 50.3125

-16.5312 42.3084
-17.0817 43.125

-12.9375 37.0692
-13.3986 37.7344

-13.3992 37.7344
-14.6393 39.5312

-14.7344 39.6667
-15.8709 41.3281

-16.5312 42.3039
-15.8735 41.3281

-14.7344 39.6599
-14.6464 39.5312

-9.34375 31.9847
-9.60783 32.3438

-11.1406 34.4883
-12.1582 35.9375

-9.60797 32.3438
-10.8986 34.1406

-11.1406 34.4847
-10.899 34.1406

-7.54688 29.5646
-8.2849 30.5469

-9.34375 31.9854
-8.28565 30.5469

-7.54688 29.5642
-6.93515 28.75

-12.9375 37.0674
-12.1542 35.9375

-18.3281 45.0006
-19.4694 46.7188

-17.0805 43.125
-18.2781 44.9219

-18.3281 44.9902
-18.2827 44.9219

-20.125 47.7028
-19.4726 46.7188

4.30127 14.3543
4.28045 14.375

4.35742 14.2991
4.33738 14.3188

4.30127 14.3543
4.33733 14.3188

4.52588 14.1365
4.51132 14.1504

4.58203 14.0836
4.57074 14.0942

4.52588 14.1367
4.57093 14.0942

4.41357 14.2444
4.39478 14.2627

4.46973 14.1903
4.45283 14.2065

4.41357 14.2444
4.45285 14.2065

4.35742 14.2992
4.3949 14.2627

4.46973 14.1905
4.5118 14.1504

4.80664 13.8772
4.75302 13.9258

5.03125 13.6788
5.00564 13.7012

4.91895 13.7768
4.87788 13.8135

4.86279 13.8268
4.81507 13.8696

4.80664 13.8776
4.8155 13.8696

4.86279 13.827
4.87806 13.8135

4.9751 13.7278
4.9415 13.7573

4.91895 13.7772
4.9416 13.7573

4.9751 13.7278
5.00567 13.7012

4.63818 14.0312
4.63076 14.0381

4.69434 13.9797
4.69191 13.9819

4.63818 14.0314
4.69171 13.9819

4.58203 14.0839
4.63119 14.0381

4.69434 13.9796
4.75049 13.9282

4.75049 13.9286
4.75362 13.9258

6.49121 12.5598
6.46451 12.5781

6.54736 12.5217
6.54694 12.522

6.49121 12.56
6.54736 12.522

6.60352 12.4842
6.5474 12.522

6.54736 12.5221
6.54749 12.522

6.82812 12.3351
6.80014 12.3535

6.65967 12.4464
6.63072 12.4658

6.71582 12.4089
6.71468 12.4097

6.65967 12.4467
6.7152 12.4097

6.60352 12.4845
6.6314 12.4658

6.71582 12.4092
6.77197 12.3721

6.77197 12.3724
6.80067 12.3535

5.31201 13.4414
5.26959 13.4766

5.36816 13.3954
5.33773 13.4204

5.31201 13.4415
5.33767 13.4204

5.42432 13.3493
5.40601 13.3643

5.48047 13.3041
5.47545 13.3081

5.42432 13.3496
5.47581 13.3081

5.36816 13.3954
5.40644 13.3643

5.87354 13.0005
5.83778 13.0273

5.92969 12.9584
5.91249 12.9712

5.87354 13.0005
5.91284 12.9712

5.59277 13.2152
5.54643 13.252

5.70508 13.1277
5.68973 13.1396

5.64893 13.1717
5.61802 13.1958

5.59277 13.2156
5.61812 13.1958

5.64893 13.1716
5.69021 13.1396

5.48047 13.3044
5.53662 13.2597

5.53662 13.26
5.54679 13.252

5.70508 13.1281
5.76123 13.0851

5.81738 13.0426
5.76335 13.0835

5.76123 13.0852
5.76348 13.0835

5.81738 13.0429
5.83806 13.0273

5.14355 13.5822
5.13582 13.5889

5.0874 13.6303
5.07028 13.645

5.03125 13.6788
5.07046 13.645

5.0874 13.6305
5.13621 13.5889

5.14355 13.5825
5.19971 13.5351

5.25586 13.488
5.20251 13.5327

5.19971 13.5351
5.20256 13.5327

5.25586 13.4883
5.26997 13.4766

6.1543 12.7949
6.14347 12.8027

6.04199 12.8762
5.98908 12.915

5.92969 12.9587
5.98584 12.9174

5.98584 12.9178
5.9896 12.915

6.09814 12.8358
6.06624 12.8589

6.04199 12.8766
6.06642 12.8589

6.09814 12.8357
6.14396 12.8027

6.1543 12.7953
6.21045 12.7552

6.2666 12.7156
6.22273 12.7466

6.21045 12.7553
6.22276 12.7466

6.32275 12.676
6.30229 12.6904

6.32275 12.676
6.37891 12.637

6.2666 12.7157
6.3026 12.6904

6.43506 12.5985
6.383 12.6343

6.37891 12.6376
6.38371 12.6343

6.43506 12.5986
6.46504 12.5781

7.16504 12.1178
7.14767 12.1289

7.16504 12.1181
7.22119 12.0824

7.27734 12.0468
7.23632 12.0728

7.22119 12.0825
7.2366 12.0728

6.82812 12.3353
6.88428 12.2986

6.94043 12.2621
6.88616 12.2974

6.88428 12.2987
6.88626 12.2974

6.99658 12.2256
6.97254 12.2412

6.99658 12.2256
7.05273 12.1895

6.94043 12.2623
6.97304 12.2412

7.10889 12.1538
7.05992 12.1851

7.05273 12.1899
7.06039 12.1851

7.10889 12.1539
7.14819 12.1289

7.3335 12.0116
7.32557 12.0166

7.3335 12.0116
7.38965 11.9764

7.27734 12.047
7.32564 12.0166

7.4458 11.9411
7.41492 11.9604

7.38965 11.9766
7.41543 11.9604

7.4458 11.9413
7.50195 11.9063

7.55811 11.8713
7.50521 11.9043

7.61426 11.8361
7.59486 11.8481

7.55811 11.8713
7.59527 11.8481

7.72656 11.7665
7.68549 11.792

7.61426 11.8363
7.67041 11.8014

7.67041 11.8017
7.68607 11.792

7.50195 11.9066
7.50569 11.9043

7.89502 11.6626
7.8673 11.6797

7.89502 11.6626
7.95117 11.6279

8.06348 11.5585
8.04904 11.5674

8.00732 11.5934
7.95846 11.6235

7.95117 11.6283
7.95896 11.6235

8.00732 11.5935
8.04964 11.5674

8.06348 11.5587
8.11963 11.524

8.17578 11.4892
8.14004 11.5112

8.11963 11.5241
8.14046 11.5112

8.625 11.2094
8.59154 11.2305

8.28809 11.4199
8.2312 11.4551

8.34424 11.3848
8.32142 11.3989

8.28809 11.4199
8.32186 11.3989

8.34424 11.3849
8.40039 11.3501

8.17578 11.4894
8.23135 11.4551

8.45654 11.3151
8.41212 11.3428

8.5127 11.2798
8.50176 11.2866

8.45654 11.3152
8.50221 11.2866

8.40039 11.3504
8.41261 11.3428

8.5127 11.28
8.56885 11.2449

8.56885 11.2451
8.59206 11.2305

7.78271 11.7316
7.77594 11.7358

7.72656 11.7667
7.77644 11.7358

7.78271 11.7319
7.83887 11.6973

7.83887 11.6976
7.86782 11.6797

1.4375 17.7294
1.42595 17.7441

1.26904 17.9445
1.2501 17.9688

1.3252 17.8729
1.29407 17.9126

1.26904 17.9445
1.294 17.9126

1.38135 17.8012
1.33806 17.8564

1.42601 17.7441
1.38205 17.8003

1.38135 17.8011
1.38202 17.8003

1.3252 17.8729
1.33809 17.8564

-1.25781 21.2591
-1.48332 21.5625

-0.359375 20.0606
-0.815061 20.6641

-1.25781 21.2609
-0.814241 20.6641

0.0898438 19.4702
-0.135867 19.7656

0.539062 18.8857
0.208053 19.3164

0.0898438 19.4714
0.208264 19.3164

0.988281 18.3045
0.987347 18.3057

0.932129 18.3768
0.900145 18.418

0.987495 18.3057
0.94384 18.3618

0.932129 18.3768
0.943776 18.3618

0.763672 18.5944
0.726397 18.6426

0.726398 18.6426
0.55324 18.8672

0.875977 18.4492
0.813163 18.5303

0.763672 18.5945
0.813263 18.5303

0.875977 18.4491
0.900131 18.418

1.10059 18.1603
1.07481 18.1934

1.21289 18.0162
1.20613 18.0249

1.20626 18.0249
1.16242 18.0811

1.15674 18.0884
1.11864 18.1372

1.10059 18.1603
1.11864 18.1372

1.15674 18.0885
1.16252 18.0811

1.04443 18.2323
1.03106 18.2495

0.988281 18.3046
1.03109 18.2495

1.04443 18.2323
1.07478 18.1934

1.21289 18.0165
1.25019 17.9688

0.539062 18.8849
0.552649 18.8672

-0.359375 20.0617
-0.135768 19.7656

-3.95312 24.8514
-4.18379 25.1562

-2.15625 22.4645
-2.8264 23.3594

-3.95312 24.8521
-2.82347 23.3594

-4.1842 25.1562
-5.55574 26.9531

-5.75 27.2022
-5.56008 26.9531

-2.15625 22.4729
-1.47447 21.5625

2.78516 16.0411
2.76986 16.0596

2.729 16.1092
2.72361 16.1157

2.7237 16.1157
2.67761 16.1719

2.729 16.1094
2.76998 16.0596

3.06592 15.7053
3.05123 15.7227

3.12207 15.639
3.09867 15.6665

3.06592 15.7053
3.0988 15.6665

3.17822 15.5735
3.14659 15.6104

3.23438 15.5081
3.19472 15.5542

3.17822 15.5734
3.1947 15.5542

3.12207 15.6391
3.14659 15.6104

2.89746 15.9058
2.86282 15.9473

3.00977 15.7712
3.00335 15.7788

3.00375 15.7788
2.95658 15.835

2.95361 15.8386
2.90968 15.8911

2.89746 15.9058
2.90971 15.8911

2.95361 15.8387
2.95675 15.835

2.84131 15.9733
2.81632 16.0034

2.78516 16.0411
2.81628 16.0034

2.84131 15.9732
2.86283 15.9473

3.00977 15.7718
3.05129 15.7227

2.33594 16.5938
2.31404 16.6211

1.99902 17.0166
1.95647 17.0703

2.05518 16.9459
2.04554 16.958

2.11133 16.8751
2.09006 16.9019

2.05518 16.9459
2.09013 16.9019

2.04554 16.958
2.00099 17.0142

1.99902 17.0168
2.00112 17.0142

2.16748 16.8046
2.13471 16.8457

2.22363 16.7344
2.17954 16.7896

2.16748 16.8046
2.17946 16.7896

2.27979 16.664
2.26917 16.6772

2.26923 16.6772
2.22441 16.7334

2.27979 16.664
2.31407 16.6211

2.22363 16.7345
2.22448 16.7334

2.11133 16.8751
2.13472 16.8457

1.60596 17.5147
1.60217 17.5195

1.66211 17.4434
1.64636 17.4634

1.60596 17.5149
1.64642 17.4634

1.88672 17.1585
1.86762 17.1826

1.83057 17.2296
1.82331 17.2388

1.82342 17.2388
1.77915 17.2949

1.83057 17.2297
1.86771 17.1826

1.71826 17.3721
1.69056 17.4072

1.77441 17.3009
1.73486 17.3511

1.71826 17.3721
1.73482 17.3511

1.66211 17.4434
1.69056 17.4072

1.77441 17.301
1.77921 17.2949

1.5498 17.5864
1.51409 17.6318

1.49365 17.6579
1.47001 17.688

1.4375 17.7294
1.46999 17.688

1.49365 17.6578
1.51407 17.6318

1.60232 17.5195
1.55822 17.5757

1.5498 17.5865
1.55828 17.5757

1.94287 17.0876
1.91207 17.1265

1.88672 17.1585
1.91201 17.1265

1.94287 17.0876
1.95652 17.0703

2.50439 16.3846
2.49479 16.3965

2.56055 16.3153
2.54028 16.3403

2.50439 16.3849
2.54042 16.3403

2.44824 16.4543
2.40428 16.5088

2.39209 16.524
2.35917 16.5649

2.33594 16.5938
2.35912 16.5649

2.39209 16.524
2.40436 16.5088

2.49492 16.3965
2.44956 16.4526

2.44824 16.4545
2.44972 16.4526

2.6167 16.2464
2.58589 16.2842

2.67285 16.1777
2.63169 16.228

2.6167 16.2464
2.63165 16.228

2.56055 16.3154
2.5859 16.2842

2.67285 16.1778
2.67771 16.1719

3.45898 15.2507
3.43884 15.2734

3.68359 15.0005
3.63951 15.0488

3.57129 15.1246
3.53843 15.1611

3.51514 15.1875
3.48861 15.2173

3.45898 15.2508
3.48861 15.2173

3.51514 15.1873
3.53845 15.1611

3.62744 15.0624
3.58894 15.105

3.57129 15.1246
3.58893 15.105

3.62744 15.0624
3.63972 15.0488

3.85205 14.8177
3.84593 14.8242

3.9082 14.7574
3.89814 14.7681

3.85205 14.8175
3.89837 14.7681

4.07666 14.5813
4.05893 14.5996

4.13281 14.5237
4.11344 14.5435

4.07666 14.5813
4.11341 14.5435

3.96436 14.6981
3.9512 14.7119

4.02051 14.6396
4.00496 14.6558

3.96436 14.6984
4.00501 14.6558

3.9082 14.7579
3.95162 14.7119

4.02051 14.6396
4.05901 14.5996

3.7959 14.8778
3.79355 14.8804

3.79373 14.8804
3.74203 14.9365

3.73975 14.9391
3.69069 14.9927

3.68359 15.0006
3.69082 14.9927

3.73975 14.9393
3.74225 14.9365

3.7959 14.8781
3.84585 14.8242

3.34668 15.3784
3.34028 15.3857

3.29053 15.4431
3.24298 15.498

3.34049 15.3857
3.29161 15.4419

3.29053 15.443
3.29151 15.4419

3.40283 15.3144
3.38952 15.3296

3.34668 15.3787
3.38959 15.3296

3.40283 15.3144
3.43884 15.2734

3.23438 15.5083
3.24319 15.498

4.18896 14.4666
4.1684 14.4873

4.24512 14.4102
4.22421 14.4312

4.18896 14.4666
4.22407 14.4312

4.13281 14.5237
4.16852 14.4873

4.24512 14.4103
4.28061 14.375

15.8125 1.96271
15.806 2.02148

15.806 2.02148
15.7995 2.07764

15.7995 2.07764
15.7927 2.13379

15.7928 2.13379
15.7858 2.18994

15.7858 2.18994
15.7785 2.24609

15.7785 2.24609
15.7709 2.30225

15.7709 2.30225
15.7631 2.3584

15.7563 2.40472
15.7549 2.41455

15.7549 2.41455
15.7465 2.4707

15.7563 2.40471
15.7631 2.3584

15.7465 2.4707
15.7379 2.52686

15.7379 2.52686
15.7289 2.58301

15.7289 2.58301
15.7196 2.63916

15.7196 2.63916
15.71 2.69531

15.7002 2.74984
15.6898 2.80762

15.6897 2.80762
15.6792 2.86377

15.6791 2.86377
15.6683 2.91992

15.7002 2.75053
15.71 2.69531

15.6683 2.91992
15.6571 2.97607

15.6571 2.97607
15.6454 3.03223

15.644 3.03841
15.6333 3.08838

15.6333 3.08838
15.6209 3.14453

15.644 3.03841
15.6454 3.03223

15.5879 3.28638
15.5676 3.36914

15.5675 3.36914
15.5531 3.42529

15.5531 3.42529
15.5383 3.48145

15.5317 3.506
15.5232 3.5376

15.5232 3.5376
15.5075 3.59375

15.5317 3.506
15.5384 3.48145

15.6209 3.14453
15.6082 3.20068

15.6082 3.20068
15.5951 3.25684

15.5879 3.28667
15.5951 3.25684

13.3979 7.18354
13.3946 7.1875

13.4541 7.11665
13.4417 7.13135

13.3979 7.18325
13.442 7.13135

13.5103 7.05044
13.4895 7.0752

13.5664 6.98311
13.5365 7.01904

13.5103 7.0504
13.5366 7.01904

13.4541 7.11712
13.4895 7.0752

13.791 6.70939
13.7678 6.73828

13.9595 6.49794
13.9472 6.51367

14.0156 6.42573
13.991 6.45752

13.9595 6.49795
13.9911 6.45752

13.9033 6.5687
13.9024 6.56982

13.9028 6.56982
13.8581 6.62598

13.8472 6.63962
13.8131 6.68213

13.791 6.70949
13.8131 6.68213

13.8472 6.63975
13.8582 6.62598

13.9033 6.5692
13.9472 6.51367

13.6787 6.84727
13.676 6.85059

13.6226 6.91553
13.5833 6.96289

13.6761 6.85059
13.6299 6.90674

13.6226 6.91552
13.6298 6.90674

13.7349 6.77862
13.722 6.79443

13.6787 6.84743
13.7221 6.79443

13.7349 6.77876
13.7678 6.73828

13.5664 6.98325
13.5834 6.96289

14.9141 5.07094
14.8931 5.10986

14.8931 5.10986
14.8623 5.16602

14.8018 5.27301
14.7988 5.27832

14.7456 5.36895
14.7327 5.39062

14.7987 5.27832
14.766 5.33447

14.7456 5.36894
14.7661 5.33447

14.8579 5.17379
14.8308 5.22217

14.8018 5.27312
14.8309 5.22217

14.8579 5.17408
14.8624 5.16602

15.3633 4.05053
15.346 4.09912

15.3461 4.09912
15.3257 4.15527

15.3071 4.20492
15.3047 4.21143

15.3048 4.21143
15.2834 4.26758

15.3071 4.20527
15.3257 4.15527

15.251 4.34976
15.2391 4.37988

15.1948 4.48622
15.1923 4.49219

15.239 4.37988
15.2159 4.43604

15.1948 4.4862
15.2159 4.43604

15.2834 4.26758
15.2615 4.32373

15.251 4.35002
15.2615 4.32373

15.4756 3.70388
15.475 3.70605

15.4749 3.70605
15.4579 3.76221

15.4579 3.76221
15.4404 3.81836

15.5075 3.59375
15.4914 3.6499

15.4756 3.70386
15.4915 3.6499

15.4194 3.88413
15.4042 3.93066

15.4404 3.81836
15.4226 3.87451

15.4194 3.88412
15.4226 3.87451

15.4042 3.93066
15.3854 3.98682

15.3854 3.98682
15.366 4.04297

15.3633 4.05076
15.366 4.04297

15.1387 4.6145
15.1178 4.66064

15.1178 4.66064
15.0918 4.7168

15.0264 4.85278
15.0103 4.88525

15.0104 4.88525
14.982 4.94141

15.0825 4.73645
15.0653 4.77295

15.0653 4.77295
15.0381 4.8291

15.0825 4.73677
15.092 4.7168

15.0264 4.853
15.0382 4.8291

15.1923 4.49219
15.1681 4.54834

15.1681 4.54834
15.1433 4.60449

15.1387 4.61466
15.1433 4.60449

14.9702 4.96417
14.953 4.99756

14.953 4.99756
14.9234 5.05371

14.9702 4.96446
14.9821 4.94141

14.9141 5.07111
14.9234 5.05371

14.4648 5.80943
14.4444 5.83984

14.1279 6.27894
14.1204 6.28906

14.2402 6.12774
14.2044 6.17676

14.1841 6.20396
14.1626 6.23291

14.1279 6.27911
14.1627 6.23291

14.1841 6.20412
14.2044 6.17676

14.2964 6.05057
14.2864 6.06445

14.3525 5.9717
14.3266 6.0083

14.2964 6.05058
14.3267 6.0083

14.4087 5.89126
14.4054 5.896

14.4056 5.896
14.3664 5.95215

14.4087 5.89151
14.4443 5.83984

14.3525 5.97178
14.3664 5.95215

14.2864 6.06445
14.2456 6.12061

14.2402 6.12804
14.2457 6.12061

14.6895 5.46168
14.6643 5.50293

14.6333 5.55194
14.6288 5.55908

14.629 5.55908
14.5932 5.61523

14.6333 5.55223
14.6642 5.50293

14.521 5.72581
14.5199 5.72754

14.5771 5.64001
14.5568 5.67139

14.521 5.7259
14.5569 5.67139

14.5199 5.72754
14.4824 5.78369

14.4648 5.80962
14.4824 5.78369

14.5771 5.64008
14.5932 5.61523

14.7327 5.39062
14.6988 5.44678

14.6895 5.46198
14.6988 5.44678

14.0718 6.35287
14.0345 6.40137

14.1204 6.28906
14.0777 6.34521

14.0718 6.35287
14.0777 6.34521

14.0156 6.4258
14.0345 6.40137

9.29883 10.7741
9.28799 10.7812

9.29883 10.7742
9.35498 10.7368

9.41113 10.699
9.3722 10.7251

9.35498 10.7368
9.37246 10.7251

9.46729 10.6611
9.45571 10.6689

9.46729 10.6612
9.52344 10.6231

9.41113 10.699
9.45575 10.6689

9.97266 10.3105
9.94228 10.332

9.63574 10.546
9.62023 10.5566

9.63574 10.5462
9.69189 10.5076

9.74805 10.4687
9.70211 10.5005

9.69189 10.5076
9.70218 10.5005

9.57959 10.5848
9.53856 10.6128

9.52344 10.6233
9.53884 10.6128

9.57959 10.5848
9.6206 10.5566

9.8042 10.4294
9.78282 10.4443

9.8042 10.4295
9.86035 10.3901

9.74805 10.4688
9.78306 10.4443

9.9165 10.3506
9.86316 10.3882

9.86035 10.3904
9.86355 10.3882

9.9165 10.3507
9.94276 10.332

10.0288 10.27
10.0206 10.2759

9.97266 10.3106
10.0211 10.2759

10.0288 10.2703
10.085 10.2298

10.1411 10.1891
10.0989 10.2197

10.1973 10.1481
10.176 10.1636

10.1411 10.1891
10.1762 10.1636

10.085 10.23
10.0992 10.2197

10.3096 10.0659
10.253 10.1074

10.4219 9.98199
10.4042 9.99512

10.3657 10.0241
10.3292 10.0513

10.3096 10.066
10.3294 10.0513

10.3657 10.0242
10.4046 9.99512

10.1973 10.1483
10.2532 10.1074

10.2534 10.1076
10.2537 10.1074

11.6572 8.98375
11.6565 8.98438

11.6572 8.98391
11.7134 8.9341

11.7695 8.88408
11.7202 8.92822

11.7134 8.93419
11.72 8.92822

12.1626 8.51629
12.143 8.53516

12.2188 8.46146
12.2008 8.479

12.1626 8.51624
12.2008 8.479

11.938 8.72953
11.9053 8.75977

11.9941 8.67729
11.966 8.70361

11.938 8.72962
11.9658 8.70361

11.8257 8.83313
11.7827 8.87207

11.8818 8.78171
11.8445 8.81592

11.8257 8.83319
11.8445 8.81592

11.7695 8.88407
11.7828 8.87207

11.8818 8.78173
11.9056 8.75977

12.0503 8.62395
12.0254 8.64746

12.1064 8.57049
12.0846 8.59131

12.0503 8.62396
12.0845 8.59131

11.9941 8.67726
12.0256 8.64746

12.1064 8.57054
12.1431 8.53516

10.5903 9.85478
10.5536 9.88281

10.6465 9.81157
10.6268 9.82666

10.5903 9.85482
10.6271 9.82666

10.8711 9.63699
10.844 9.6582

10.7026 9.76817
10.6996 9.77051

10.7026 9.7684
10.7588 9.72486

10.6465 9.8118
10.7 9.77051

10.8149 9.68112
10.7723 9.71436

10.7588 9.72502
10.7725 9.71436

10.8149 9.68118
10.8442 9.6582

11.1519 9.41237
11.1257 9.43359

11.208 9.3664
11.1945 9.37744

11.1519 9.41256
11.1948 9.37744

11.2642 9.31965
11.2622 9.32129

11.2642 9.32013
11.3203 9.27336

11.208 9.36668
11.2629 9.32129

10.9272 9.59252
10.9152 9.60205

10.8711 9.63706
10.9155 9.60205

10.9272 9.59281
10.9834 9.54828

11.0396 9.50336
10.9863 9.5459

11.0957 9.45817
11.0565 9.48975

11.0396 9.50343
11.0565 9.48975

10.9834 9.54847
10.9866 9.5459

11.0957 9.45821
11.126 9.43359

10.4219 9.98214
10.478 9.94

10.5342 9.89761
10.4794 9.93896

10.478 9.94004
10.4794 9.93896

10.5342 9.89775
10.5538 9.88281

11.4326 9.17898
11.397 9.20898

11.5449 9.08211
11.528 9.09668

11.4888 9.13083
11.4631 9.15283

11.4326 9.17893
11.4631 9.15283

11.4888 9.13086
11.5283 9.09668

11.3765 9.22641
11.3302 9.26514

11.3203 9.27354
11.3304 9.26514

11.3765 9.22654
11.3972 9.20898

11.6011 9.03321
11.5927 9.04053

11.5449 9.08218
11.5928 9.04053

11.6011 9.03348
11.6569 8.98438

8.68115 11.1737
8.68023 11.1743

8.625 11.2095
8.68064 11.1743

8.68115 11.174
8.7373 11.1383

8.79346 11.1023
8.76866 11.1182

8.79346 11.1024
8.84961 11.0664

8.7373 11.1385
8.76907 11.1182

8.96191 10.9941
8.94367 11.0059

8.96191 10.9943
9.01807 10.958

9.07422 10.9216
9.03091 10.9497

9.01807 10.9581
9.03102 10.9497

8.90576 11.0305
8.85661 11.062

8.84961 11.0668
8.85703 11.062

8.90576 11.0306
8.94416 11.0059

9.13037 10.885
9.11725 10.8936

9.13037 10.885
9.18652 10.8483

9.07422 10.9217
9.11739 10.8936

9.24268 10.8113
9.20297 10.8374

9.18652 10.8485
9.2034 10.8374

9.24268 10.8113
9.28812 10.7812

12.6118 8.06256
12.5896 8.08594

12.668 8.00315
12.6429 8.02979

12.6118 8.06254
12.6429 8.02979

13.0049 7.63494
13.0033 7.63672

13.1172 7.50832
13.1031 7.52441

13.061 7.5717
13.0532 7.58057

13.0049 7.63505
13.0533 7.58057

13.061 7.57192
13.1031 7.52441

12.8364 7.82168
12.8001 7.86133

12.8926 7.76002
12.8515 7.80518

12.8364 7.82168
12.8516 7.80518

12.7241 7.94328
12.6958 7.97363

12.7803 7.88277
12.7482 7.91748

12.7241 7.94327
12.7482 7.91748

12.668 8.00321
12.6958 7.97363

12.7803 7.88277
12.8001 7.86133

12.9487 7.6979
12.9026 7.74902

13.0034 7.63672
12.9532 7.69287

12.9487 7.69783
12.9532 7.69287

12.8926 7.7601
12.9027 7.74902

12.3872 8.29377
12.3706 8.31055

12.4434 8.23682
12.4262 8.25439

12.3872 8.29393
12.4263 8.25439

12.2749 8.40604
12.2578 8.42285

12.3311 8.3502
12.3145 8.3667

12.2749 8.40616
12.3146 8.3667

12.2188 8.4616
12.2581 8.42285

12.3311 8.35031
12.3708 8.31055

12.4995 8.1794
12.4812 8.19824

12.5557 8.12125
12.5357 8.14209

12.4995 8.17942
12.5357 8.14209

12.4434 8.23701
12.4813 8.19824

12.5557 8.12126
12.5896 8.08594

13.2295 7.37949
13.2013 7.41211

13.3418 7.24904
13.2984 7.2998

13.2856 7.31455
13.25 7.35596

13.2295 7.37962
13.25 7.35596

13.2856 7.31463
13.2984 7.2998

13.1733 7.44413
13.1523 7.46826

13.1172 7.50839
13.1524 7.46826

13.1733 7.44413
13.2012 7.41211

13.3944 7.1875
13.3465 7.24365

13.3418 7.24931
13.3466 7.24365

15.9106 0
15.9105 0.0561523

15.9105 0.0561523
15.9103 0.112305

15.9103 0.112305
15.9099 0.168457

15.9099 0.168457
15.9094 0.224609

15.9094 0.224609
15.9087 0.280762

15.9087 0.280762
15.9079 0.336914

15.9079 0.336914
15.9069 0.393066

15.9069 0.393066
15.9058 0.449219

15.9058 0.449219
15.9045 0.505371

15.9045 0.505371
15.9031 0.561523

15.9031 0.561523
15.9016 0.617676

15.9016 0.617676
15.8998 0.673828

15.8998 0.673828
15.898 0.72998

15.898 0.72998
15.8959 0.786133

15.8959 0.786133
15.8937 0.842285

15.8937 0.842285
15.8914 0.898438

15.8914 0.898438
15.8889 0.95459

15.8889 0.95459
15.8862 1.01074

15.8862 1.01074
15.8834 1.06689

15.8834 1.06689
15.8804 1.12305

15.8804 1.12305
15.8772 1.1792

15.8772 1.1792
15.8738 1.23535

15.8687 1.3151
15.8665 1.34766

15.8738 1.23535
15.8702 1.2915

15.8687 1.31508
15.8702 1.2915

15.8665 1.34766
15.8626 1.40381

15.8626 1.40381
15.8585 1.45996

15.8585 1.45996
15.8542 1.51611

15.8542 1.51611
15.8497 1.57227

15.8497 1.57227
15.845 1.62842

15.845 1.62842
15.8402 1.68457

15.8401 1.68457
15.835 1.74072

15.835 1.74072
15.8297 1.79688

15.8297 1.79688
15.8242 1.85303

15.8242 1.85303
15.8184 1.90918

15.8125 1.96341
15.8184 1.90918

-30.9062 64.2428
-31.1789 64.6875

-27.3125 58.5503
-27.7982 59.2969

-27.798 59.2969
-28.947 61.0938

-29.1094 61.3499
-30.0775 62.8906

-30.9062 64.2376
-30.0804 62.8906

-29.1094 61.3333
-28.9589 61.0938

-32.7031 67.2158
-33.3484 68.2812

-31.1735 64.6875
-32.2623 66.4844

-32.7031 67.1999
-32.2698 66.4844

-33.3459 68.2812
-34.4427 70.0781

-34.5 70.1452
-34.4583 70.0781

-27.3125 58.5433
-26.6338 57.5

-77.625 141.907
-77.6519 141.953

-77.6354 141.953
-78.7096 143.75

-63.25 117.426
-63.9498 118.594

-65.0469 120.433
-66.0988 122.188

-63.9495 118.594
-65.0214 120.391

-65.0469 120.402
-65.0403 120.391

-66.8438 123.437
-67.1693 123.984

-67.1652 123.984
-68.2323 125.781

-68.6406 126.462
-69.3029 127.578

-69.3036 127.578
-70.3596 129.375

-68.6406 126.442
-68.2484 125.781

-66.8438 123.425
-66.1077 122.188

-74.0312 135.698
-74.5272 136.562

-72.2344 132.587
-72.4564 132.969

-70.4375 129.51
-71.4105 131.172

-72.2344 132.582
-71.4145 131.172

-72.4554 132.969
-73.497 134.766

-74.0312 135.672
-73.5114 134.766

-75.8281 138.812
-76.6114 140.156

-74.5197 136.562
-75.555 138.359

-75.8281 138.796
-75.5735 138.359

-77.625 141.905
-76.6114 140.156

-70.4375 129.466
-70.384 129.375

-84.8125 152.178
-85.2 152.734

-85.1761 152.734
-86.0581 154.531

-86.6094 156.134
-86.6839 156.328

-86.6138 156.328
-87.378 158.125

-86.6094 156.125
-85.998 154.531

-86.6094 156.378
-86.5883 156.328

-83.0156 149.893
-83.8528 150.938

-81.2188 147.6
-82.3569 149.141

-83.0156 149.947
-82.3698 149.141

-79.4219 144.871
-79.8517 145.547

-79.8544 145.547
-81.0636 147.344

-79.4219 144.871
-78.7089 143.75

-81.2188 147.539
-81.0745 147.344

-84.8125 152.17
-83.9543 150.938

-88.4062 159.963
-89.4192 161.719

-90.2031 163.051
-90.4782 163.516

-90.4876 163.516
-91.5737 165.312

-90.2031 163.054
-89.4117 161.719

-87.3943 158.125
-88.347 159.922

-88.4062 159.941
-88.3953 159.922

-92 165.894
-91.6574 165.312

-61.7936 115
-62.8699 116.797

-63.25 117.399
-62.8889 116.797

