-52.5562 0
-52.5559 0.0561523

-52.5558 0.0561523
-52.5548 0.112305

-52.555 0.112305
-52.5529 0.168457

-52.5528 0.168457
-52.5492 0.224609

-52.5497 0.224609
-52.5435 0.280762

-52.5435 0.280762
-52.5339 0.336914

-52.5341 0.336914
-52.5249 0.374767

-52.5249 0.374948
-52.5205 0.393066

-52.5206 0.393066
-52.5021 0.449219

-52.5018 0.449219
-52.4789 0.505371

-52.479 0.505371
-52.4688 0.526628

-52.5249 1.9017
-52.4688 1.86756

-52.5249 1.91313
-52.5623 1.96533

-52.5626 1.96533
-52.5783 2.02148

-52.5792 2.02148
-52.5679 2.07764

-52.5668 2.07764
-52.5288 2.13379

-52.5252 2.13379
-52.5249 2.13409

-52.5249 2.14252
-52.4688 2.18344

-52.471 2.18994
-52.4688 2.1916

-52.4688 0.526982
-52.4521 0.561523

-52.4497 0.561523
-52.4225 0.617676

-52.4222 0.617676
-52.4126 0.642324

-52.4126 0.642025
-52.4002 0.673828

-52.4022 0.673828
-52.3827 0.72998

-52.3827 0.72998
-52.3618 0.786133

-52.3635 0.786133
-52.3564 0.800372

-52.3564 0.801553
-52.338 0.842285

-52.3377 0.842285
-52.3051 0.898438

-52.302 0.898438
-52.3003 0.901315

-52.3003 0.901209
-52.2692 0.95459

-52.2704 0.95459
-52.2441 1.00541

-52.2441 1.00635
-52.2419 1.01074

-52.2422 1.01074
-52.2128 1.06689

-52.2133 1.06689
-52.188 1.11062

-52.188 1.11274
-52.182 1.12305

-52.1813 1.12305
-52.1437 1.1792

-52.1435 1.1792
-52.1318 1.19469

-52.1318 1.19382
-52.1007 1.23535

-52.1001 1.23535
-52.0757 1.26665

-52.0757 1.2667
-52.0563 1.2915

-52.0558 1.2915
-52.0195 1.33906

-52.1318 1.79366
-52.154 1.79688

-52.0757 1.78289
-52.1061 1.79688

-52.0195 1.73713
-52.0226 1.74072

-52.0757 1.78477
-52.03 1.74072

-52.0195 1.33888
-52.0128 1.34766

-52.0134 1.34766
-51.9717 1.40381

-51.9706 1.40381
-51.9634 1.41583

-51.9634 1.41019
-51.9334 1.45996

-51.9326 1.45996
-51.9172 1.51611

-51.9168 1.51611
-51.9234 1.57227

-51.9634 1.65091
-51.9847 1.68457

-51.9266 1.57227
-51.9497 1.62842

-51.9634 1.65268
-51.948 1.62842

-52.0195 1.72149
-51.988 1.68457

-51.3457 1.78778
-51.357 1.79688

-51.2334 1.67628
-51.2427 1.68457

-51.2896 1.73097
-51.301 1.74072

-51.3457 1.78611
-51.2957 1.74072

-51.2896 1.72804
-51.2408 1.68457

-51.2334 1.67646
-51.1772 1.64308

-51.1211 1.6282
-51.1217 1.62842

-51.1772 1.64513
-51.1263 1.62842

-51.2334 1.68569
-51.2311 1.68457

-51.1211 1.62765
-51.0649 1.61827

-51.0649 1.61908
-51.0088 1.61542

-51.0088 1.61619
-50.9526 1.6151

-50.9526 1.61578
-50.8965 1.61434

-50.8965 1.61482
-50.8403 1.61071

-50.8403 1.6109
-50.7842 1.60279

-50.7842 1.60256
-50.728 1.59054

-50.728 1.59067
-50.6719 1.57493

-52.4126 1.83457
-52.4478 1.85303

-52.4688 1.86687
-52.4423 1.85303

-52.4126 1.83523
-52.3564 1.81633

-52.3564 1.81717
-52.3003 1.80823

-52.3003 1.80867
-52.2441 1.80713

-52.4688 2.18452
-52.4622 2.18994

-52.4566 2.18994
-52.4126 2.22642

-52.4126 2.22642
-52.3912 2.24609

-52.2441 1.80907
-52.188 1.81017

-52.188 1.81391
-52.1318 1.80756

-52.1318 1.81093
-52.1012 1.79688

-52.3988 2.24609
-52.3564 2.28242

-52.3564 2.28178
-52.3308 2.30225

-52.3367 2.30225
-52.3003 2.33129

-52.3003 2.33199
-52.2459 2.3584

-52.2454 2.3584
-52.2441 2.35919

-52.2246 2.3584
-52.1318 2.38277

-52.1318 2.37723
-52.0757 2.38445

-52.0757 2.38568
-52.0195 2.39397

-51.5703 2.11921
-51.5746 2.13379

-51.5738 2.13379
-51.5949 2.18994

-51.5944 2.18994
-51.6235 2.24609

-52.0195 2.39465
-51.9634 2.40021

-51.9634 2.40066
-51.9072 2.40123

-51.9072 2.40156
-51.8511 2.39556

-51.8511 2.39543
-51.7949 2.38247

-51.6826 2.32486
-51.7276 2.3584

-51.7949 2.39138
-51.7464 2.3584

-51.6265 2.25302
-51.6634 2.30225

-51.6826 2.32119
-51.6655 2.30225

-51.6265 2.25272
-51.6215 2.24609

-51.458 1.87293
-51.4958 1.90918

-51.5142 1.93959
-51.5298 1.96533

-51.5251 1.96533
-51.5444 2.02148

-51.5142 1.94003
-51.4954 1.90918

-51.4019 1.82897
-51.4307 1.85303

-51.458 1.87211
-51.4351 1.85303

-51.4019 1.83075
-51.36 1.79688

-51.5432 2.02148
-51.5591 2.07764

-51.5703 2.1175
-51.5586 2.07764

-51.5703 2.13769
-51.5684 2.13379

-51.3457 1.79711
-51.3454 1.79688

-50.6157 1.55601
-50.6661 1.57227

-50.6157 1.55593
-50.5596 1.5372

-50.5596 1.53711
-50.5034 1.51815

-50.4473 1.49926
-50.4977 1.51611

-50.5034 1.51803
-50.4977 1.51611

-50.6719 1.57423
-50.6657 1.57227

-50.4473 1.49953
-50.3911 1.48072

-50.3911 1.48105
-50.335 1.46095

-50.2788 1.43943
-50.3337 1.45996

-50.2788 1.43942
-50.2227 1.41863

-50.335 1.46086
-50.3325 1.45996

-49.998 1.34098
-50.0181 1.34766

-49.998 1.34105
-49.9419 1.3224

-49.9419 1.32258
-49.8857 1.3033

-49.8296 1.28299
-49.8532 1.2915

-49.8857 1.30332
-49.853 1.2915

-49.8296 1.28351
-49.7734 1.26139

-50.1665 1.39807
-50.1823 1.40381

-50.2227 1.41859
-50.1819 1.40381

-50.1665 1.39814
-50.1104 1.37848

-50.1104 1.37856
-50.0542 1.35952

-50.0542 1.35954
-50.0184 1.34766

-49.1558 0.869911
-49.1931 0.898438

-49.0996 0.830209
-49.1165 0.842285

-49.1558 0.869986
-49.1169 0.842285

-48.9873 0.760055
-49.0318 0.786133

-49.0996 0.830263
-49.0435 0.793521

-49.0435 0.793177
-49.0314 0.786133

-48.9873 0.760684
-48.9312 0.731351

-48.875 0.704618
-48.9286 0.72998

-48.9312 0.730953
-48.9291 0.72998

-49.6611 1.20954
-49.7147 1.23535

-49.7734 1.26181
-49.7158 1.23535

-49.6611 1.20942
-49.605 1.18016

-49.5488 1.14869
-49.6028 1.1792

-49.605 1.1796
-49.6043 1.1792

-49.4927 1.11389
-49.5077 1.12305

-49.4927 1.11397
-49.4365 1.07784

-49.3242 1.00101
-49.338 1.01074

-49.3804 1.04037
-49.4202 1.06689

-49.4365 1.07779
-49.4202 1.06689

-49.3804 1.04108
-49.3374 1.01074

-49.5488 1.14881
-49.5074 1.12305

-49.3242 1.00119
-49.2681 0.958506

-49.2119 0.913833
-49.264 0.95459

-49.2681 0.95763
-49.2642 0.95459

-49.3242 1.01133
-49.3234 1.01074

-49.2119 0.914157
-49.1903 0.898438

-48.7627 0.656277
-48.806 0.673828

-48.7627 0.656781
-48.7065 0.637951

-48.7065 0.638509
-48.6504 0.622645

-48.875 0.704482
-48.801 0.673828

-48.7627 0.674003
-48.7621 0.673828

-48.5942 0.608587
-48.6309 0.617676

-48.6504 0.62276
-48.6299 0.617676

-48.5942 0.608729
-48.5381 0.596718

-48.5381 0.596902
-48.4819 0.58633

-48.4819 0.586327
-48.4258 0.57683

-48.3135 0.557422
-48.3375 0.561523

-48.4258 0.577229
-48.3301 0.561523

-48.3135 0.557717
-48.2573 0.549251

-48.2573 0.549698
-48.2012 0.542302

-48.2012 0.542452
-48.145 0.534933

-48.145 0.53485
-48.0889 0.527072

-48.0889 0.527004
-48.0327 0.51927

-48.0327 0.519316
-47.9766 0.511668

-47.9204 0.503781
-47.9321 0.505371

-47.9766 0.51172
-47.93 0.505371

-47.9204 0.503715
-47.8643 0.496671

-47.8643 0.496789
-47.8081 0.490714

-47.8081 0.490726
-47.752 0.485359

-47.752 0.485321
-47.6958 0.48071

-47.6958 0.480746
-47.6396 0.476894

-47.6396 0.476946
-47.5835 0.473677

-47.5835 0.473724
-47.5273 0.470838

-47.1904 0.447756
-47.2034 0.449219

-47.1904 0.447366
-47.1343 0.440823

-47.1343 0.440824
-47.0781 0.435602

-47.5273 0.470924
-47.4712 0.468155

-47.4712 0.468165
-47.415 0.465321

-47.415 0.465311
-47.3589 0.462391

-47.3589 0.462677
-47.3027 0.45913

-47.3027 0.45941
-47.1949 0.449219

-47.0781 0.435769
-47.022 0.431533

-47.022 0.431623
-46.9658 0.427858

-46.9658 0.427884
-46.9097 0.424357

-46.9097 0.424395
-46.8535 0.42098

-46.8535 0.420994
-46.7974 0.41759

-46.7974 0.417554
-46.7412 0.414207

-46.7412 0.414195
-46.6851 0.410999

-46.6851 0.410994
-46.6289 0.407984

-46.6289 0.407981
-46.5728 0.40517

-46.5728 0.405183
-46.5166 0.402551

-46.5166 0.40259
-46.4604 0.400034

-46.4604 0.400093
-46.4043 0.397417

-46.4043 0.3975
-46.3481 0.394419

-46.292 0.390809
-46.3292 0.393066

-46.3481 0.394431
-46.3256 0.393066

-46.292 0.390782
-46.2358 0.387523

-46.2358 0.387562
-46.1797 0.384583

-46.1797 0.3846
-46.1235 0.381788

-46.1235 0.381788
-46.0674 0.37911

-46.0674 0.37911
-46.0112 0.376569

-46.0112 0.376572
-45.9551 0.374159

-45.9551 0.374162
-45.8989 0.371864

-45.8989 0.371862
-45.8428 0.369679

-45.8428 0.36967
-45.7866 0.367625

-45.7866 0.36761
-45.7305 0.365751

-45.7305 0.365784
-45.6743 0.364075

-45.6743 0.364096
-45.6182 0.36243

-45.6182 0.362403
-45.562 0.360793

-45.562 0.360794
-45.5059 0.359291

-45.5059 0.359297
-45.4497 0.357889

-45.4497 0.357893
-45.3936 0.35656

-45.3936 0.356563
-45.3374 0.355289

-45.3374 0.35529
-45.2812 0.354069

-45.2812 0.35407
-45.2251 0.3529

-45.2251 0.352907
-45.1689 0.351773

-45.1689 0.35179
-45.1128 0.350642

-45.1128 0.35064
-45.0566 0.349448

-45.0566 0.349372
-45.0005 0.348289

-45.0005 0.348186
-44.9443 0.347571

-44.9443 0.347893
-44.832 0.346727

-44.832 0.346776
-44.7197 0.345266

-44.7197 0.345172
-44.6074 0.343405

-44.6074 0.343371
-44.4951 0.341603

-44.4951 0.341605
-44.3828 0.339897

-44.3828 0.339945
-44.2705 0.338198

-44.1582 0.336189
-44.196 0.336914

-44.2705 0.338278
-44.1939 0.336914

-44.1582 0.33618
-44.1021 0.33507

-44.1021 0.33506
-44.0459 0.333972

-44.0459 0.333974
-43.9897 0.332922

-43.9897 0.332919
-43.9336 0.331903

-43.9336 0.331901
-43.8774 0.330935

-43.8774 0.330933
-43.8213 0.330024

-43.8213 0.330024
-43.7651 0.329176

-43.7651 0.329176
-43.709 0.328386

-43.709 0.328388
-43.6528 0.327651

-43.6528 0.327652
-43.5967 0.326964

-43.5967 0.326964
-43.5405 0.326323

-43.5405 0.326322
-43.4844 0.325726

-43.4844 0.325726
-43.4282 0.325178

-43.4282 0.325177
-43.3721 0.32468

-43.3721 0.32468
-43.3159 0.324237

-43.3159 0.324237
-43.2598 0.323848

-43.2598 0.323849
-43.2036 0.323514

-43.2036 0.323514
-43.1475 0.32323

-43.1475 0.323231
-43.0913 0.322995

-43.0913 0.322995
-43.0352 0.322802

-43.0352 0.322803
-42.979 0.32265

-42.979 0.322651
-42.9229 0.322537

-42.9229 0.322537
-42.8667 0.322461

-42.8667 0.322461
-42.8105 0.322421

-42.8105 0.322421
-42.7544 0.322419

-42.7544 0.322418
-42.6982 0.322454

-42.6982 0.322454
-42.6421 0.32253

-42.6421 0.32253
-42.5859 0.322647

-42.5859 0.322647
-42.5298 0.322806

-42.5298 0.322806
-42.4736 0.323005

-42.4736 0.323006
-42.4175 0.323242

-42.4175 0.323244
-42.3613 0.323512

-42.3613 0.323514
-42.3052 0.323807

-42.3052 0.323809
-42.249 0.324115

-42.249 0.324118
-42.1929 0.324427

-42.1929 0.32443
-42.1367 0.324728

-42.1367 0.324732
-42.0806 0.325006

-42.0806 0.32501
-42.0244 0.325246

-42.0244 0.32525
-41.9683 0.325434

-41.9683 0.325437
-41.9121 0.325555

-41.9121 0.325557
-41.856 0.325601

-41.856 0.325601
-41.7998 0.325567

-41.7998 0.325566
-41.7437 0.325456

-41.7437 0.325454
-41.6875 0.325275

-41.6875 0.325271
-41.6313 0.325035

-41.6313 0.32503
-41.5752 0.324754

-41.5752 0.324746
-41.519 0.324455

-41.519 0.324447
-41.4629 0.324172

-41.4629 0.324164
-41.4067 0.323937

-41.4067 0.323931
-41.3506 0.323782

-41.3506 0.323777
-41.2944 0.32373

-41.2944 0.323726
-41.2383 0.323797

-41.2383 0.323794
-41.1821 0.323995

-41.1821 0.323993
-41.126 0.324333

-41.126 0.324332
-41.0698 0.324814

-41.0698 0.324814
-41.0137 0.325441

-41.0137 0.325441
-40.9575 0.32621

-40.9575 0.326211
-40.9014 0.327123

-40.9014 0.327125
-40.8452 0.328175

-40.8452 0.328179
-40.7891 0.329358

-40.7891 0.329363
-40.7329 0.330656

-40.7329 0.33066
-40.6768 0.332049

-40.6768 0.33205
-40.6206 0.333524

-40.6206 0.333526
-40.5645 0.335078

-40.5645 0.335079
-40.5083 0.336704

-40.5083 0.336743
-40.5022 0.336914

-40.5033 0.336914
-40.4521 0.338335

-40.4521 0.338256
-40.3398 0.341303

-40.3398 0.34116
-40.2275 0.344471

-40.2275 0.344393
-40.1152 0.348411

-40.1152 0.348954
-40.0591 0.351091

-40.0591 0.351035
-40.0029 0.352329

-40.0029 0.352271
-39.9468 0.352951

-39.9468 0.35289
-39.8906 0.353193

-39.8906 0.353164
-39.8345 0.353269

-39.8345 0.353265
-39.7783 0.353237

-39.7783 0.353237
-39.7222 0.353083

-39.7222 0.353082
-39.666 0.352804

-39.666 0.352817
-39.6099 0.352391

-39.6099 0.35242
-39.5537 0.351764

-39.5537 0.351782
-39.4976 0.350802

-39.4976 0.350759
-39.4414 0.349503

-39.4414 0.349406
-39.3853 0.348155

-39.3853 0.34805
-39.3291 0.347209

-39.3291 0.347499
-39.2168 0.345902

-39.2168 0.345892
-39.1045 0.34413

-39.1045 0.344213
-38.9922 0.342142

-38.9922 0.342466
-38.8799 0.339271

-38.8237 0.336826
-38.8259 0.336914

-38.8237 0.336904
-38.7676 0.333995

-38.8799 0.339406
-38.8252 0.336914

-38.7676 0.333932
-38.7114 0.330684

-38.7114 0.330642
-38.6553 0.327265

-38.6553 0.327225
-38.5991 0.323887

-38.5991 0.323863
-38.543 0.320695

-38.543 0.320687
-38.4868 0.317753

-38.4868 0.317768
-38.4307 0.315051

-38.4307 0.315087
-38.3745 0.312486

-38.3745 0.312544
-38.3184 0.309873

-38.3184 0.309945
-38.2622 0.306947

-38.2622 0.306954
-38.2061 0.303469

-38.2061 0.303465
-38.1499 0.299486

-38.1499 0.299488
-38.0938 0.295018

-38.0938 0.295012
-38.0376 0.290058

-38.0376 0.290053
-37.9814 0.284637

-37.9253 0.278707
-37.9457 0.280762

-37.9814 0.284619
-37.9431 0.280762

-37.9253 0.278693
-37.8691 0.273375

-37.8691 0.273476
-37.813 0.268661

-37.813 0.268709
-37.7568 0.264099

-37.7568 0.264096
-37.7007 0.259599

-37.7007 0.259605
-37.6445 0.255214

-37.6445 0.255241
-37.5884 0.250891

-37.5884 0.250858
-37.5322 0.246563

-37.5322 0.246521
-37.4761 0.242432

-37.4761 0.242384
-37.4199 0.23868

-37.4199 0.238503
-37.3076 0.232765

-37.3076 0.233323
-37.1953 0.228733

-37.083 0.224263
-37.0269 0.223959

-37.0269 0.224405
-37.0184 0.224609

-37.1953 0.228067
-37.083 0.224842

-37.0324 0.224609
-36.9707 0.225427

-36.9707 0.224209
-36.9643 0.224609

-36.9664 0.224609
-36.8584 0.234653

-36.8584 0.235268
-36.8022 0.244711

-36.8022 0.244427
-36.7461 0.257432

-36.7461 0.257397
-36.6899 0.274603

-36.6899 0.274558
-36.6727 0.280762

-36.6753 0.280762
-36.6338 0.295723

-36.6338 0.29573
-36.5776 0.31723

-36.5776 0.317505
-36.5266 0.336914

-36.5303 0.336914
-36.5215 0.340146

-36.5215 0.339548
-36.4653 0.358781

-36.4653 0.358589
-36.4092 0.37503

-36.4092 0.374706
-36.353 0.389386

-36.353 0.389052
-36.3364 0.393066

-36.3383 0.393066
-36.2969 0.403091

-36.2969 0.40286
-36.2407 0.415622

-36.2407 0.415393
-36.1846 0.427992

-36.1846 0.427755
-36.1284 0.441124

-36.1284 0.441035
-36.0973 0.449219

-36.0979 0.449219
-36.0723 0.45568

-36.0723 0.45612
-36.0161 0.471915

-36.0161 0.471594
-35.96 0.488451

-35.96 0.488361
-35.9076 0.505371

-35.9138 0.505371
-35.9038 0.508606

-35.9038 0.508708
-35.8477 0.524357

-35.8477 0.523553
-35.7915 0.534508

-35.7915 0.534309
-35.7354 0.542579

-35.7354 0.542298
-35.6792 0.548844

-35.6792 0.548692
-35.623 0.55438

-35.623 0.554471
-35.5669 0.559426

-35.5669 0.559484
-35.5309 0.561523

-35.5415 0.561523
-35.5107 0.563629

-35.5107 0.562697
-35.3984 0.565137

-35.3984 0.56446
-35.2861 0.563694

-35.1738 0.560316
-35.2031 0.561523

-35.2861 0.564229
-35.2016 0.561523

-35.1738 0.560281
-35.1177 0.557105

-35.1177 0.556996
-35.0615 0.553179

-35.0615 0.553007
-35.0054 0.549112

-35.0054 0.549211
-34.9492 0.545385

-34.9492 0.545632
-34.8931 0.541182

-34.8931 0.541344
-34.8369 0.535452

-34.8369 0.535236
-34.7808 0.528008

-34.7808 0.52752
-34.7246 0.520367

-34.7246 0.520059
-34.6685 0.514575

-34.6685 0.514688
-34.6123 0.511262

-34.6123 0.511603
-34.5562 0.509327

-34.5562 0.50966
-34.5 0.507187

-34.5 40.5474
-34.8556 41.3281

-34.8511 41.3281
-35.6881 43.125

-41.6875 55.2558
-41.9093 55.7031

-41.9053 55.7031
-42.7858 57.5

-38.0938 48.0791
-38.309 48.5156

-38.3064 48.5156
-39.2038 50.3125

-36.2969 44.3935
-36.5488 44.9219

-36.5462 44.9219
-37.4192 46.7188

-36.2969 44.3913
-35.6932 43.125

-38.0938 48.076
-37.4244 46.7188

-39.8906 51.6672
-40.1131 52.1094

-40.1124 52.1094
-41.0141 53.9062

-39.8906 51.6649
-39.2101 50.3125

-41.6875 55.2516
-41.0203 53.9062

-63.25 96.6306
-63.4689 97.0312

-65.0469 99.9496
-65.4091 100.625

-63.4748 97.0312
-64.447 98.8281

-65.0469 99.9472
-64.4467 98.8281

-70.4375 109.778
-71.3323 111.406

-72.2344 113.119
-72.2793 113.203

-72.2611 113.203
-73.2705 115

-72.2344 113.118
-71.318 111.406

-66.8438 103.233
-67.3878 104.219

-68.6406 106.568
-69.317 107.812

-67.3895 104.219
-68.3521 106.016

-68.6406 106.575
-68.3367 106.016

-65.3948 100.625
-66.3819 102.422

-66.8438 103.191
-66.4197 102.422

-69.3205 107.812
-70.3277 109.609

-70.4375 109.689
-70.3938 109.609

-48.875 69.8029
-49.0178 70.0781

-49.017 70.0781
-49.9688 71.875

-56.0625 83.2445
-56.7085 84.4531

-56.7087 84.4531
-57.6639 86.25

-52.4688 76.5115
-52.8754 77.2656

-52.8745 77.2656
-53.8369 79.0625

-50.6719 73.1777
-50.9365 73.6719

-50.933 73.6719
-51.9022 75.4688

-50.6719 73.1721
-49.9772 71.875

-52.4688 76.4954
-51.9151 75.4688

-54.2656 79.8621
-54.7956 80.8594

-54.7873 80.8594
-55.7436 82.6562

-54.2656 79.8511
-53.8465 79.0625

-56.0625 83.2146
-55.7641 82.6562

-45.2812 62.6467
-45.3998 62.8906

-45.3964 62.8906
-46.2799 64.6875

-43.4844 58.9315
-43.6619 59.2969

-43.6573 59.2969
-44.5263 61.0938

-43.4844 58.9286
-42.7902 57.5

-45.2812 62.6436
-44.5281 61.0938

-47.0781 66.2834
-47.1783 66.4844

-47.1735 66.4844
-48.0846 68.2812

-47.0781 66.281
-46.284 64.6875

-48.875 69.7983
-48.0882 68.2812

-61.4531 93.307
-61.5227 93.4375

-59.6562 89.9607
-60.5641 91.6406

-61.4531 93.3053
-60.565 91.6406

-57.8594 86.6175
-58.6213 88.0469

-58.6179 88.0469
-59.5861 89.8438

-57.8594 86.6056
-57.6698 86.25

-59.6562 89.9118
-59.6195 89.8438

-61.5124 93.4375
-62.482 95.2344

-63.25 96.6174
-62.4943 95.2344

-34.4438 0.503747
-34.47 0.505371

-34.5 0.507285
-34.4692 0.505371

-34.4438 0.503452
-34.3877 0.499422

-34.3877 0.499209
-34.3315 0.495709

-34.3315 0.495684
-34.2754 0.493191

-34.2754 0.493256
-34.2192 0.491687

-34.2192 0.491595
-34.1631 0.491006

-34.1631 0.490705
-34.1069 0.491883

-34.1069 0.491566
-34.0508 0.495745

-33.8823 0.00273186
-33.8262 0.0130262

-33.8262 0.0165582
-33.8192 0

-34.0508 0.495709
-33.9946 0.503592

-33.9946 0.503747
-33.9851 0.505371

-33.9911 0.505371
-33.9385 0.514308

-33.9385 0.514482
-33.8823 0.522955

-33.8823 0.522884
-33.8262 0.529848

-33.8262 0.529359
-33.77 0.535934

-33.77 0.535516
-33.7139 0.543518

-33.7139 0.543487
-33.6577 0.553812

-33.6577 0.553986
-33.6239 0.561523

-33.6242 0.561523
-33.6016 0.566045

-33.6016 0.56669
-33.5454 0.580712

-33.5454 0.58053
-33.4893 0.59589

-33.4893 0.595882
-33.4331 0.612961

-33.4331 0.613106
-33.4188 0.617676

-33.4199 0.617676
-33.377 0.631449

-33.377 0.631594
-33.3208 0.649238

-33.3208 0.649413
-33.2646 0.665893

-33.2646 0.665741
-33.2361 0.673828

-33.2331 0.673828
-33.1523 0.697832

-33.1523 0.6959
-33.0962 0.714381

-33.0962 0.713808
-33.0581 0.72998

-33.0628 0.72998
-33.04 0.739631

-33.04 0.739677
-32.9839 0.765978

-32.9839 0.765896
-32.9399 0.786133

-32.9424 0.786133
-32.9277 0.792653

-32.9277 0.792411
-32.8716 0.816508

-32.8716 0.816281
-32.8154 0.83821

-32.8154 0.837829
-32.8036 0.842285

-32.8033 0.842285
-32.7593 0.85886

-32.7593 0.858865
-32.7031 0.880127

-32.7031 0.880797
-32.654 0.898438

-32.6534 0.898438
-32.5908 0.919057

-32.5908 0.917646
-32.5347 0.932954

-32.5347 0.932749
-32.4785 0.948109

-32.4785 0.948067
-32.4546 0.95459

-32.4564 0.95459
-32.4224 0.963884

-32.4224 0.963989
-32.3662 0.978213

-32.3662 0.978309
-32.3101 0.990624

-32.3101 0.990374
-32.2539 1.00109

-32.2539 1.00094
-32.1983 1.01074

-32.1996 1.01074
-32.1416 1.02004

-32.1416 1.01945
-32.0854 1.02633

-32.0854 1.02642
-32.0293 1.03215

-32.0293 1.03213
-31.9731 1.03656

-31.9731 1.03634
-31.917 1.03996

-31.917 1.03998
-31.8608 1.04319

-31.8608 1.04325
-31.8047 1.04592

-31.8047 1.04598
-31.7485 1.04789

-31.7485 1.0479
-31.6924 1.04893

-31.6924 1.04875
-31.6362 1.04926

-31.6362 1.04899
-31.5801 1.04989

-31.5801 1.04974
-31.5239 1.0519

-31.5239 1.05199
-31.4678 1.05552

-31.4678 1.05583
-31.4116 1.0599

-31.4116 1.06012
-31.3555 1.06366

-31.3555 1.06367
-31.2993 1.06623

-31.2993 1.06616
-31.2753 1.06689

-31.2751 1.06689
-31.2432 1.06786

-31.2432 1.06777
-31.187 1.06895

-31.187 1.06896
-31.1309 1.0698

-31.1309 1.06983
-31.0747 1.07025

-31.0747 1.07011
-31.0186 1.07036

-31.0186 1.06997
-30.9624 1.07113

-30.9624 1.0706
-30.9062 1.07449

-30.9062 1.07413
-30.8501 1.08253

-30.8501 1.08255
-30.7939 1.09612

-30.7939 1.09634
-30.7378 1.1146

-30.7378 1.1147
-30.7148 1.12305

-30.7214 1.12305
-30.6816 1.13577

-30.6816 1.1365
-30.6255 1.15612

-30.6255 1.15613
-30.5693 1.17404

-30.5693 1.17374
-30.5509 1.1792

-30.5512 1.1792
-30.5132 1.19047

-30.5132 1.19042
-30.457 1.20631

-30.457 1.20635
-30.4009 1.22149

-30.4009 1.22119
-30.3476 1.23535

-30.3459 1.23535
-30.3447 1.23568

-30.3447 1.2359
-30.2886 1.25167

-30.2886 1.25162
-30.2324 1.26873

-30.2324 1.26872
-30.1763 1.28727

-30.1763 1.28721
-30.1633 1.2915

-30.1663 1.2915
-30.1201 1.30675

-30.1201 1.30716
-30.064 1.32305

-30.064 1.32355
-30.0078 1.33457

-30.0078 1.33427
-29.9517 1.34002

-29.9517 1.33964
-29.8955 1.3415

-29.8955 1.34125
-29.8394 1.34045

-29.8394 1.34032
-29.7832 1.33764

-29.7832 1.33737
-29.7271 1.33362

-29.7271 1.33336
-29.6709 1.32961

-29.6709 1.32935
-29.6147 1.32665

-29.6147 1.32671
-29.5586 1.32546

-29.5586 1.32563
-29.5024 1.32539

-29.5024 1.32553
-29.4463 1.32569

-29.4463 1.3258
-29.3901 1.32583

-29.3901 1.32601
-29.334 1.32534

-29.334 1.32557
-29.2778 1.32338

-29.2778 1.32327
-29.2217 1.3193

-29.2217 1.31887
-29.1655 1.3142

-29.1655 1.31375
-29.1094 1.31013

-29.1094 1.30987
-29.0532 1.30873

-29.0532 1.30876
-28.9971 1.31058

-28.9971 1.31067
-28.9409 1.3152

-28.9409 1.31529
-28.8848 1.32219

-28.8848 1.32237
-28.8286 1.33111

-28.8286 1.33141
-28.7725 1.341

-28.7725 1.34131
-28.7339 1.34766

-28.7344 1.34766
-28.6602 1.35895

-28.6602 1.35825
-28.604 1.3656

-28.604 1.3656
-28.5479 1.37316

-28.5479 1.3731
-28.4917 1.38097

-28.4917 1.38082
-28.4355 1.38943

-28.4355 1.38939
-28.3794 1.39915

-28.3794 1.39911
-28.3551 1.40381

-28.356 1.40381
-28.3232 1.41015

-28.3232 1.41025
-28.2671 1.42172

-28.2671 1.42206
-28.2109 1.43311

-28.2109 1.43327
-28.1548 1.44291

-28.1548 1.44278
-28.0986 1.45097

-28.0986 1.45074
-28.0425 1.45821

-28.0425 1.45804
-28.0278 1.45996

-28.0281 1.45996
-27.9863 1.46562

-27.9863 1.46536
-27.9302 1.47281

-27.9302 1.47281
-27.874 1.48062

-27.874 1.48055
-27.8179 1.48885

-27.8179 1.4889
-27.7617 1.49773

-27.7617 1.49777
-27.7056 1.50696

-27.7056 1.50693
-27.6514 1.51611

-27.6517 1.51611
-27.6494 1.5165

-27.6494 1.51647
-27.5933 1.52636

-27.5933 1.52639
-27.5371 1.53654

-27.5371 1.53666
-27.481 1.54674

-27.481 1.54673
-27.4248 1.55654

-27.4248 1.55635
-27.3687 1.56628

-27.3687 1.56614
-27.3379 1.57227

-27.3353 1.57227
-27.3125 1.57673

-27.3125 1.57722
-27.2563 1.59015

-27.2563 1.58988
-27.2002 1.60481

-27.2002 1.60478
-27.144 1.6223

-27.144 1.62229
-27.1255 1.62842

-27.129 1.62842
-27.0879 1.642

-27.0879 1.64181
-27.0317 1.65951

-27.0317 1.65985
-26.9756 1.6757

-26.9756 1.67562
-26.9398 1.68457

-26.9364 1.68457
-26.8633 1.70284

-26.8633 1.70146
-26.8071 1.7148

-26.8071 1.71485
-26.751 1.73015

-26.751 1.73012
-26.7163 1.74072

-26.7166 1.74072
-26.6948 1.74737

-26.6948 1.7473
-26.6387 1.76641

-26.6387 1.76619
-26.5825 1.7877

-26.5825 1.7878
-26.5599 1.79688

-26.5642 1.79688
-26.5264 1.8112

-26.5264 1.81106
-26.4702 1.83299

-26.4702 1.83331
-26.417 1.85303

-26.4177 1.85303
-26.4141 1.85436

-26.4141 1.85434
-26.3579 1.87291

-26.3579 1.87229
-26.3018 1.88942

-26.3018 1.889
-26.2456 1.90677

-26.2456 1.90685
-26.2392 1.90918

-26.2381 1.90918
-26.1895 1.92614

-26.1895 1.92705
-26.1333 1.95006

-26.1333 1.9497
-26.0986 1.96533

-26.0989 1.96533
-26.0771 1.97516

-26.0771 1.97531
-26.021 2.00306

-26.021 2.00325
-25.9864 2.02148

-25.9861 2.02148
-25.9648 2.03224

-25.9648 2.03289
-25.9087 2.0639

-25.9087 2.06367
-25.8838 2.07764

-25.8853 2.07764
-25.8525 2.09608

-25.8525 2.09597
-25.7964 2.12712

-25.7964 2.12696
-25.7839 2.13379

-25.7834 2.13379
-25.7402 2.15776

-25.7402 2.15744
-25.6841 2.18871

-25.6841 2.18864
-25.6819 2.18994

-25.6813 2.18994
-25.6279 2.22121

-25.6279 2.22138
-25.5883 2.24609

-25.5886 2.24609
-25.5718 2.25655

-25.5718 2.25632
-25.5156 2.29323

-25.5156 2.29389
-25.5033 2.30225

-25.503 2.30225
-25.4595 2.33173

-25.4595 2.33156
-25.4202 2.3584

-25.4208 2.3584
-25.4033 2.37024

-25.4033 2.37022
-25.3472 2.40886

-25.3472 2.40884
-25.3388 2.41455

-25.339 2.41455
-25.291 2.44737

-25.291 2.44734
-25.2569 2.4707

-25.2562 2.4707
-25.2349 2.48534

-25.2349 2.48536
-25.1787 2.52475

-25.1787 2.52506
-25.1762 2.52686

-25.1758 2.52686
-25.1226 2.5656

-25.1226 2.56558
-25.0996 2.58301

-25.0998 2.58301
-25.0664 2.6078

-25.0664 2.60846
-25.0272 2.63916

-25.027 2.63916
-25.0103 2.65228

-25.0103 2.6523
-24.9565 2.69531

-24.9557 2.69531
-24.9541 2.69657

-24.9541 2.69696
-24.8979 2.74354

-24.8979 2.74361
-24.8889 2.75146

-24.8888 2.75146
-24.8418 2.79223

-24.8418 2.79241
-24.8252 2.80762

-24.8245 2.80762
-24.7856 2.84316

-24.7856 2.84331
-24.7637 2.86377

-24.7658 2.86377
-24.7295 2.8976

-24.7295 2.89716
-24.7051 2.91992

-24.7029 2.91992
-24.6733 2.9475

-24.6733 2.94765
-24.6449 2.97607

-24.6437 2.97607
-24.6172 3.00382

-24.6172 3.00368
-24.5899 3.03223

-24.5915 3.03223
-24.561 3.06604

-24.561 3.06593
-24.5408 3.08838

-24.5415 3.08838
-24.5049 3.12799

-24.5049 3.1279
-24.4895 3.14453

-24.4888 3.14453
-24.4487 3.18692

-24.4487 3.18682
-24.4356 3.20068

-24.4361 3.20068
-24.3926 3.24637

-24.3926 3.2466
-24.3828 3.25684

-24.3829 3.25684
-24.3364 3.30396

-24.3364 3.304
-24.3277 3.31299

-24.3257 3.31299
-24.2803 3.36024

-24.2803 3.36039
-24.2719 3.36914

-24.2723 3.36914
-24.2241 3.42303

-24.2241 3.42271
-24.2218 3.42529

-24.2227 3.42529
-24.1741 3.48145

-24.173 3.48145
-24.168 3.48788

-24.168 3.48766
-24.1267 3.5376

-24.1273 3.5376
-24.1118 3.55862

-24.1118 3.55655
-24.0845 3.59375

-25.5156 6.7852
-25.5519 6.85059

-25.5718 6.88548
-25.5837 6.90674

-25.5839 6.90674
-25.6147 6.96289

-25.5718 6.88529
-25.5523 6.85059

-25.6279 6.98778
-25.6447 7.01904

-25.6448 7.01904
-25.6739 7.0752

-25.6841 7.09561
-25.7022 7.13135

-25.7022 7.13135
-25.7305 7.1875

-25.6841 7.09551
-25.6738 7.0752

-25.6279 6.98771
-25.6147 6.96289

-24.6172 5.36904
-24.6418 5.39062

-24.0864 3.59375
-24.0557 3.63938

-24.0557 3.63909
-24.0483 3.6499

-24.0475 3.6499
-24.0098 3.70605

-24.0088 3.70605
-23.9995 3.72154

-23.9995 3.7214
-23.975 3.76221

-23.9755 3.76221
-23.9471 3.81836

-23.9467 3.81836
-23.9434 3.8271

-23.9434 3.82662
-23.9232 3.87451

-23.9233 3.87451
-23.9048 3.93066

-23.9048 3.93066
-23.891 3.98682

-23.891 3.98682
-23.8872 4.00945

-23.8872 4.00898
-23.8815 4.04297

-23.8817 4.04297
-23.8764 4.09912

-23.8764 4.09912
-23.875 4.15527

-23.8751 4.15527
-23.8774 4.21143

-23.8773 4.21143
-23.8832 4.26758

-23.8872 4.29096
-23.8925 4.32373

-23.8926 4.32373
-23.9042 4.37988

-23.8872 4.29085
-23.8835 4.26758

-23.9042 4.37988
-23.9185 4.43604

-23.9183 4.43604
-23.9355 4.49219

-24.168 4.92301
-24.1811 4.94141

-24.3926 5.14385
-24.4154 5.16602

-24.5049 5.25898
-24.5247 5.27832

-24.561 5.3171
-24.5798 5.33447

-24.6172 5.36841
-24.5805 5.33447

-24.561 5.31786
-24.5213 5.27832

-24.4487 5.1973
-24.474 5.22217

-24.5049 5.25764
-24.4719 5.22217

-24.4487 5.19622
-24.4165 5.16602

-24.2803 5.05012
-24.2842 5.05371

-24.3364 5.09828
-24.35 5.10986

-24.3926 5.14567
-24.3508 5.10986

-24.3364 5.09875
-24.2855 5.05371

-24.2241 4.99187
-24.2289 4.99756

-24.2803 5.05045
-24.2269 4.99756

-24.2241 4.99345
-24.1804 4.94141

-23.9434 4.51399
-23.9557 4.54834

-23.9554 4.54834
-23.979 4.60449

-23.9995 4.64582
-24.0066 4.66064

-24.0062 4.66064
-24.0362 4.7168

-23.9995 4.64719
-23.979 4.60449

-24.0557 4.74967
-24.0692 4.77295

-24.0692 4.77295
-24.1041 4.8291

-24.1118 4.84106
-24.141 4.88525

-24.168 4.92292
-24.1406 4.88525

-24.1118 4.84142
-24.1037 4.8291

-24.0557 4.75018
-24.0362 4.7168

-23.9434 4.51428
-23.9354 4.49219

-25.0664 5.86274
-25.0869 5.896

-25.0873 5.896
-25.1185 5.95215

-25.1226 5.96159
-25.1461 6.0083

-25.1461 6.0083
-25.173 6.06445

-25.1226 5.9611
-25.118 5.95215

-25.1787 6.07748
-25.1991 6.12061

-25.199 6.12061
-25.2263 6.17676

-25.2349 6.19364
-25.2543 6.23291

-25.2543 6.23291
-25.2819 6.28906

-25.2349 6.19357
-25.2266 6.17676

-25.1787 6.07714
-25.1727 6.06445

-24.8979 5.61355
-24.8996 5.61523

-24.8418 5.55616
-24.8446 5.55908

-24.8979 5.61255
-24.8451 5.55908

-24.9541 5.69604
-24.9786 5.72754

-25.0103 5.77656
-25.0151 5.78369

-25.0154 5.78369
-25.052 5.83984

-25.0103 5.77636
-24.9772 5.72754

-24.8979 5.61589
-24.9399 5.67139

-24.9541 5.69431
-24.9383 5.67139

-24.7295 5.46507
-24.7717 5.50293

-24.7856 5.51255
-24.8409 5.55908

-24.7856 5.51203
-24.7748 5.50293

-24.6733 5.41717
-24.7077 5.44678

-24.7295 5.46657
-24.7065 5.44678

-24.6733 5.4169
-24.6436 5.39062

-25.0664 5.86281
-25.0522 5.83984

-25.291 6.30733
-25.3091 6.34521

-25.3091 6.34521
-25.3342 6.40137

-25.3472 6.43305
-25.3575 6.45752

-25.3573 6.45752
-25.3804 6.51367

-25.3472 6.43255
-25.3341 6.40137

-25.4033 6.56836
-25.4294 6.62598

-25.4595 6.68382
-25.4888 6.73828

-25.43 6.62598
-25.4585 6.68213

-25.4595 6.6838
-25.4586 6.68213

-25.4033 6.56862
-25.3799 6.51367

-25.291 6.30827
-25.2819 6.28906

-25.5156 6.78589
-25.4891 6.73828

-25.9648 7.72719
-25.9725 7.74902

-25.9722 7.74902
-25.9906 7.80518

-25.9907 7.80518
-26.0086 7.86133

-26.021 7.90137
-26.026 7.91748

-26.026 7.91748
-26.0431 7.97363

-26.021 7.90137
-26.0085 7.86133

-26.0432 7.97363
-26.0599 8.02979

-26.06 8.02979
-26.0762 8.08594

-25.7402 7.20686
-25.7588 7.24365

-25.7588 7.24365
-25.787 7.2998

-25.7964 7.3187
-25.8148 7.35596

-25.815 7.35596
-25.8416 7.41211

-25.7964 7.31848
-25.7872 7.2998

-25.8525 7.43658
-25.8668 7.46826

-25.8669 7.46826
-25.8905 7.52441

-25.9087 7.57137
-25.9123 7.58057

-25.9125 7.58057
-25.9335 7.63672

-25.9087 7.57084
-25.8904 7.52441

-25.8525 7.43641
-25.8416 7.41211

-25.7402 7.20698
-25.7304 7.1875

-25.9334 7.63672
-25.9533 7.69287

-25.9648 7.72696
-25.9533 7.69287

-26.1895 8.53285
-26.19 8.53516

-26.0771 8.08959
-26.0917 8.14209

-26.0918 8.14209
-26.1068 8.19824

-26.1333 8.30187
-26.1355 8.31055

-26.1067 8.19824
-26.1212 8.25439

-26.1333 8.30187
-26.1212 8.25439

-26.0771 8.0895
-26.0762 8.08594

-26.1355 8.31055
-26.1495 8.3667

-26.1495 8.3667
-26.1633 8.42285

-26.1633 8.42285
-26.1768 8.479

-26.1895 8.53298
-26.1769 8.479

-26.1899 8.53516
-26.2026 8.59131

-26.2027 8.59131
-26.215 8.64746

-26.215 8.64746
-26.227 8.70361

-26.227 8.70361
-26.2389 8.75977

-26.2456 8.79247
-26.2504 8.81592

-26.2504 8.81592
-26.2617 8.87207

-26.2456 8.79246
-26.2389 8.75977

-26.2617 8.87207
-26.2726 8.92822

-26.2726 8.92822
-26.2831 8.98438

-26.4141 9.8765
-26.4148 9.88281

-26.4149 9.88281
-26.4266 9.99512

-26.4267 9.99512
-26.4319 10.0513

-26.4318 10.0513
-26.4363 10.1074

-26.4364 10.1074
-26.4402 10.1636

-26.4402 10.1636
-26.443 10.2197

-26.443 10.2197
-26.4449 10.2759

-26.445 10.2759
-26.446 10.332

-26.4458 10.332
-26.4462 10.3882

-26.4463 10.3882
-26.4464 10.4443

-26.4462 10.4443
-26.4462 10.5005

-26.4462 10.5005
-26.4464 10.5566

-26.4465 10.5566
-26.4466 10.6128

-26.4466 10.6128
-26.4466 10.6689

-26.4466 10.6689
-26.4465 10.7251

-26.4465 10.7251
-26.446 10.7812

-26.3018 9.091
-26.3028 9.09668

-26.3027 9.09668
-26.3213 9.20898

-26.2831 8.98438
-26.2931 9.04053

-26.3018 9.09096
-26.2931 9.04053

-26.3212 9.20898
-26.3302 9.26514

-26.3302 9.26514
-26.3391 9.32129

-26.3391 9.32129
-26.3478 9.37744

-26.3478 9.37744
-26.3564 9.43359

-26.3579 9.44348
-26.3648 9.48975

-26.3648 9.48975
-26.3728 9.5459

-26.3579 9.44347
-26.3564 9.43359

-26.3729 9.5459
-26.3806 9.60205

-26.3806 9.60205
-26.388 9.6582

-26.388 9.6582
-26.395 9.71436

-26.395 9.71436
-26.4018 9.77051

-26.4018 9.77051
-26.4084 9.82666

-26.4141 9.87697
-26.4083 9.82666

-26.4459 10.7812
-26.4454 10.8374

-26.4454 10.8374
-26.4451 10.8936

-26.4449 10.8936
-26.4448 10.9497

-26.4449 10.9497
-26.4454 11.0059

-26.4453 11.0059
-26.4465 11.062

-26.4465 11.062
-26.4485 11.1182

-26.4485 11.1182
-26.4511 11.1743

-26.4511 11.1743
-26.4544 11.2305

-26.4545 11.2305
-26.4583 11.2866

-26.4582 11.2866
-26.4622 11.3428

-26.4702 11.4514
-26.4705 11.4551

-26.4623 11.3428
-26.4664 11.3989

-26.4702 11.4514
-26.4664 11.3989

-26.4705 11.4551
-26.4746 11.5112

-26.4745 11.5112
-26.4786 11.5674

-26.4786 11.5674
-26.4827 11.6235

-26.4827 11.6235
-26.487 11.6797

-26.487 11.6797
-26.4913 11.7358

-26.4914 11.7358
-26.4958 11.792

-26.4958 11.792
-26.5002 11.8481

-26.5002 11.8481
-26.5044 11.9043

-26.5044 11.9043
-26.5085 11.9604

-26.5085 11.9604
-26.5122 12.0166

-26.5122 12.0166
-26.5158 12.0728

-26.5158 12.0728
-26.5192 12.1289

-26.5264 12.2524
-26.5327 12.3535

-26.5191 12.1289
-26.5224 12.1851

-26.5224 12.1851
-26.5257 12.2412

-26.5264 12.2516
-26.5257 12.2412

-26.5327 12.3535
-26.5402 12.4658

-26.5403 12.4658
-26.5442 12.522

-26.5442 12.522
-26.5482 12.5781

-26.5482 12.5781
-26.5522 12.6343

-26.5522 12.6343
-26.5564 12.6904

-26.5564 12.6904
-26.5607 12.7466

-26.5607 12.7466
-26.5653 12.8027

-26.5653 12.8027
-26.57 12.8589

-26.57 12.8589
-26.575 12.915

-26.5825 12.9963
-26.5855 13.0273

-26.575 12.915
-26.5801 12.9712

-26.5825 12.9963
-26.5801 12.9712

-26.5855 13.0273
-26.591 13.0835

-26.591 13.0835
-26.5966 13.1396

-26.5966 13.1396
-26.6024 13.1958

-26.6024 13.1958
-26.6083 13.252

-26.6083 13.252
-26.6143 13.3081

-26.6144 13.3081
-26.6205 13.3643

-26.6205 13.3643
-26.6269 13.4204

-26.6269 13.4204
-26.6333 13.4766

-26.6387 13.5218
-26.6467 13.5889

-26.6467 13.5889
-26.6537 13.645

-26.6537 13.645
-26.6609 13.7012

-26.6609 13.7012
-26.6684 13.7573

-26.6684 13.7573
-26.6762 13.8135

-26.6761 13.8135
-26.6843 13.8696

-26.6843 13.8696
-26.6928 13.9258

-26.6387 13.5219
-26.6333 13.4766

-26.6948 13.9386
-26.7017 13.9819

-26.7017 13.9819
-26.7108 14.0381

-26.6948 13.9385
-26.6928 13.9258

-26.7109 14.0381
-26.7202 14.0942

-26.7202 14.0942
-26.7295 14.1504

-26.751 14.2791
-26.7673 14.375

-26.7296 14.1504
-26.7389 14.2065

-26.7389 14.2065
-26.7483 14.2627

-26.751 14.2791
-26.7482 14.2627

-27.3125 20.0803
-27.315 20.1025

-27.315 20.1025
-27.3282 20.2148

-27.3282 20.2148
-27.335 20.271

-27.335 20.271
-27.342 20.3271

-27.342 20.3271
-27.3491 20.3833

-27.3491 20.3833
-27.3563 20.4395

-27.3687 20.5328
-27.3712 20.5518

-27.3564 20.4395
-27.3637 20.4956

-27.3687 20.5328
-27.3637 20.4956

-27.3712 20.5518
-27.3787 20.6079

-27.3787 20.6079
-27.3863 20.6641

-27.3863 20.6641
-27.394 20.7202

-27.394 20.7202
-27.4019 20.7764

-27.4019 20.7764
-27.4099 20.8325

-27.4099 20.8325
-27.418 20.8887

-27.4248 20.9353
-27.4343 21.001

-27.4343 21.001
-27.4425 21.0571

-27.4425 21.0571
-27.4506 21.1133

-27.4248 20.9354
-27.418 20.8887

-27.4505 21.1133
-27.4587 21.1694

-27.4587 21.1694
-27.4669 21.2256

-27.481 21.3197
-27.4837 21.3379

-27.4668 21.2256
-27.4752 21.2817

-27.481 21.3197
-27.4752 21.2817

-27.4837 21.3379
-27.4924 21.394

-27.4924 21.394
-27.5013 21.4502

-27.5013 21.4502
-27.5104 21.5063

-27.5104 21.5063
-27.5196 21.5625

-27.5371 21.6672
-27.5384 21.6748

-27.5383 21.6748
-27.5583 21.7871

-27.5583 21.7871
-27.5688 21.8433

-27.5688 21.8433
-27.5796 21.8994

-27.5933 21.9681
-27.6022 22.0117

-27.5796 21.8994
-27.5907 21.9556

-27.5933 21.9681
-27.5907 21.9556

-27.5196 21.5625
-27.5289 21.6187

-27.5371 21.667
-27.5289 21.6187

-27.6494 22.2321
-27.6503 22.2363

-27.6022 22.0117
-27.6139 22.0679

-27.6139 22.0679
-27.6259 22.124

-27.6259 22.124
-27.6381 22.1802

-27.6494 22.2319
-27.6381 22.1802

-27.6504 22.2363
-27.6627 22.2925

-27.6627 22.2925
-27.6751 22.3486

-27.6751 22.3486
-27.6877 22.4048

-27.6877 22.4048
-27.7004 22.4609

-27.7617 22.7333
-27.7767 22.7979

-27.7768 22.7979
-27.7904 22.854

-27.7904 22.854
-27.8046 22.9102

-27.8179 22.9611
-27.8192 22.9663

-27.8192 22.9663
-27.8339 23.0225

-27.8179 22.961
-27.8047 22.9102

-27.834 23.0225
-27.8488 23.0786

-27.8487 23.0786
-27.8636 23.1348

-27.874 23.174
-27.894 23.2471

-27.8941 23.2471
-27.9101 23.3032

-27.9101 23.3032
-27.9268 23.3594

-27.874 23.1736
-27.8636 23.1348

-27.7056 22.4837
-27.7131 22.5171

-27.7131 22.5171
-27.7258 22.5732

-27.7056 22.4837
-27.7004 22.4609

-27.7258 22.5732
-27.7384 22.6294

-27.7384 22.6294
-27.751 22.6855

-27.7617 22.7332
-27.7509 22.6855

-28.2109 24.3682
-28.2115 24.3701

-28.2116 24.3701
-28.2274 24.4263

-28.2274 24.4263
-28.2435 24.4824

-28.2671 24.5634
-28.2762 24.5947

-28.2435 24.4824
-28.2598 24.5386

-28.2671 24.5634
-28.2598 24.5386

-28.2763 24.5947
-28.2928 24.6509

-28.2928 24.6509
-28.3093 24.707

-28.4355 25.1304
-28.4434 25.1562

-28.3232 24.7545
-28.3423 24.8193

-28.3423 24.8193
-28.3589 24.8755

-28.3589 24.8755
-28.3756 24.9316

-28.3232 24.7544
-28.3093 24.707

-28.3794 24.9442
-28.3924 24.9878

-28.3924 24.9878
-28.4094 25.0439

-28.3794 24.9442
-28.3756 24.9316

-28.4094 25.0439
-28.4263 25.1001

-28.4355 25.1304
-28.4263 25.1001

-27.9863 23.5568
-27.9943 23.584

-27.9942 23.584
-28.0101 23.6401

-28.0101 23.6401
-28.0257 23.6963

-28.0425 23.7576
-28.0563 23.8086

-28.0257 23.6963
-28.0411 23.7524

-28.0425 23.7577
-28.0411 23.7524

-27.9302 23.3702
-27.9439 23.4155

-27.944 23.4155
-27.961 23.4717

-27.9302 23.3702
-27.9269 23.3594

-27.961 23.4717
-27.9779 23.5278

-27.9863 23.5566
-27.978 23.5278

-28.0986 23.9653
-28.1172 24.0332

-28.0563 23.8086
-28.0715 23.8647

-28.0715 23.8647
-28.0866 23.9209

-28.0986 23.9652
-28.0866 23.9209

-28.1173 24.0332
-28.1329 24.0894

-28.1329 24.0894
-28.1487 24.1455

-28.1548 24.167
-28.1645 24.2017

-28.1645 24.2017
-28.1803 24.2578

-28.1548 24.167
-28.1487 24.1455

-28.1803 24.2578
-28.1959 24.314

-28.2109 24.3676
-28.1959 24.314

-29.1094 27.1965
-29.1223 27.2339

-29.1223 27.2339
-29.1416 27.29

-29.1655 27.3598
-29.1801 27.4023

-29.1416 27.29
-29.1608 27.3462

-29.1655 27.3599
-29.1608 27.3462

-29.334 27.848
-29.3352 27.8516

-29.2217 27.5233
-29.238 27.5708

-29.238 27.5708
-29.2574 27.627

-29.1801 27.4023
-29.1994 27.4585

-29.1994 27.4585
-29.2187 27.5146

-29.2217 27.5233
-29.2187 27.5146

-29.2778 27.6861
-29.2962 27.7393

-29.2574 27.627
-29.2768 27.6831

-29.2778 27.6861
-29.2768 27.6831

-29.2962 27.7393
-29.3157 27.7954

-29.334 27.848
-29.3157 27.7954

-29.5586 28.4906
-29.5709 28.5254

-29.5708 28.5254
-29.5906 28.5815

-29.5906 28.5815
-29.6104 28.6377

-29.6147 28.6502
-29.6302 28.6938

-29.6301 28.6938
-29.6502 28.75

-29.6147 28.6502
-29.6103 28.6377

-29.3352 27.8516
-29.3548 27.9077

-29.3548 27.9077
-29.3744 27.9639

-29.3901 28.0092
-29.3939 28.02

-29.3939 28.02
-29.4133 28.0762

-29.3901 28.0092
-29.3744 27.9639

-29.4463 28.1716
-29.4521 28.1885

-29.4521 28.1885
-29.4716 28.2446

-29.4716 28.2446
-29.4913 28.3008

-29.4133 28.0762
-29.4327 28.1323

-29.4463 28.1716
-29.4327 28.1323

-29.5024 28.3322
-29.5112 28.3569

-29.5112 28.3569
-29.5311 28.4131

-29.5024 28.3322
-29.4913 28.3008

-29.5312 28.4131
-29.5511 28.4692

-29.5586 28.4905
-29.5511 28.4692

-28.6602 25.8522
-28.671 25.8862

-28.6709 25.8862
-28.689 25.9424

-28.7163 26.0266
-28.7254 26.0547

-28.6891 25.9424
-28.7073 25.9985

-28.7163 26.0266
-28.7073 25.9985

-28.4434 25.1562
-28.4605 25.2124

-28.4605 25.2124
-28.4777 25.2686

-28.4917 25.3139
-28.495 25.3247

-28.495 25.3247
-28.5125 25.3809

-28.4917 25.3139
-28.4777 25.2686

-28.5479 25.4937
-28.5653 25.5493

-28.5653 25.5493
-28.583 25.6055

-28.5125 25.3809
-28.53 25.437

-28.53 25.437
-28.5476 25.4932

-28.5479 25.4938
-28.5477 25.4932

-28.604 25.6727
-28.618 25.7178

-28.583 25.6055
-28.6006 25.6616

-28.604 25.6727
-28.6005 25.6616

-28.618 25.7178
-28.6355 25.7739

-28.6355 25.7739
-28.6531 25.8301

-28.6602 25.8523
-28.6531 25.8301

-28.7725 26.2024
-28.7972 26.2793

-28.7253 26.0547
-28.7433 26.1108

-28.7433 26.1108
-28.7612 26.167

-28.7725 26.2022
-28.7612 26.167

-28.8286 26.3747
-28.8342 26.3916

-28.7973 26.2793
-28.8156 26.3354

-28.8286 26.3747
-28.8156 26.3354

-28.8342 26.3916
-28.8529 26.4478

-28.8529 26.4478
-28.8717 26.5039

-28.8848 26.5425
-28.9097 26.6162

-28.9409 26.7074
-28.9481 26.7285

-28.9098 26.6162
-28.9289 26.6724

-28.9409 26.7074
-28.9289 26.6724

-28.9971 26.8716
-29.0251 26.9531

-28.9481 26.7285
-28.9673 26.7847

-28.9673 26.7847
-28.9866 26.8408

-28.9971 26.8715
-28.9865 26.8408

-28.8848 26.5425
-28.8717 26.5039

-29.0532 27.0341
-29.0641 27.0654

-29.0252 26.9531
-29.0446 27.0093

-29.0532 27.0341
-29.0446 27.0093

-29.0641 27.0654
-29.0835 27.1216

-29.0836 27.1216
-29.103 27.1777

-29.1094 27.1964
-29.1029 27.1777

-26.8633 15.0277
-26.866 15.0488

-26.866 15.0488
-26.88 15.1611

-26.8801 15.1611
-26.887 15.2173

-26.887 15.2173
-26.8937 15.2734

-26.7675 14.375
-26.7772 14.4312

-26.7771 14.4312
-26.7867 14.4873

-26.7868 14.4873
-26.7961 14.5435

-26.7961 14.5435
-26.805 14.5996

-26.8071 14.6138
-26.8135 14.6558

-26.8135 14.6558
-26.8217 14.7119

-26.8071 14.6138
-26.805 14.5996

-26.8217 14.7119
-26.8296 14.7681

-26.8296 14.7681
-26.8372 14.8242

-26.8372 14.8242
-26.8446 14.8804

-26.8445 14.8804
-26.8518 14.9365

-26.8517 14.9365
-26.8589 14.9927

-26.8633 15.0277
-26.8589 14.9927

-26.8937 15.2734
-26.9004 15.3296

-26.9004 15.3296
-26.907 15.3857

-26.9194 15.4911
-26.9203 15.498

-26.907 15.3857
-26.9136 15.4419

-26.9194 15.491
-26.9136 15.4419

-26.9203 15.498
-26.9271 15.5542

-26.9271 15.5542
-26.934 15.6104

-26.934 15.6104
-26.9412 15.6665

-26.9412 15.6665
-26.9486 15.7227

-26.9756 15.926
-26.9783 15.9473

-26.9486 15.7227
-26.9562 15.7788

-26.9563 15.7788
-26.9639 15.835

-26.964 15.835
-26.9713 15.8911

-26.9756 15.9258
-26.9714 15.8911

-26.9781 15.9473
-26.991 16.0596

-26.9907 16.0596
-26.997 16.1157

-26.997 16.1157
-27.0037 16.1719

-27.0039 16.1719
-27.0107 16.228

-27.0106 16.228
-27.0173 16.2842

-27.0175 16.2842
-27.0238 16.3403

-27.0238 16.3403
-27.0294 16.3965

-27.0317 16.4225
-27.0345 16.4526

-27.0345 16.4526
-27.0395 16.5088

-27.0317 16.4226
-27.0293 16.3965

-27.0393 16.5088
-27.0444 16.5649

-27.0444 16.5649
-27.0498 16.6211

-27.0879 17.0137
-27.0929 17.0703

-27.0498 16.6211
-27.0555 16.6772

-27.0555 16.6772
-27.0613 16.7334

-27.0614 16.7334
-27.0671 16.7896

-27.0672 16.7896
-27.0727 16.8457

-27.0727 16.8457
-27.078 16.9019

-27.078 16.9019
-27.083 16.958

-27.0879 17.0133
-27.083 16.958

-27.093 17.0703
-27.1024 17.1826

-27.1025 17.1826
-27.1069 17.2388

-27.1069 17.2388
-27.1109 17.2949

-27.1109 17.2949
-27.1145 17.3511

-27.1145 17.3511
-27.1177 17.4072

-27.1177 17.4072
-27.1204 17.4634

-27.1204 17.4634
-27.1225 17.5195

-27.1225 17.5195
-27.1242 17.5757

-27.1242 17.5757
-27.1255 17.6318

-27.1253 17.6318
-27.1263 17.688

-27.1264 17.688
-27.1275 17.7441

-27.1275 17.7441
-27.1287 17.8003

-27.1287 17.8003
-27.1299 17.8564

-27.13 17.8564
-27.1312 17.9126

-27.1312 17.9126
-27.1323 17.9688

-27.1322 17.9688
-27.1334 18.0249

-27.1334 18.0249
-27.1348 18.0811

-27.1347 18.0811
-27.1364 18.1372

-27.1365 18.1372
-27.1388 18.1934

-27.144 18.2914
-27.1449 18.3057

-27.1388 18.1934
-27.1416 18.2495

-27.144 18.2915
-27.1416 18.2495

-27.1449 18.3057
-27.1486 18.3618

-27.1486 18.3618
-27.1528 18.418

-27.1528 18.418
-27.1573 18.4741

-27.1573 18.4741
-27.162 18.5303

-27.1621 18.5303
-27.1669 18.5864

-27.1669 18.5864
-27.1718 18.6426

-27.1718 18.6426
-27.1767 18.6987

-27.1767 18.6987
-27.1817 18.7549

-27.1817 18.7549
-27.1868 18.811

-27.1868 18.811
-27.1921 18.8672

-27.2002 18.9499
-27.203 18.9795

-27.2031 18.9795
-27.214 19.0918

-27.1921 18.8672
-27.1976 18.9233

-27.2002 18.9501
-27.1976 18.9233

-27.214 19.0918
-27.2194 19.1479

-27.2194 19.1479
-27.2247 19.2041

-27.2247 19.2041
-27.23 19.2603

-27.23 19.2603
-27.2353 19.3164

-27.2353 19.3164
-27.2405 19.3726

-27.2405 19.3726
-27.2457 19.4287

-27.2457 19.4287
-27.251 19.4849

-27.251 19.4849
-27.2563 19.541

-27.2563 19.5412
-27.2618 19.5972

-27.2618 19.5972
-27.2673 19.6533

-27.2563 19.5413
-27.2563 19.541

-27.2673 19.6533
-27.2729 19.7095

-27.2729 19.7095
-27.2786 19.7656

-27.2786 19.7656
-27.2844 19.8218

-27.2844 19.8218
-27.2902 19.8779

-27.2902 19.8779
-27.2962 19.9341

-27.2962 19.9341
-27.3023 19.9902

-27.3023 19.9902
-27.3086 20.0464

-27.3125 20.0804
-27.3086 20.0464

-30.9062 32.1286
-30.9912 32.3438

-30.9919 32.3438
-31.1695 32.793

-31.1696 32.793
-31.3469 33.2422

-31.3454 33.2422
-31.7046 34.1406

-31.6993 34.1406
-32.4481 35.9375

-30.0078 29.7388
-30.0158 29.7607

-30.0158 29.7607
-30.0364 29.8169

-30.0364 29.8169
-30.057 29.873

-30.1201 30.0457
-30.1391 30.0977

-30.064 29.8922
-30.0775 29.9292

-30.0775 29.9292
-30.0981 29.9854

-30.064 29.8922
-30.057 29.873

-30.0981 29.9854
-30.1186 30.0415

-30.1201 30.0457
-30.1186 30.0415

-30.2324 30.3539
-30.2622 30.4346

-30.2886 30.5054
-30.304 30.5469

-30.2623 30.4346
-30.2831 30.4907

-30.2886 30.5054
-30.2831 30.4907

-30.1763 30.2001
-30.1799 30.21

-30.139 30.0977
-30.1595 30.1538

-30.1763 30.2001
-30.1595 30.1538

-30.1798 30.21
-30.2003 30.2661

-30.2002 30.2661
-30.2208 30.3223

-30.2324 30.3539
-30.2208 30.3223

-29.7832 29.1187
-29.8121 29.1992

-29.6709 28.8072
-29.6907 28.8623

-29.7271 28.9625
-29.7314 28.9746

-29.6908 28.8623
-29.7111 28.9185

-29.7271 28.9625
-29.7111 28.9185

-29.6502 28.75
-29.6704 28.8062

-29.6709 28.8074
-29.6704 28.8062

-29.7314 28.9746
-29.7516 29.0308

-29.7516 29.0308
-29.7718 29.0869

-29.7832 29.1187
-29.7718 29.0869

-29.8394 29.2748
-29.8526 29.3115

-29.8121 29.1992
-29.8323 29.2554

-29.8394 29.2748
-29.8323 29.2554

-29.8526 29.3115
-29.8729 29.3677

-29.8729 29.3677
-29.8932 29.4238

-29.8955 29.4302
-29.9136 29.48

-29.9136 29.48
-29.934 29.5361

-29.9517 29.5848
-29.9544 29.5923

-29.9544 29.5923
-29.9748 29.6484

-29.9517 29.5848
-29.934 29.5361

-29.8955 29.4302
-29.8932 29.4238

-29.9748 29.6484
-29.9953 29.7046

-30.0078 29.7388
-29.9953 29.7046

-30.457 30.9553
-30.4726 30.9961

-30.5132 31.1021
-30.5156 31.1084

-30.4727 30.9961
-30.4942 31.0522

-30.5132 31.1021
-30.4942 31.0522

-30.5156 31.1084
-30.5368 31.1646

-30.5368 31.1646
-30.5579 31.2207

-30.5693 31.2511
-30.579 31.2769

-30.5791 31.2769
-30.6002 31.333

-30.6255 31.3997
-30.6428 31.4453

-30.6002 31.333
-30.6215 31.3892

-30.6255 31.3997
-30.6215 31.3892

-30.5693 31.2511
-30.5579 31.2207

-30.3447 30.6572
-30.3454 30.6592

-30.3455 30.6592
-30.3663 30.7153

-30.3663 30.7153
-30.3872 30.7715

-30.304 30.5469
-30.3248 30.603

-30.3447 30.6571
-30.3248 30.603

-30.4009 30.8081
-30.4082 30.8276

-30.4082 30.8276
-30.4295 30.8838

-30.4009 30.8081
-30.3871 30.7715

-30.4295 30.8838
-30.4511 30.9399

-30.457 30.9554
-30.4511 30.9399

-30.6816 31.5473
-30.6856 31.5576

-30.6856 31.5576
-30.7071 31.6138

-30.7071 31.6138
-30.7286 31.6699

-30.7939 31.8394
-30.8153 31.8945

-30.7378 31.6936
-30.7503 31.7261

-30.7503 31.7261
-30.7719 31.7822

-30.7378 31.6937
-30.7287 31.6699

-30.7939 31.8392
-30.7719 31.7822

-30.6428 31.4453
-30.6641 31.5015

-30.6816 31.5473
-30.6641 31.5015

-30.8152 31.8945
-30.9026 32.1191

-30.9062 32.1276
-30.9029 32.1191

-32.7031 36.5098
-33.2344 37.7344

-33.2322 37.7344
-34.0334 39.5312

-32.7031 36.5079
-32.4557 35.9375

-34.5 40.5441
-34.0387 39.5312

-81.2188 129.33
-81.244 129.375

-77.625 122.804
-78.2703 123.984

-78.2424 123.984
-79.1747 125.781

-79.4219 126.236
-80.1806 127.578

-81.2188 129.325
-80.2349 127.578

-79.4219 126.304
-79.1264 125.781

-84.8125 135.988
-85.1231 136.562

-88.4062 142.161
-89.5335 143.75

-86.6094 139.46
-87.0443 140.156

-85.0569 136.562
-85.9476 138.359

-86.6094 139.548
-85.8664 138.359

-87.134 140.156
-88.3624 141.953

-83.0156 132.958
-83.021 132.969

-81.2352 129.375
-82.1369 131.172

-82.0759 131.172
-83.0121 132.969

-83.0311 132.969
-84.0923 134.766

-84.8125 135.906
-84.1958 134.766

-83.0156 133.11
-82.932 132.969

-74.0312 116.302
-74.31 116.797

-74.3115 116.797
-75.2677 118.594

-75.8281 119.663
-76.2237 120.391

-76.2266 120.391
-77.2604 122.188

-75.8281 119.679
-75.2378 118.594

-74.0312 116.268
-73.3169 115

-77.625 122.697
-77.3466 122.188

-90.2031 144.269
-91.1247 145.547

-92 146.375
-91.4028 145.547

-90.2031 144.791
-89.3962 143.75

