-55.6809 0
-55.678 0.0561523

-55.6781 0.0561523
-55.6694 0.110438

-55.6694 0.111772
-55.6693 0.112305

-55.6693 0.112305
-55.6537 0.168457

-55.6537 0.168457
-55.631 0.224609

-55.6312 0.224609
-55.6133 0.255674

-55.6133 0.668004
-55.618 0.673828

-55.7256 0.811526
-55.746 0.842285

-55.7467 0.842285
-55.7801 0.898438

-55.6694 0.732374
-55.7099 0.786133

-55.6167 0.673828
-55.6684 0.72998

-55.6694 0.732587
-55.6675 0.72998

-55.7256 0.812683
-55.7079 0.786133

-55.6133 0.259283
-55.6018 0.280762

-55.6012 0.280762
-55.5633 0.336914

-55.5595 0.336914
-55.5571 0.340323

-55.5571 0.340703
-55.5209 0.393066

-55.5215 0.393066
-55.501 0.430239

-55.501 0.423595
-55.4868 0.449219

-55.6133 0.673135
-55.5571 0.618595

-55.5024 0.561523
-55.5522 0.617676

-55.5571 0.620848
-55.5539 0.617676

-55.4831 0.449219
-55.4736 0.505371

-55.4733 0.505371
-55.4977 0.561523

-55.501 0.561762
-55.5008 0.561523

-55.8379 1.01643
-55.8588 1.06689

-55.859 1.06689
-55.8792 1.12305

-55.894 1.17337
-55.8958 1.1792

-55.8964 1.1792
-55.9107 1.23535

-55.894 1.1719
-55.879 1.12305

-55.9105 1.23535
-55.9223 1.2915

-55.9224 1.2915
-55.932 1.34766

-55.7817 0.903391
-55.8087 0.95459

-55.8092 0.95459
-55.8358 1.01074

-55.7817 0.902357
-55.7797 0.898438

-55.8379 1.01722
-55.8352 1.01074

-55.9502 1.50346
-55.9561 1.57227

-55.9317 1.34766
-55.9395 1.40381

-55.9395 1.40381
-55.9461 1.45996

-55.9502 1.50216
-55.9461 1.45996

-55.9565 1.57227
-55.9608 1.68457

-55.9615 1.68457
-55.9581 1.79688

-55.9597 1.79688
-55.9502 1.86286

-55.9502 1.86832
-55.9434 1.90918

-55.9443 1.90918
-55.9294 1.96533

-55.9292 1.96533
-55.907 2.02148

-55.9078 2.02148
-55.894 2.04677

-55.894 2.04661
-55.8771 2.07764

-55.8772 2.07764
-55.8379 2.13218

-55.8379 2.13201
-55.8366 2.13379

-55.8368 2.13379
-55.7862 2.18994

-55.7858 2.18994
-55.7817 2.19359

-55.7817 2.19447
-55.7256 2.24539

-55.7256 2.24585
-55.7253 2.24609

-55.7258 2.24609
-55.7256 2.24638

-55.7234 2.24609
-55.6694 2.28641

-55.6694 2.2858
-55.6438 2.30225

-55.6439 2.30225
-55.6133 2.32189

-55.6133 2.32158
-55.5571 2.35343

-55.5571 2.35308
-55.5457 2.3584

-55.5472 2.3584
-55.501 2.38195

-55.501 2.37929
-55.4448 2.39981

-55.4448 2.40008
-55.3948 2.41455

-55.4026 2.41455
-55.3887 2.41857

-55.3887 2.41451
-55.3884 2.41455

-55.3887 2.41825
-55.3325 2.42579

-55.3325 2.4248
-55.2764 2.42255

-55.2202 2.41277
-55.2305 2.41455

-55.2764 2.42233
-55.2313 2.41455

-55.2202 2.41237
-55.1641 2.39623

-55.0518 2.3571
-55.0558 2.3584

-55.1641 2.39475
-55.1079 2.37571

-55.1079 2.3752
-55.0553 2.3584

-55.0518 2.3576
-54.9956 2.3411

-54.9956 2.34074
-54.9395 2.32571

-54.9395 2.32537
-54.8833 2.31318

-54.8833 2.31367
-54.8271 2.30401

-54.771 2.29501
-54.811 2.30225

-54.8271 2.30467
-54.8137 2.30225

-54.771 2.29576
-54.7148 2.28129

-54.6025 2.22386
-54.6399 2.24609

-54.5464 2.18553
-54.5533 2.18994

-54.6025 2.22224
-54.5522 2.18994

-54.5464 2.18432
-54.4902 2.15572

-54.3779 2.11711
-54.4217 2.13379

-54.4902 2.15917
-54.432 2.13379

-54.3779 2.11734
-54.3218 2.09086

-54.2656 2.05666
-54.2959 2.07764

-54.3218 2.09122
-54.3022 2.07764

-54.7148 2.28261
-54.6587 2.25941

-54.6587 2.26122
-54.6333 2.24609

-53.5918 0.605853
-53.6037 0.617676

-53.6023 0.617676
-53.6428 0.673828

-53.7041 0.796392
-53.7248 0.842285

-53.7248 0.842285
-53.7498 0.898438

-53.6479 0.684994
-53.6736 0.72998

-53.6731 0.72998
-53.7002 0.786133

-53.6479 0.683452
-53.6425 0.673828

-53.7041 0.798476
-53.6984 0.786133

-53.5356 0.550189
-53.5471 0.561523

-53.5356 0.549784
-53.4795 0.512928

-53.5918 0.601666
-53.546 0.561523

-53.4233 0.491421
-53.4561 0.505371

-53.4795 0.514484
-53.4581 0.505371

-53.4233 0.492012
-53.3672 0.475167

-53.8164 1.04045
-53.8296 1.06689

-53.83 1.06689
-53.8594 1.12305

-53.9287 1.25562
-53.9466 1.2915

-53.947 1.2915
-53.9733 1.34766

-53.8726 1.14856
-53.8888 1.1792

-53.8895 1.1792
-53.9188 1.23535

-53.8726 1.14769
-53.8595 1.12305

-53.9287 1.25582
-53.9189 1.23535

-54.041 1.52095
-54.0584 1.57227

-54.0585 1.57227
-54.0761 1.62842

-54.0761 1.62842
-54.0923 1.68457

-54.0972 1.70296
-54.1074 1.74072

-54.107 1.74072
-54.1223 1.79688

-54.0972 1.70321
-54.0921 1.68457

-53.9849 1.37544
-53.997 1.40381

-53.9972 1.40381
-54.0193 1.45996

-53.9849 1.37458
-53.9733 1.34766

-54.041 1.52153
-54.0193 1.45996

-54.041 1.57381
-54.0405 1.57227

-53.7603 0.923248
-53.7746 0.95459

-53.7752 0.95459
-53.8019 1.01074

-53.7603 0.922154
-53.7494 0.898438

-53.8164 1.04117
-53.801 1.01074

-53.1987 0.441436
-53.2425 0.449219

-53.1987 0.441645
-53.1426 0.433564

-53.1426 0.43388
-53.0864 0.427611

-53.0864 0.427694
-53.0303 0.422439

-53.0303 0.422491
-52.9741 0.417977

-52.9741 0.417985
-52.918 0.414094

-53.3672 0.475851
-53.311 0.462842

-53.311 0.463182
-53.2549 0.451962

-53.2549 0.452798
-53.2323 0.449219

-52.918 0.41414
-52.8618 0.410766

-52.8618 0.410809
-52.8057 0.407774

-52.8057 0.407816
-52.7495 0.404952

-52.7495 0.405012
-52.6934 0.402115

-52.6934 0.402224
-52.6372 0.398957

-52.6372 0.399101
-52.5811 0.394958

-52.5249 0.389601
-52.5607 0.393066

-52.5811 0.394999
-52.5611 0.393066

-52.5249 0.389546
-52.4688 0.382754

-54.1533 1.89373
-54.1592 1.90918

-54.2095 1.9926
-54.2319 2.02148

-54.1583 1.90918
-54.1886 1.96533

-54.2095 1.99308
-54.1879 1.96533

-54.1217 1.79688
-54.139 1.85303

-54.1533 1.89097
-54.1388 1.85303

-54.1533 1.91245
-54.1509 1.90918

-54.2656 2.06649
-54.2393 2.02148

-52.4688 0.382556
-52.4126 0.37489

-52.4126 0.374676
-52.3564 0.366957

-52.3564 0.366745
-52.3003 0.359826

-52.3003 0.359722
-52.2441 0.354234

-52.2441 0.354308
-52.188 0.350313

-52.188 0.350274
-52.1318 0.347698

-52.1318 0.348154
-52.0195 0.344177

-52.0195 0.344279
-51.9072 0.341112

-51.9072 0.341229
-51.7949 0.338433

-51.6826 0.335463
-51.7314 0.336914

-51.7949 0.338678
-51.7308 0.336914

-51.6826 0.335453
-51.6265 0.333672

-51.6265 0.333643
-51.5703 0.331831

-51.5703 0.331823
-51.5142 0.330052

-51.5142 0.33005
-51.458 0.328342

-51.458 0.328344
-51.4019 0.3267

-51.4019 0.326701
-51.3457 0.325115

-51.3457 0.325116
-51.2896 0.323585

-51.2896 0.323584
-51.2334 0.322111

-51.2334 0.322109
-51.1772 0.320701

-51.1772 0.3207
-51.1211 0.319363

-51.1211 0.319362
-51.0649 0.318101

-51.0649 0.318101
-51.0088 0.316918

-51.0088 0.316919
-50.9526 0.315813

-50.9526 0.315814
-50.8965 0.314781

-50.8965 0.314783
-50.8403 0.313817

-50.8403 0.313819
-50.7842 0.312914

-50.7842 0.312916
-50.728 0.312065

-50.728 0.312066
-50.6719 0.311264

-50.6719 0.311267
-50.6157 0.310505

-50.6157 0.310507
-50.5596 0.309776

-50.5596 0.309767
-50.5034 0.309079

-50.5034 0.309087
-50.4473 0.308444

-50.4473 0.308456
-50.3911 0.307818

-50.3911 0.307811
-50.335 0.307168

-50.335 0.30717
-50.2788 0.306532

-50.2788 0.306532
-50.2227 0.305896

-50.2227 0.305897
-50.1665 0.305262

-50.1665 0.305264
-50.1104 0.304625

-50.1104 0.304626
-50.0542 0.303978

-50.0542 0.303978
-49.998 0.303319

-49.998 0.303319
-49.9419 0.302648

-49.9419 0.302648
-49.8857 0.301966

-49.8857 0.301966
-49.8296 0.30127

-49.8296 0.30127
-49.7734 0.300561

-49.7734 0.300561
-49.7173 0.299841

-49.7173 0.29984
-49.6611 0.29911

-49.6611 0.29911
-49.605 0.298371

-49.605 0.298371
-49.5488 0.297625

-49.5488 0.297625
-49.4927 0.296873

-49.4927 0.296873
-49.4365 0.296116

-49.4365 0.296116
-49.3804 0.295356

-49.3804 0.295356
-49.3242 0.294595

-49.3242 0.294595
-49.2681 0.293836

-49.2681 0.293835
-49.2119 0.29308

-49.2119 0.29308
-49.1558 0.292332

-49.1558 0.292331
-49.0996 0.291593

-49.0996 0.291592
-49.0435 0.290867

-49.0435 0.290866
-48.9873 0.290156

-48.9873 0.290155
-48.9312 0.289463

-48.9312 0.289463
-48.875 0.288792

-48.875 0.288791
-48.8188 0.288143

-48.8188 0.288143
-48.7627 0.28752

-48.7627 0.287519
-48.7065 0.286923

-48.7065 0.286922
-48.6504 0.286353

-48.6504 0.286353
-48.5942 0.285812

-48.5942 0.285812
-48.5381 0.285299

-48.5381 0.285299
-48.4819 0.284813

-48.4819 0.284813
-48.4258 0.284354

-48.4258 0.284354
-48.3696 0.283921

-48.3696 0.283921
-48.3135 0.283514

-48.3135 0.283514
-48.2573 0.283134

-48.2573 0.283133
-48.2012 0.28278

-48.2012 0.282779
-48.145 0.282454

-48.145 0.282454
-48.0889 0.282158

-48.0889 0.282157
-48.0327 0.281893

-48.0327 0.281893
-47.9766 0.281662

-47.9766 0.281662
-47.9204 0.281468

-47.9204 0.281467
-47.8643 0.281312

-47.8643 0.281312
-47.8081 0.281199

-47.8081 0.281198
-47.752 0.281129

-47.752 0.281129
-47.6958 0.281106

-47.6958 0.281106
-47.6396 0.281132

-47.6396 0.281132
-47.5835 0.281206

-47.5835 0.281206
-47.5273 0.281328

-47.5273 0.281328
-47.4712 0.281496

-47.4712 0.281497
-47.415 0.281707

-47.415 0.281708
-47.3589 0.281955

-47.3589 0.281957
-47.3027 0.282235

-47.3027 0.282237
-47.2466 0.282537

-47.2466 0.282539
-47.1904 0.282853

-47.1904 0.282856
-47.1343 0.283174

-47.1343 0.283176
-47.0781 0.283487

-47.0781 0.28349
-47.022 0.283783

-47.022 0.283785
-46.9658 0.284049

-46.9658 0.284052
-46.9097 0.284277

-46.9097 0.284279
-46.8535 0.284457

-46.8535 0.284459
-46.7974 0.284583

-46.7974 0.284584
-46.7412 0.284651

-46.7412 0.284651
-46.6851 0.284657

-46.6851 0.284656
-46.6289 0.284601

-46.6289 0.2846
-46.5728 0.284485

-46.5728 0.284484
-46.5166 0.284313

-46.5166 0.284311
-46.4604 0.284087

-46.4604 0.284086
-46.4043 0.283815

-46.4043 0.283813
-46.3481 0.283504

-46.3481 0.283502
-46.292 0.283161

-46.292 0.283158
-46.2358 0.282795

-46.2358 0.282793
-46.1797 0.282415

-46.1797 0.282413
-46.1235 0.282031

-46.1235 0.282029
-46.0674 0.28165

-46.0674 0.281648
-46.0112 0.281281

-46.0112 0.281285
-45.9551 0.280928

-45.8989 0.280552
-45.9302 0.280762

-45.9551 0.280953
-45.9266 0.280762

-45.8989 0.280543
-45.8428 0.28016

-45.8428 0.280162
-45.7866 0.279811

-45.7866 0.279809
-45.7305 0.279492

-45.7305 0.279492
-45.6743 0.279213

-45.6743 0.279212
-45.6182 0.278976

-45.6182 0.278974
-45.562 0.278789

-45.562 0.278786
-45.5059 0.27866

-45.5059 0.278657
-45.4497 0.278602

-45.4497 0.278598
-45.3936 0.278629

-45.3936 0.278625
-45.3374 0.278758

-45.3374 0.278753
-45.2812 0.279007

-45.2812 0.279002
-45.2251 0.279397

-45.2251 0.279394
-45.1689 0.279945

-45.1689 0.27995
-45.1128 0.280652

-45.1153 0.280762
-45.1128 0.280793

-45.1128 0.280668
-45.1062 0.280762

-45.107 0.280762
-45.0566 0.281473

-45.0566 0.281446
-45.0005 0.28233

-45.0005 0.282331
-44.9443 0.283355

-44.9443 0.283359
-44.8882 0.284512

-44.8882 0.284516
-44.832 0.285784

-44.832 0.285788
-44.7759 0.287154

-44.7759 0.287158
-44.7197 0.288607

-44.7197 0.288611
-44.6636 0.290127

-44.6636 0.290131
-44.6074 0.291698

-44.6074 0.291701
-44.5513 0.293304

-44.5513 0.293308
-44.4951 0.294931

-44.4951 0.294935
-44.439 0.29656

-44.439 0.296566
-44.3828 0.298173

-44.3828 0.298179
-44.3267 0.299746

-44.3267 0.299752
-44.2705 0.301256

-44.2705 0.301261
-44.2144 0.302679

-44.2144 0.302683
-44.1582 0.303998

-44.1582 0.303999
-44.1021 0.305199

-44.1021 0.3052
-44.0459 0.306281

-44.0459 0.306281
-43.9897 0.307242

-43.9897 0.307236
-43.9336 0.308091

-43.9336 0.308086
-43.8774 0.308858

-43.8774 0.308867
-43.8213 0.309545

-43.8213 0.309533
-43.7651 0.310123

-43.7651 0.310113
-43.709 0.310659

-43.709 0.310654
-43.6528 0.311185

-43.6528 0.311185
-43.5967 0.311708

-43.5967 0.311712
-43.5405 0.312223

-43.5405 0.312229
-43.4844 0.312708

-43.4844 0.312717
-43.4282 0.313132

-43.4282 0.313143
-43.3721 0.313451

-43.3721 0.313464
-43.3159 0.313616

-43.3159 0.313628
-43.2598 0.313575

-43.2598 0.313584
-43.2036 0.313283

-43.2036 0.313286
-43.1475 0.312713

-43.1475 0.312709
-43.0913 0.311867

-43.0913 0.311849
-43.0352 0.310782

-43.0352 0.310766
-42.979 0.30954

-42.979 0.309537
-42.9229 0.308188

-42.9229 0.308165
-42.8667 0.306742

-42.8667 0.306719
-42.8105 0.305315

-42.8105 0.305297
-42.7544 0.303998

-42.7544 0.303989
-42.6982 0.302851

-42.6982 0.302851
-42.6421 0.301894

-42.6421 0.301902
-42.5859 0.301109

-42.5859 0.301125
-42.5298 0.300448

-42.5298 0.300468
-42.4736 0.299834

-42.4736 0.299854
-42.4175 0.299185

-42.4175 0.299198
-42.3613 0.298427

-42.3613 0.298434
-42.3052 0.297521

-42.3052 0.297522
-42.249 0.29645

-42.249 0.296452
-42.1929 0.295213

-42.1929 0.295222
-42.1367 0.293795

-42.1367 0.293814
-42.0806 0.292143

-42.0806 0.292167
-42.0244 0.29017

-42.0244 0.290189
-41.9683 0.28778

-41.9683 0.287793
-41.9121 0.284906

-41.9121 0.284919
-41.856 0.281502

-41.7998 0.277589
-41.8463 0.280762

-41.856 0.28148
-41.8454 0.280762

-41.7998 0.277586
-41.7437 0.273504

-41.7437 0.273489
-41.6875 0.269213

-41.6875 0.269163
-41.6313 0.26482

-41.6313 0.264771
-41.5752 0.260558

-41.5752 0.260516
-41.519 0.256612

-41.519 0.256587
-41.4629 0.253127

-41.4629 0.253119
-41.4067 0.250169

-41.4067 0.250165
-41.3506 0.24775

-41.3506 0.247782
-41.2944 0.245842

-41.2944 0.245883
-41.2383 0.244271

-41.2383 0.244316
-41.1821 0.242862

-41.1821 0.242911
-41.126 0.241429

-41.126 0.241469
-41.0698 0.23978

-41.0698 0.239767
-41.0137 0.237816

-40.7891 0.222771
-40.8102 0.224609

-41.0137 0.238178
-40.9014 0.232358

-40.9014 0.232351
-40.796 0.224609

-40.7891 0.222751
-40.7329 0.218328

-40.7329 0.218728
-40.6768 0.215282

-40.6768 0.215447
-40.6206 0.211847

-40.6206 0.211845
-40.5645 0.207765

-40.5645 0.207783
-40.5083 0.203193

-40.5083 0.203243
-40.4521 0.198003

-40.4521 0.198035
-40.396 0.191982

-40.396 0.191921
-40.3398 0.185113

-40.3398 0.185073
-40.2837 0.177713

-40.2837 0.17775
-40.2275 0.169844

-40.1714 0.161369
-40.2189 0.168457

-40.2275 0.169881
-40.218 0.168457

-40.1714 0.16137
-40.1152 0.152704

-40.1152 0.152581
-40.0591 0.143915

-40.0591 0.143739
-40.0029 0.13567

-40.0029 0.135557
-39.9468 0.128663

-39.9468 0.128597
-39.8906 0.123234

-39.8906 0.123959
-39.7783 0.11385

-39.7222 0.108986
-39.7602 0.112305

-39.7222 0.108537
-39.666 0.104707

-39.7783 0.114355
-39.747 0.112305

-39.666 0.104675
-39.6099 0.103512

-39.6099 0.103452
-39.5537 0.105142

-39.5537 0.105206
-39.4976 0.109739

-39.4976 0.11014
-39.4799 0.112305

-39.4822 0.112305
-39.4414 0.116159

-39.4414 0.117164
-39.3853 0.125298

-39.3853 0.125114
-39.3291 0.13415

-39.3291 0.134958
-39.2729 0.143649

-39.2729 0.143586
-39.2168 0.150443

-39.2168 0.15042
-39.1606 0.155616

-39.1606 0.155367
-39.1045 0.159446

-39.1045 0.158999
-39.0483 0.16335

-39.0483 0.16288
-38.9993 0.168457

-39.0014 0.168457
-38.9922 0.169506

-38.9922 0.169188
-38.936 0.178712

-38.936 0.177677
-38.8799 0.192637

-38.8799 0.191849
-38.8237 0.21589

-38.8237 0.216552
-38.8107 0.224609

-38.8139 0.224609
-38.7676 0.247794

-38.7676 0.253378
-38.7278 0.280762

-38.7305 0.280762
-38.7114 0.293887

-38.7114 0.293386
-38.6553 0.327833

-38.6553 0.327029
-38.6368 0.336914

-38.6372 0.336914
-38.5991 0.357285

-38.5991 0.357434
-38.543 0.384029

-38.543 0.38374
-38.5196 0.393066

-38.5214 0.393066
-38.4868 0.406875

-38.4868 0.406329
-38.4307 0.424797

-38.4307 0.424522
-38.3745 0.440112

-38.3745 0.440063
-38.3331 0.449219

-38.3386 0.449219
-38.3184 0.454217

-38.3184 0.452663
-38.2622 0.46163

-38.2622 0.461911
-38.2061 0.467443

-38.2061 0.466606
-38.1499 0.469815

-38.1499 0.469961
-38.0938 0.472229

-38.0938 0.472026
-38.0376 0.473469

-38.0376 0.473302
-37.9814 0.474662

-37.9814 0.47454
-37.9253 0.476395

-37.9253 0.476281
-37.8691 0.479102

-37.8691 0.479106
-37.813 0.483115

-37.813 0.483174
-37.7568 0.488243

-37.7568 0.488396
-37.7007 0.494102

-37.7007 0.494285
-37.6445 0.499954

-37.6445 0.499946
-37.5884 0.505204

-37.5921 0.505371
-37.5884 0.505722

-37.5884 0.504839
-37.5809 0.505371

-37.5884 0.505677
-37.5322 0.509666

-37.5322 0.509437
-37.4761 0.511691

-37.4761 0.511793
-37.4199 0.512493

-37.4199 0.512493
-37.3638 0.511432

-37.3638 0.511346
-37.3076 0.508696

-37.2515 0.504885
-37.2584 0.505371

-37.3076 0.5086
-37.2617 0.505371

-37.2515 0.50484
-37.1953 0.499423

-36.8022 0.446459
-36.827 0.449219

-36.8022 0.446223
-36.7461 0.440836

-37.1953 0.499259
-37.1392 0.492396

-37.1392 0.492332
-37.083 0.484482

-37.083 0.484328
-37.0269 0.475927

-37.0269 0.475799
-36.9707 0.467408

-36.9707 0.466992
-36.8584 0.452402

-36.8584 0.452896
-36.8208 0.449219

-36.7461 0.440861
-36.6899 0.437273

-36.6899 0.437327
-36.6338 0.435379

-36.6338 0.43543
-36.5776 0.43491

-36.5776 0.434948
-36.5215 0.435678

-36.5215 0.435721
-36.4653 0.437537

-36.4653 0.43758
-36.4092 0.440309

-36.4092 0.440385
-36.353 0.443789

-36.353 0.443906
-36.2969 0.447596

-36.2969 0.447834
-36.2702 0.449219

-36.0161 0.447949
-36.0438 0.449219

-36.0161 0.447878
-35.96 0.443386

-35.96 0.443147
-35.9038 0.436706

-35.9038 0.436564
-35.8477 0.428934

-36.2855 0.449219
-36.1846 0.452487

-36.1846 0.452006
-36.0723 0.45038

-36.0723 0.449386
-36.0697 0.449219

-35.8477 0.428735
-35.7915 0.420597

-35.7915 0.420358
-35.7354 0.412591

-35.7354 0.412313
-35.6792 0.40595

-35.6792 0.405719
-35.623 0.401777

-35.623 0.40152
-35.5669 0.400976

-35.5669 0.400762
-35.5107 0.40456

-35.5107 0.404381
-35.4546 0.413305

-35.4546 0.413119
-35.3984 0.427898

-35.3984 0.427981
-35.3423 0.448704

-35.1245 0
-35.1177 0.0164002

-35.1177 0.0129172
-35.0615 0.0028914

-35.3463 0.449219
-35.2861 0.473083

-35.2861 0.475872
-35.23 0.503695

-35.23 0.502617
-35.2241 0.505371

-35.2282 0.505371
-35.1738 0.530911

-35.1738 0.530423
-35.1177 0.554584

-35.1177 0.554323
-35.0987 0.561523

-35.1012 0.561523
-35.0615 0.577431

-35.0615 0.576052
-35.0054 0.594338

-35.0054 0.594419
-34.9492 0.610568

-34.9492 0.6103
-34.9201 0.617676

-34.9207 0.617676
-34.8931 0.624692

-34.8931 0.624533
-34.8369 0.637412

-34.8369 0.637329
-34.7808 0.649174

-34.7808 0.648971
-34.7246 0.660351

-34.7246 0.660171
-34.6685 0.671851

-34.6685 0.672048
-34.661 0.673828

-34.6583 0.673828
-34.6123 0.684359

-34.6123 0.685122
-34.5562 0.700186

-34.5562 0.699976
-34.5 0.71632

-34.5 36.9586
-34.8235 37.7344

-34.8219 37.7344
-35.588 39.5312

-36.2969 41.1464
-36.3765 41.3281

-36.3757 41.3281
-37.1844 43.125

-36.2969 41.1461
-35.5891 39.5312

-41.6875 52.5402
-42.3504 53.9062

-43.4844 56.2703
-44.0729 57.5

-42.3461 53.9062
-43.2103 55.7031

-43.4844 56.2634
-43.2162 55.7031

-38.0938 45.0857
-38.8602 46.7188

-39.8906 48.867
-40.5934 50.3125

-38.8575 46.7188
-39.7166 48.5156

-39.8906 48.8608
-39.7228 48.5156

-37.1856 43.125
-38.015 44.9219

-38.0938 45.0776
-38.0207 44.9219

-40.5947 50.3125
-41.4739 52.1094

-41.6875 52.5301
-41.4834 52.1094

-63.25 94.7413
-63.5092 95.2344

-63.4919 95.2344
-64.447 97.0312

-65.0469 98.1014
-65.4456 98.8281

-65.4539 98.8281
-66.4278 100.625

-65.0469 98.1007
-64.4602 97.0312

-74.0312 114.609
-74.2404 115

-72.2344 111.395
-72.2408 111.406

-70.4375 108.073
-71.2517 109.609

-71.2409 109.609
-72.2331 111.406

-72.2573 111.406
-73.2733 113.203

-74.0312 114.587
-73.2909 113.203

-66.8438 101.432
-67.3656 102.422

-67.3509 102.422
-68.3207 104.219

-68.6406 104.756
-69.3407 106.016

-69.3476 106.016
-70.3178 107.812

-68.6406 104.763
-68.3382 104.219

-66.8438 101.394
-66.4382 100.625

-70.4375 107.995
-70.3408 107.812

-48.875 67.4823
-49.2718 68.2812

-50.6719 71.0062
-51.1285 71.875

-49.2636 68.2812
-50.1784 70.0781

-50.6719 70.9977
-50.1886 70.0781

-56.0625 81.1846
-56.827 82.6562

-57.8594 84.604
-58.74 86.25

-56.8203 82.6562
-57.7686 84.4531

-57.8594 84.591
-57.7856 84.4531

-52.4688 74.392
-53.037 75.4688

-54.2656 77.7787
-54.952 79.0625

-53.0296 75.4688
-53.9828 77.2656

-54.2656 77.7654
-53.9984 77.2656

-51.1324 71.875
-52.0868 73.6719

-52.4688 74.3704
-52.1001 73.6719

-54.9553 79.0625
-55.9001 80.8594

-56.0625 81.1504
-55.9113 80.8594

-45.2812 60.0498
-45.7733 61.0938

-47.0781 63.8303
-47.4942 64.6875

-45.7649 61.0938
-46.6188 62.8906

-47.0781 63.8238
-46.6252 62.8906

-44.0711 57.5
-44.9251 59.2969

-45.2812 60.0387
-44.9316 59.2969

-47.4939 64.6875
-48.3785 66.4844

-48.875 67.4701
-48.3854 66.4844

-59.6562 87.9872
-59.6875 88.0469

-59.6743 88.0469
-60.6169 89.8438

-61.4531 91.3945
-61.5856 91.6406

-61.595 91.6406
-62.5652 93.4375

-61.4531 91.3938
-60.6187 89.8438

-59.6562 87.9852
-58.7458 86.25

-63.25 94.726
-62.5726 93.4375

-34.5 0.716418
-34.4569 0.72998

-34.458 0.72998
-34.4438 0.734445

-34.4438 0.734301
-34.3877 0.752711

-34.3877 0.75253
-34.3315 0.771795

-34.3315 0.772028
-34.2912 0.786133

-34.2934 0.786133
-34.2754 0.792223

-34.2754 0.79197
-34.2192 0.810818

-34.2192 0.810797
-34.1631 0.828668

-34.1631 0.828542
-34.1176 0.842285

-34.1194 0.842285
-34.1069 0.846064

-34.1069 0.846
-34.0508 0.861284

-34.0508 0.861267
-33.9946 0.874141

-33.9946 0.874227
-33.9385 0.884553

-33.9385 0.884562
-33.8823 0.892151

-33.8823 0.89207
-33.8262 0.897065

-33.8262 0.896788
-33.7988 0.898438

-33.7954 0.898438
-33.7139 0.902856

-33.7139 0.901681
-33.6016 0.905598

-33.6016 0.905238
-33.4893 0.910111

-33.4893 0.910352
-33.4331 0.913362

-33.4331 0.913191
-33.377 0.916634

-33.377 0.916481
-33.3208 0.921004

-33.3208 0.92094
-33.2646 0.926977

-33.2646 0.926975
-33.2085 0.93466

-33.2085 0.934623
-33.1523 0.944033

-33.1523 0.944064
-33.099 0.95459

-33.1013 0.95459
-33.0962 0.955597

-33.0962 0.955627
-33.04 0.967364

-33.04 0.967466
-32.9839 0.978759

-32.9839 0.978717
-32.9277 0.989447

-32.9277 0.989349
-32.8716 0.999795

-32.8716 0.999707
-32.8154 1.01024

-32.8154 1.01037
-32.8135 1.01074

-32.812 1.01074
-32.7031 1.03232

-32.7031 1.03247
-32.647 1.04421

-32.647 1.04427
-32.5908 1.0562

-32.5908 1.05617
-32.5404 1.06689

-32.5421 1.06689
-32.5347 1.06849

-32.5347 1.06843
-32.4785 1.07981

-32.4785 1.0795
-32.4224 1.0904

-32.4224 1.09044
-32.3662 1.10139

-32.3662 1.10146
-32.3101 1.11224

-32.3101 1.11232
-32.2539 1.12265

-32.2562 1.12305
-32.2539 1.12346

-32.2539 1.12294
-32.2533 1.12305

-32.2539 1.12344
-32.1416 1.13972

-32.1416 1.13876
-32.0854 1.14478

-32.0854 1.14495
-32.0293 1.15042

-32.0293 1.15039
-31.9731 1.155

-31.9731 1.15498
-31.917 1.15881

-31.917 1.15882
-31.8608 1.16186

-31.8608 1.16185
-31.8047 1.16409

-31.8047 1.16408
-31.7485 1.16555

-31.7485 1.16555
-31.6924 1.16627

-31.6924 1.16625
-31.6362 1.16629

-31.6362 1.16623
-31.5801 1.16575

-31.5801 1.16564
-31.5239 1.16498

-31.5239 1.16483
-31.4678 1.16454

-31.4678 1.16439
-31.4116 1.16509

-31.4116 1.16495
-31.3555 1.16718

-31.3555 1.16714
-31.2993 1.17124

-31.2993 1.17127
-31.2432 1.17726

-31.2432 1.17746
-31.2299 1.1792

-31.2304 1.1792
-31.187 1.18486

-31.187 1.18499
-31.1309 1.19282

-31.1309 1.19285
-31.0747 1.20084

-31.0747 1.2008
-31.0186 1.20899

-31.0186 1.20891
-30.9624 1.21754

-30.9624 1.21745
-30.9062 1.22684

-30.9062 1.22686
-30.8593 1.23535

-30.8614 1.23535
-30.7939 1.24748

-30.7939 1.24765
-30.7378 1.25804

-30.7378 1.2581
-30.6816 1.26836

-30.6816 1.26836
-30.6255 1.27837

-30.6255 1.27829
-30.5693 1.28819

-30.5693 1.28805
-30.5495 1.2915

-30.5514 1.2915
-30.5132 1.29816

-30.5132 1.2981
-30.457 1.30753

-30.457 1.30774
-30.4009 1.31632

-30.4009 1.3165
-30.3447 1.32342

-30.3447 1.32351
-30.2886 1.32823

-30.2886 1.3281
-30.2324 1.33071

-30.2324 1.33048
-30.1763 1.33168

-30.1763 1.33148
-30.1201 1.33211

-30.1201 1.33196
-30.064 1.3327

-30.064 1.33271
-30.0078 1.33382

-30.0078 1.33388
-29.9517 1.33526

-29.9517 1.33536
-29.8955 1.33669

-29.8955 1.33679
-29.8394 1.33764

-29.8394 1.33765
-29.7832 1.33781

-29.7832 1.33772
-29.7271 1.33736

-29.7271 1.33717
-29.6709 1.33686

-29.6709 1.33661
-29.6147 1.33721

-29.6147 1.33706
-29.5586 1.33935

-29.5586 1.33922
-29.5024 1.34378

-29.5024 1.34387
-29.4726 1.34766

-29.4736 1.34766
-29.4463 1.35047

-29.4463 1.3512
-29.3901 1.36035

-29.3901 1.36023
-29.334 1.37103

-29.334 1.37153
-29.2778 1.38322

-29.2778 1.38319
-29.2217 1.39485

-29.2217 1.39474
-29.1786 1.40381

-29.1792 1.40381
-29.1655 1.40669

-29.1655 1.40663
-29.1094 1.41867

-29.1094 1.41874
-29.0532 1.43077

-29.0532 1.43083
-28.9971 1.4426

-28.9971 1.44249
-28.9409 1.45412

-28.9409 1.454
-28.9129 1.45996

-28.9128 1.45996
-28.8848 1.46591

-28.8848 1.46602
-28.8286 1.47836

-28.8286 1.47831
-28.7725 1.49098

-28.7725 1.49102
-28.7163 1.50405

-28.7163 1.50399
-28.6655 1.51611

-28.6661 1.51611
-28.6602 1.51754

-28.6602 1.51749
-28.604 1.5312

-28.604 1.53125
-28.5479 1.545

-28.5479 1.54511
-28.4917 1.55858

-28.4917 1.55847
-28.4355 1.57165

-28.4355 1.57154
-28.4325 1.57227

-28.4324 1.57227
-28.3794 1.58486

-28.3794 1.58489
-28.3232 1.59859

-28.3232 1.59845
-28.2671 1.61273

-28.2671 1.61264
-28.2109 1.62796

-28.2109 1.62796
-28.2094 1.62842

-28.2099 1.62842
-28.1548 1.64436

-28.1548 1.6443
-28.0986 1.66121

-28.0986 1.66126
-28.0425 1.67886

-28.0425 1.67884
-28.025 1.68457

-28.025 1.68457
-27.9863 1.69697

-27.9863 1.69716
-27.9302 1.71634

-27.9302 1.71613
-27.874 1.73649

-27.874 1.73647
-27.8629 1.74072

-27.8637 1.74072
-27.8179 1.75829

-27.8179 1.75821
-27.7617 1.78059

-27.7617 1.78057
-27.7222 1.79688

-27.7226 1.79688
-27.6494 1.82745

-27.6494 1.82769
-27.5933 1.85208

-27.5933 1.85192
-27.5908 1.85303

-27.5912 1.85303
-27.5371 1.8769

-27.5371 1.87676
-27.481 1.90208

-27.481 1.90212
-27.4657 1.90918

-27.4661 1.90918
-27.4248 1.92799

-27.4248 1.92807
-27.3687 1.95441

-27.3687 1.95432
-27.3456 1.96533

-27.3459 1.96533
-27.3125 1.9813

-27.5371 6.27481
-27.5471 6.28906

-27.3687 6.05399
-27.3782 6.06445

-27.3125 5.99385
-27.3265 6.0083

-27.3687 6.05398
-27.3268 6.0083

-27.4248 6.11947
-27.4258 6.12061

-27.4258 6.12061
-27.4695 6.17676

-27.481 6.19362
-27.5091 6.23291

-27.5371 6.27455
-27.5091 6.23291

-27.481 6.19289
-27.4694 6.17676

-27.4248 6.11973
-27.378 6.06445

-27.7617 6.65058
-27.7789 6.68213

-27.7791 6.68213
-27.8089 6.73828

-27.9863 7.08566
-28.0104 7.13135

-28.0104 7.13135
-28.0402 7.1875

-27.874 6.8656
-27.8948 6.90674

-27.8948 6.90674
-27.9232 6.96289

-27.8179 6.75592
-27.8378 6.79443

-27.8379 6.79443
-27.8666 6.85059

-27.8179 6.75576
-27.8088 6.73828

-27.874 6.86545
-27.8665 6.85059

-27.9302 6.9767
-27.9517 7.01904

-27.9517 7.01904
-27.9808 7.0752

-27.9302 6.9768
-27.9231 6.96289

-27.9863 7.08577
-27.9808 7.0752

-27.6494 6.45465
-27.6847 6.51367

-27.5933 6.36246
-27.6174 6.40137

-27.5466 6.28906
-27.5825 6.34521

-27.5933 6.36247
-27.5826 6.34521

-27.6494 6.45451
-27.6173 6.40137

-27.7056 6.55047
-27.7167 6.56982

-27.7169 6.56982
-27.7484 6.62598

-27.7056 6.5502
-27.6845 6.51367

-27.7617 6.65051
-27.7483 6.62598

-28.2109 7.51876
-28.2137 7.52441

-28.2136 7.52441
-28.2401 7.58057

-28.2401 7.58057
-28.2658 7.63672

-28.4355 8.06322
-28.4435 8.08594

-28.3232 7.76842
-28.3387 7.80518

-28.3387 7.80518
-28.3614 7.86133

-28.2671 7.63972
-28.2907 7.69287

-28.2908 7.69287
-28.3151 7.74902

-28.2671 7.63955
-28.2658 7.63672

-28.3232 7.76848
-28.3151 7.74902

-28.3794 7.90802
-28.3831 7.91748

-28.3833 7.91748
-28.4042 7.97363

-28.3794 7.90762
-28.3614 7.86133

-28.4041 7.97363
-28.4242 8.02979

-28.4355 8.063
-28.4242 8.02979

-28.6602 8.89502
-28.6772 8.98438

-28.4433 8.08594
-28.4618 8.14209

-28.4619 8.14209
-28.4797 8.19824

-28.4917 8.23767
-28.4968 8.25439

-28.4968 8.25439
-28.5137 8.31055

-28.4917 8.23768
-28.4796 8.19824

-28.5479 8.42961
-28.5615 8.479

-28.5615 8.479
-28.5766 8.53516

-28.5136 8.31055
-28.53 8.3667

-28.53 8.3667
-28.546 8.42285

-28.5479 8.4297
-28.546 8.42285

-28.604 8.64253
-28.6052 8.64746

-28.5766 8.53516
-28.5912 8.59131

-28.604 8.64255
-28.5912 8.59131

-28.6052 8.64746
-28.6187 8.70361

-28.6187 8.70361
-28.6316 8.75977

-28.6316 8.75977
-28.6439 8.81592

-28.6439 8.81592
-28.6556 8.87207

-28.6602 8.8953
-28.6556 8.87207

-28.0986 7.29675
-28.1003 7.2998

-28.1548 7.4049
-28.1585 7.41211

-28.1002 7.2998
-28.1297 7.35596

-28.1548 7.40483
-28.1298 7.35596

-28.0425 7.19167
-28.0703 7.24365

-28.0986 7.29684
-28.0704 7.24365

-28.0425 7.19162
-28.0403 7.1875

-28.1585 7.41211
-28.1864 7.46826

-28.2109 7.51875
-28.1865 7.46826

-28.677 8.98438
-28.6869 9.04053

-28.6869 9.04053
-28.6962 9.09668

-28.6961 9.09668
-28.7049 9.15283

-28.7049 9.15283
-28.7132 9.20898

-28.7163 9.23168
-28.721 9.26514

-28.721 9.26514
-28.7285 9.32129

-28.7163 9.23167
-28.7131 9.20898

-28.7285 9.32129
-28.7358 9.37744

-28.7358 9.37744
-28.7428 9.43359

-28.7428 9.43359
-28.7497 9.48975

-28.7497 9.48975
-28.7564 9.5459

-28.7564 9.5459
-28.7631 9.60205

-28.7631 9.60205
-28.7698 9.6582

-28.7725 9.68026
-28.7833 9.77051

-28.7833 9.77051
-28.7901 9.82666

-28.7901 9.82666
-28.7968 9.88281

-28.7725 9.68017
-28.7698 9.6582

-28.7969 9.88281
-28.8036 9.93896

-28.8036 9.93896
-28.8104 9.99512

-28.8104 9.99512
-28.8171 10.0513

-28.8171 10.0513
-28.8237 10.1074

-28.8286 10.1506
-28.8301 10.1636

-28.8301 10.1636
-28.8364 10.2197

-28.8286 10.1505
-28.8237 10.1074

-28.8364 10.2197
-28.8424 10.2759

-28.8424 10.2759
-28.8483 10.332

-28.8848 10.776
-28.8851 10.7812

-28.8483 10.332
-28.8539 10.3882

-28.8539 10.3882
-28.8592 10.4443

-28.8592 10.4443
-28.8642 10.5005

-28.8642 10.5005
-28.869 10.5566

-28.869 10.5566
-28.8734 10.6128

-28.8734 10.6128
-28.8776 10.6689

-28.8776 10.6689
-28.8815 10.7251

-28.8848 10.7759
-28.8815 10.7251

-29.1094 12.9341
-29.1228 13.0273

-29.1229 13.0273
-29.1311 13.0835

-29.1311 13.0835
-29.1393 13.1396

-29.1393 13.1396
-29.1476 13.1958

-29.1476 13.1958
-29.1559 13.252

-29.1655 13.3165
-29.1726 13.3643

-29.1559 13.252
-29.1643 13.3081

-29.1655 13.3165
-29.1643 13.3081

-29.1726 13.3643
-29.181 13.4204

-29.181 13.4204
-29.1893 13.4766

-29.2217 13.6954
-29.2225 13.7012

-29.1893 13.4766
-29.1976 13.5327

-29.1976 13.5327
-29.206 13.5889

-29.2059 13.5889
-29.2143 13.645

-29.2217 13.6952
-29.2142 13.645

-29.2225 13.7012
-29.2393 13.8135

-29.2392 13.8135
-29.2477 13.8696

-29.2477 13.8696
-29.2561 13.9258

-29.2561 13.9258
-29.2647 13.9819

-29.2647 13.9819
-29.2734 14.0381

-29.2778 14.0668
-29.2821 14.0942

-29.2821 14.0942
-29.2909 14.1504

-29.2778 14.0668
-29.2734 14.0381

-29.2909 14.1504
-29.2998 14.2065

-29.2998 14.2065
-29.3088 14.2627

-29.3088 14.2627
-29.3178 14.3188

-29.3178 14.3188
-29.3268 14.375

-28.8851 10.7812
-28.8918 10.8936

-28.8917 10.8936
-28.898 11.0059

-28.8979 11.0059
-28.901 11.062

-28.901 11.062
-28.9042 11.1182

-28.9041 11.1182
-28.9075 11.1743

-28.9075 11.1743
-28.9111 11.2305

-28.9111 11.2305
-28.915 11.2866

-28.915 11.2866
-28.9192 11.3428

-28.9192 11.3428
-28.9238 11.3989

-28.9238 11.3989
-28.9288 11.4551

-28.9288 11.4551
-28.9341 11.5112

-28.9341 11.5112
-28.9397 11.5674

-28.9409 11.5782
-28.9457 11.6235

-28.9457 11.6235
-28.9518 11.6797

-28.9409 11.5782
-28.9398 11.5674

-28.9518 11.6797
-28.9581 11.7358

-28.9581 11.7358
-28.9645 11.792

-28.9645 11.792
-28.9709 11.8481

-28.9709 11.8481
-28.9775 11.9043

-28.9971 12.0708
-29.0039 12.1289

-28.9775 11.9043
-28.9841 11.9604

-28.9841 11.9604
-28.9907 12.0166

-28.9971 12.0709
-28.9907 12.0166

-29.0039 12.1289
-29.0106 12.1851

-29.0106 12.1851
-29.0174 12.2412

-29.0174 12.2412
-29.0242 12.2974

-29.0242 12.2974
-29.0311 12.3535

-29.0311 12.3535
-29.0381 12.4097

-29.0381 12.4097
-29.0452 12.4658

-29.0532 12.5277
-29.0599 12.5781

-29.0452 12.4658
-29.0525 12.522

-29.0532 12.5276
-29.0525 12.522

-29.0599 12.5781
-29.0674 12.6343

-29.0674 12.6343
-29.075 12.6904

-29.075 12.6904
-29.0828 12.7466

-29.0828 12.7466
-29.0907 12.8027

-29.0907 12.8027
-29.0986 12.8589

-29.0986 12.8589
-29.1066 12.915

-29.1094 12.9341
-29.1066 12.915

-27.3125 1.98122
-27.2563 2.00851

-27.2563 2.00848
-27.2301 2.02148

-27.2302 2.02148
-27.2002 2.03627

-27.2002 2.03634
-27.144 2.06492

-27.144 2.06473
-27.1195 2.07764

-27.1197 2.07764
-27.0879 2.09442

-27.0879 2.09439
-27.0317 2.12525

-27.0317 2.12532
-27.0171 2.13379

-27.017 2.13379
-26.9756 2.15717

-26.9756 2.15754
-26.9222 2.18994

-26.9223 2.18994
-26.9194 2.19168

-26.9194 2.19164
-26.8633 2.22726

-26.8633 2.2272
-26.8348 2.24609

-26.8348 2.24609
-26.8071 2.26443

-26.8071 2.26435
-26.7526 2.30225

-26.7536 2.30225
-26.751 2.30408

-26.751 2.30398
-26.6948 2.34387

-26.6948 2.34351
-26.6744 2.3584

-26.6739 2.3584
-26.6387 2.38384

-26.6387 2.38466
-26.5991 2.41455

-26.599 2.41455
-26.5825 2.427

-26.5825 2.42686
-26.5264 2.47001

-26.5264 2.47007
-26.5256 2.4707

-26.5257 2.4707
-26.4702 2.51407

-26.4702 2.51408
-26.4539 2.52686

-26.4541 2.52686
-26.4141 2.55827

-26.4141 2.55826
-26.3825 2.58301

-26.3827 2.58301
-26.3579 2.60241

-26.3579 2.6023
-26.3106 2.63916

-26.3106 2.63916
-26.3018 2.64603

-26.3018 2.64601
-26.2456 2.68975

-26.2456 2.68987
-26.2387 2.69531

-26.238 2.69531
-26.1895 2.73384

-26.1895 2.73435
-26.1686 2.75146

-26.1679 2.75146
-26.1333 2.77981

-26.1333 2.77997
-26.1011 2.80762

-26.1003 2.80762
-26.0771 2.82721

-26.0771 2.82813
-26.0379 2.86377

-26.0371 2.86377
-26.021 2.87841

-26.021 2.87856
-25.9784 2.91992

-25.9782 2.91992
-25.9648 2.93262

-25.9648 2.93316
-25.9232 2.97607

-25.924 2.97607
-25.9087 2.99362

-25.9087 2.99199
-25.8736 3.03223

-25.8734 3.03223
-25.8525 3.06139

-25.8525 3.06044
-25.8311 3.08838

-25.8311 3.08838
-25.7964 3.1407

-25.7964 3.13921
-25.7929 3.14453

-25.7938 3.14453
-25.7626 3.20068

-25.763 3.20068
-25.7402 3.24995

-25.7402 3.24957
-25.7369 3.25684

-25.7371 3.25684
-25.7157 3.31299

-25.7158 3.31299
-25.6985 3.36914

-25.6986 3.36914
-25.6848 3.42529

-25.6849 3.42529
-25.6841 3.42953

-25.6841 3.4292
-25.6741 3.48145

-25.6742 3.48145
-25.6664 3.5376

-25.6664 3.5376
-25.6613 3.59375

-26.6948 5.37601
-26.7083 5.39062

-26.6387 5.3148
-26.6567 5.33447

-26.6948 5.37599
-26.6567 5.33447

-26.4702 5.13085
-26.5025 5.16602

-26.4141 5.06994
-26.4508 5.10986

-26.4702 5.13077
-26.451 5.10986

-26.5825 5.25327
-26.6055 5.27832

-26.5264 5.19212
-26.5539 5.22217

-26.5825 5.25318
-26.5541 5.22217

-26.6387 5.31477
-26.6053 5.27832

-26.5264 5.19207
-26.5025 5.16602

-25.6611 3.59375
-25.659 3.6499

-25.6591 3.6499
-25.6603 3.70605

-25.6601 3.70605
-25.6647 3.76221

-25.6647 3.76221
-25.6731 3.81836

-25.6841 3.86954
-25.6851 3.87451

-25.6852 3.87451
-25.7004 3.93066

-25.6841 3.86935
-25.6733 3.81836

-25.7006 3.93066
-25.7186 3.98682

-25.7186 3.98682
-25.7388 4.04297

-25.7402 4.04599
-25.7607 4.09912

-25.7607 4.09912
-25.7833 4.15527

-25.7964 4.18617
-25.8069 4.21143

-25.8069 4.21143
-25.831 4.26758

-25.7964 4.18626
-25.7834 4.15527

-25.8525 4.31657
-25.8815 4.37988

-25.9087 4.4353
-25.9091 4.43604

-25.909 4.43604
-25.9395 4.49219

-25.9087 4.43495
-25.8814 4.37988

-25.9087 4.43616
-25.9086 4.43604

-25.8525 4.31626
-25.831 4.26758

-25.7402 4.04662
-25.7388 4.04297

-26.1895 4.82274
-26.1949 4.8291

-26.2456 4.8853
-26.2964 4.94141

-26.1951 4.8291
-26.2454 4.88525

-26.2456 4.88537
-26.2455 4.88525

-26.0771 4.69089
-26.097 4.7168

-25.9648 4.53415
-25.9734 4.54834

-25.9727 4.54834
-26.0104 4.60449

-26.021 4.6181
-26.0526 4.66064

-26.0771 4.69145
-26.0525 4.66064

-26.021 4.61908
-26.0102 4.60449

-26.1333 4.75824
-26.1458 4.77295

-26.1895 4.82268
-26.1458 4.77295

-26.1333 4.75884
-26.0976 4.7168

-26.3579 5.00865
-26.3992 5.05371

-26.3018 4.94734
-26.3476 4.99756

-26.3579 5.00851
-26.3479 4.99756

-26.4141 5.06989
-26.3992 5.05371

-26.3018 4.94725
-26.2964 4.94141

-25.9648 4.53459
-25.9394 4.49219

-27.144 5.82852
-27.1559 5.83984

-27.0879 5.77505
-27.0969 5.78369

-27.144 5.82849
-27.0972 5.78369

-26.9194 5.61117
-26.9235 5.61523

-26.8633 5.55448
-26.8677 5.55908

-26.9194 5.6111
-26.8678 5.55908

-27.0317 5.72116
-27.0384 5.72754

-26.9756 5.66668
-26.9804 5.67139

-27.0317 5.72112
-26.9806 5.67139

-27.0879 5.77512
-27.0383 5.72754

-26.9756 5.66671
-26.9235 5.61523

-27.2563 5.93677
-27.272 5.95215

-27.2002 5.88251
-27.214 5.896

-27.2563 5.93661
-27.2148 5.896

-27.3125 5.99422
-27.2716 5.95215

-27.2002 5.88264
-27.1556 5.83984

-26.8071 5.49633
-26.8134 5.50293

-26.751 5.43682
-26.7602 5.44678

-26.8071 5.49628
-26.7602 5.44678

-26.8633 5.55448
-26.8133 5.50293

-26.751 5.43678
-26.7081 5.39062

-29.334 14.4197
-29.3447 14.4873

-29.3448 14.4873
-29.3535 14.5435

-29.3535 14.5435
-29.3622 14.5996

-29.3622 14.5996
-29.3707 14.6558

-29.3707 14.6558
-29.3789 14.7119

-29.3901 14.7915
-29.3946 14.8242

-29.3789 14.7119
-29.3869 14.7681

-29.3901 14.7915
-29.3869 14.7681

-29.334 14.4197
-29.3268 14.375

-29.3946 14.8242
-29.4021 14.8804

-29.4021 14.8804
-29.4093 14.9365

-29.4093 14.9365
-29.4162 14.9927

-29.4162 14.9927
-29.4229 15.0488

-29.4463 15.2617
-29.4475 15.2734

-29.4229 15.0488
-29.4293 15.105

-29.4293 15.105
-29.4355 15.1611

-29.4355 15.1611
-29.4416 15.2173

-29.4463 15.2617
-29.4416 15.2173

-29.4476 15.2734
-29.459 15.3857

-29.459 15.3857
-29.4645 15.4419

-29.4645 15.4419
-29.4699 15.498

-29.4699 15.498
-29.4751 15.5542

-29.4751 15.5542
-29.4803 15.6104

-29.4803 15.6104
-29.4852 15.6665

-29.4852 15.6665
-29.49 15.7227

-29.4901 15.7227
-29.4947 15.7788

-29.4947 15.7788
-29.4991 15.835

-29.5024 15.8798
-29.5033 15.8911

-29.5033 15.8911
-29.5072 15.9473

-29.5024 15.8798
-29.4991 15.835

-29.5072 15.9473
-29.5108 16.0034

-29.5108 16.0034
-29.5141 16.0596

-29.5141 16.0596
-29.5171 16.1157

-29.5171 16.1157
-29.5198 16.1719

-29.5198 16.1719
-29.5221 16.228

-29.5221 16.228
-29.5242 16.2842

-29.5242 16.2842
-29.526 16.3403

-29.526 16.3403
-29.5276 16.3965

-29.5275 16.3965
-29.5289 16.4526

-29.5289 16.4526
-29.53 16.5088

-29.53 16.5088
-29.531 16.5649

-29.531 16.5649
-29.5318 16.6211

-29.5318 16.6211
-29.5325 16.6772

-29.5325 16.6772
-29.5331 16.7334

-29.533 16.7334
-29.5336 16.7896

-29.5336 16.7896
-29.5341 16.8457

-29.5341 16.8457
-29.5347 16.9019

-29.5347 16.9019
-29.5353 16.958

-29.5353 16.958
-29.5359 17.0142

-29.5359 17.0142
-29.5367 17.0703

-29.5367 17.0703
-29.5374 17.1265

-29.5374 17.1265
-29.5382 17.1826

-29.5382 17.1826
-29.539 17.2388

-29.539 17.2388
-29.5398 17.2949

-29.5398 17.2949
-29.5405 17.3511

-29.5405 17.3511
-29.5412 17.4072

-29.5412 17.4072
-29.5417 17.4634

-29.5417 17.4634
-29.5421 17.5195

-29.5421 17.5195
-29.5424 17.5757

-29.5424 17.5757
-29.5426 17.6318

-29.5426 17.6318
-29.5426 17.688

-29.5426 17.688
-29.5425 17.7441

-29.5425 17.7441
-29.5423 17.8003

-29.5423 17.8003
-29.5419 17.8564

-29.5419 17.8564
-29.5414 17.9126

-29.5414 17.9126
-29.5408 17.9688

-29.5408 17.9688
-29.5401 18.0249

-29.5401 18.0249
-29.5394 18.0811

-29.5394 18.0811
-29.5386 18.1372

-29.5386 18.1372
-29.5378 18.1934

-29.5378 18.1934
-29.537 18.2495

-29.537 18.2495
-29.5363 18.3057

-29.5363 18.3057
-29.5357 18.3618

-29.5357 18.3618
-29.5352 18.418

-29.5352 18.418
-29.5349 18.4741

-29.5349 18.4741
-29.5348 18.5303

-29.5348 18.5303
-29.5348 18.5864

-29.5348 18.5864
-29.535 18.6426

-29.535 18.6426
-29.5352 18.6987

-29.5352 18.6987
-29.5356 18.7549

-29.5356 18.7549
-29.536 18.811

-29.536 18.811
-29.5364 18.8672

-29.5364 18.8672
-29.5368 18.9233

-29.5369 18.9233
-29.5372 18.9795

-29.5372 18.9795
-29.5375 19.0356

-29.5375 19.0356
-29.5378 19.0918

-29.5378 19.0918
-29.538 19.1479

-29.538 19.1479
-29.5381 19.2041

-29.5381 19.2041
-29.5381 19.2603

-29.5381 19.2603
-29.538 19.3164

-29.538 19.3164
-29.5378 19.3726

-29.5378 19.3726
-29.5376 19.4287

-29.5376 19.4287
-29.5372 19.4849

-29.5372 19.4849
-29.5368 19.541

-29.5368 19.541
-29.5363 19.5972

-29.5363 19.5972
-29.5358 19.6533

-29.5358 19.6533
-29.5353 19.7095

-29.5353 19.7095
-29.5348 19.7656

-29.5348 19.7656
-29.5344 19.8218

-29.5344 19.8218
-29.534 19.8779

-29.534 19.8779
-29.5337 19.9341

-29.5337 19.9341
-29.5336 19.9902

-29.5336 19.9902
-29.5336 20.0464

-29.5336 20.0464
-29.5339 20.1025

-29.5339 20.1025
-29.5343 20.1587

-29.5343 20.1587
-29.5349 20.2148

-29.5349 20.2148
-29.5359 20.271

-29.5359 20.271
-29.5371 20.3271

-29.5371 20.3271
-29.5385 20.3833

-29.5385 20.3833
-29.5403 20.4395

-29.5403 20.4395
-29.5423 20.4956

-29.5423 20.4956
-29.5447 20.5518

-29.5447 20.5518
-29.5473 20.6079

-29.5473 20.6079
-29.5502 20.6641

-29.5586 20.8079
-29.5637 20.8887

-29.5638 20.8887
-29.5716 21.001

-29.5717 21.001
-29.5759 21.0571

-29.5759 21.0571
-29.5803 21.1133

-29.5802 21.1133
-29.5849 21.1694

-29.5849 21.1694
-29.5898 21.2256

-29.5898 21.2256
-29.595 21.2817

-29.595 21.2817
-29.6006 21.3379

-29.6006 21.3379
-29.6065 21.394

-29.6065 21.394
-29.6129 21.4502

-29.6147 21.466
-29.6196 21.5063

-29.6196 21.5063
-29.6266 21.5625

-29.6147 21.4659
-29.6129 21.4502

-29.5502 20.6641
-29.5533 20.7202

-29.5533 20.7202
-29.5566 20.7764

-29.5586 20.8079
-29.5566 20.7764

-30.9062 26.9633
-30.9203 27.0093

-30.9203 27.0093
-30.9375 27.0654

-30.9624 27.1462
-30.9721 27.1777

-30.9375 27.0654
-30.9548 27.1216

-30.9624 27.1462
-30.9548 27.1216

-31.0186 27.3278
-31.0416 27.4023

-30.9721 27.1777
-30.9895 27.2339

-30.9895 27.2339
-31.0068 27.29

-31.0186 27.3279
-31.0068 27.29

-31.1309 27.6911
-31.1457 27.7393

-31.1457 27.7393
-31.1631 27.7954

-31.1631 27.7954
-31.1805 27.8516

-31.0747 27.5093
-31.0764 27.5146

-31.0416 27.4023
-31.059 27.4585

-31.0747 27.5093
-31.059 27.4585

-31.0764 27.5146
-31.0937 27.5708

-31.0937 27.5708
-31.1111 27.627

-31.1111 27.627
-31.1284 27.6831

-31.1309 27.6911
-31.1284 27.6831

-31.3555 28.4075
-31.3572 28.4131

-31.3572 28.4131
-31.3751 28.4692

-31.3751 28.4692
-31.393 28.5254

-31.4116 28.5836
-31.4289 28.6377

-31.393 28.5254
-31.411 28.5815

-31.4116 28.5836
-31.411 28.5815

-31.4289 28.6377
-31.4469 28.6938

-31.4469 28.6938
-31.4648 28.75

-31.2432 28.0525
-31.2506 28.0762

-31.187 27.8726
-31.1979 27.9077

-31.1979 27.9077
-31.2154 27.9639

-31.187 27.8726
-31.1805 27.8516

-31.2154 27.9639
-31.233 28.02

-31.2432 28.0526
-31.233 28.02

-31.2506 28.0762
-31.2682 28.1323

-31.2682 28.1323
-31.2859 28.1885

-31.2993 28.2307
-31.3037 28.2446

-31.3037 28.2446
-31.3215 28.3008

-31.2993 28.2307
-31.286 28.1885

-31.3215 28.3008
-31.3394 28.3569

-31.3555 28.4075
-31.3394 28.3569

-29.6267 21.5625
-29.6341 21.6187

-29.6341 21.6187
-29.6418 21.6748

-29.6418 21.6748
-29.6499 21.731

-29.6499 21.731
-29.6582 21.7871

-29.6709 21.8696
-29.6755 21.8994

-29.6756 21.8994
-29.6846 21.9556

-29.6846 21.9556
-29.6939 22.0117

-29.6582 21.7871
-29.6667 21.8433

-29.6709 21.8697
-29.6667 21.8433

-29.6939 22.0117
-29.7033 22.0679

-29.7033 22.0679
-29.713 22.124

-29.7271 22.2035
-29.7329 22.2363

-29.713 22.124
-29.7229 22.1802

-29.7271 22.2035
-29.7229 22.1802

-29.7329 22.2363
-29.7431 22.2925

-29.7431 22.2925
-29.7535 22.3486

-29.7535 22.3486
-29.764 22.4048

-29.764 22.4048
-29.7746 22.4609

-29.7832 22.5054
-29.7963 22.5732

-29.7963 22.5732
-29.8074 22.6294

-29.8074 22.6294
-29.8185 22.6855

-29.8394 22.7894
-29.8411 22.7979

-29.8185 22.6855
-29.8298 22.7417

-29.8394 22.7894
-29.8298 22.7417

-29.8411 22.7979
-29.8524 22.854

-29.8524 22.854
-29.8639 22.9102

-29.7832 22.5056
-29.7746 22.4609

-29.8955 23.0648
-29.9099 23.1348

-29.8639 22.9102
-29.8753 22.9663

-29.8753 22.9663
-29.8868 23.0225

-29.8955 23.0648
-29.8868 23.0225

-29.9099 23.1348
-29.9216 23.1909

-29.9216 23.1909
-29.9334 23.2471

-29.9517 23.3325
-29.9575 23.3594

-29.9334 23.2471
-29.9453 23.3032

-29.9517 23.3325
-29.9453 23.3032

-30.0078 23.5806
-30.0086 23.584

-30.0087 23.584
-30.022 23.6401

-30.0219 23.6401
-30.0354 23.6963

-30.0355 23.6963
-30.049 23.7524

-30.049 23.7524
-30.0624 23.8086

-30.064 23.8152
-30.0757 23.8647

-30.0757 23.8647
-30.0889 23.9209

-30.064 23.8151
-30.0624 23.8086

-30.0889 23.9209
-30.1018 23.9771

-30.1018 23.9771
-30.1146 24.0332

-30.1201 24.0577
-30.1399 24.1455

-30.1399 24.1455
-30.1525 24.2017

-30.1525 24.2017
-30.1651 24.2578

-30.1201 24.0575
-30.1146 24.0332

-30.2324 24.548
-30.2436 24.5947

-30.2436 24.5947
-30.2571 24.6509

-30.2571 24.6509
-30.2709 24.707

-30.1763 24.307
-30.1779 24.314

-30.1779 24.314
-30.1907 24.3701

-30.1763 24.307
-30.1651 24.2578

-30.1907 24.3701
-30.2037 24.4263

-30.2037 24.4263
-30.2169 24.4824

-30.2169 24.4824
-30.2301 24.5386

-30.2324 24.5481
-30.2301 24.5386

-30.2886 24.7784
-30.2988 24.8193

-30.2709 24.707
-30.2848 24.7632

-30.2886 24.7784
-30.2848 24.7632

-30.2988 24.8193
-30.313 24.8755

-30.313 24.8755
-30.3273 24.9316

-30.3447 24.9987
-30.3564 25.0439

-30.3565 25.0439
-30.3712 25.1001

-30.3712 25.1001
-30.3861 25.1562

-30.3274 24.9316
-30.3418 24.9878

-30.3447 24.9989
-30.3418 24.9878

-29.9575 23.3594
-29.9699 23.4155

-29.9699 23.4155
-29.9825 23.4717

-29.9825 23.4717
-29.9954 23.5278

-30.0078 23.5806
-29.9954 23.5278

-30.457 25.4184
-30.4776 25.4932

-30.4777 25.4932
-30.4933 25.5493

-30.4933 25.5493
-30.509 25.6055

-30.5693 25.8188
-30.5725 25.8301

-30.5132 25.6203
-30.5248 25.6616

-30.5248 25.6616
-30.5406 25.7178

-30.5132 25.6203
-30.509 25.6055

-30.5406 25.7178
-30.5566 25.7739

-30.5693 25.8188
-30.5566 25.7739

-30.5725 25.8301
-30.5886 25.8862

-30.5886 25.8862
-30.6047 25.9424

-30.6255 26.0147
-30.637 26.0547

-30.6047 25.9424
-30.6208 25.9985

-30.6255 26.0147
-30.6208 25.9985

-30.4009 25.2117
-30.4011 25.2124

-30.4011 25.2124
-30.4162 25.2686

-30.4009 25.2117
-30.3861 25.1562

-30.4162 25.2686
-30.4314 25.3247

-30.4314 25.3247
-30.4467 25.3809

-30.457 25.4184
-30.4467 25.3809

-30.6816 26.208
-30.7025 26.2793

-30.7025 26.2793
-30.719 26.3354

-30.719 26.3354
-30.7355 26.3916

-30.7378 26.3995
-30.752 26.4478

-30.752 26.4478
-30.7685 26.5039

-30.7378 26.3995
-30.7355 26.3916

-30.637 26.0547
-30.6533 26.1108

-30.6533 26.1108
-30.6697 26.167

-30.6816 26.208
-30.6697 26.167

-30.7939 26.59
-30.8017 26.6162

-30.8017 26.6162
-30.8184 26.6724

-30.8184 26.6724
-30.8352 26.7285

-30.7685 26.5039
-30.7851 26.5601

-30.7939 26.59
-30.7851 26.5601

-30.8501 26.7783
-30.852 26.7847

-30.852 26.7847
-30.869 26.8408

-30.8501 26.7783
-30.8351 26.7285

-30.869 26.8408
-30.886 26.897

-30.886 26.897
-30.9031 26.9531

-30.9062 26.9633
-30.9031 26.9531

-31.8047 29.7804
-31.8169 29.8169

-31.8169 29.8169
-31.8357 29.873

-31.8608 29.9477
-31.8735 29.9854

-31.8357 29.873
-31.8546 29.9292

-31.8608 29.9477
-31.8546 29.9292

-31.8735 29.9854
-31.8925 30.0415

-31.8925 30.0415
-31.9114 30.0977

-32.0293 30.4448
-32.045 30.4907

-32.045 30.4907
-32.0641 30.5469

-31.917 30.1141
-31.9304 30.1538

-31.9304 30.1538
-31.9495 30.21

-31.9731 30.2798
-31.9876 30.3223

-31.9495 30.21
-31.9685 30.2661

-31.9731 30.2798
-31.9685 30.2661

-31.917 30.1141
-31.9114 30.0977

-31.9876 30.3223
-32.0067 30.3784

-32.0067 30.3784
-32.0258 30.4346

-32.0293 30.4448
-32.0258 30.4346

-31.5801 29.1058
-31.5924 29.1431

-31.5923 29.1431
-31.6109 29.1992

-31.4678 28.7592
-31.4829 28.8062

-31.4829 28.8062
-31.5009 28.8623

-31.5239 28.9336
-31.5372 28.9746

-31.5009 28.8623
-31.519 28.9185

-31.5239 28.9336
-31.519 28.9185

-31.4678 28.7591
-31.4648 28.75

-31.5372 28.9746
-31.5555 29.0308

-31.5555 29.0308
-31.5739 29.0869

-31.5801 29.1058
-31.5739 29.0869

-31.6362 29.2753
-31.6483 29.3115

-31.6109 29.1992
-31.6296 29.2554

-31.6362 29.2753
-31.6296 29.2554

-31.6483 29.3115
-31.667 29.3677

-31.667 29.3677
-31.6858 29.4238

-31.6924 29.4437
-31.7045 29.48

-31.7045 29.48
-31.7232 29.5361

-31.7485 29.6122
-31.7606 29.6484

-31.7232 29.5361
-31.7419 29.5923

-31.7485 29.6122
-31.7419 29.5923

-31.6924 29.4437
-31.6858 29.4238

-31.7606 29.6484
-31.7793 29.7046

-31.7793 29.7046
-31.7981 29.7607

-31.8047 29.7804
-31.7981 29.7607

-32.2539 31.0954
-32.2585 31.1084

-32.2585 31.1084
-32.2784 31.1646

-32.2784 31.1646
-32.2984 31.2207

-32.3662 31.4098
-32.379 31.4453

-32.3101 31.2534
-32.3184 31.2769

-32.3185 31.2769
-32.3386 31.333

-32.3101 31.2534
-32.2984 31.2207

-32.3386 31.333
-32.3588 31.3892

-32.3662 31.4098
-32.3588 31.3892

-32.0854 30.6091
-32.1026 30.6592

-32.0641 30.5469
-32.0834 30.603

-32.0854 30.6091
-32.0834 30.603

-32.1026 30.6592
-32.1219 30.7153

-32.1219 30.7153
-32.1412 30.7715

-32.1416 30.7726
-32.1606 30.8276

-32.1606 30.8276
-32.18 30.8838

-32.1978 30.9349
-32.1995 30.9399

-32.1995 30.9399
-32.2191 30.9961

-32.1978 30.9349
-32.18 30.8838

-32.1416 30.7726
-32.1412 30.7715

-32.2191 30.9961
-32.2387 31.0522

-32.2539 31.0954
-32.2387 31.0522

-32.4785 31.7243
-32.4992 31.7822

-32.5347 31.8817
-32.5392 31.8945

-32.4991 31.7822
-32.5192 31.8384

-32.5347 31.8817
-32.5192 31.8384

-32.379 31.4453
-32.3991 31.5015

-32.3991 31.5015
-32.4192 31.5576

-32.4224 31.5666
-32.4392 31.6138

-32.4392 31.6138
-32.4592 31.6699

-32.4224 31.5666
-32.4192 31.5576

-32.4785 31.7242
-32.4592 31.6699

-32.5908 32.0382
-32.62 32.1191

-32.5392 31.8945
-32.5594 31.9507

-32.5594 31.9507
-32.5795 32.0068

-32.5908 32.0382
-32.5795 32.0068

-32.647 32.194
-32.6605 32.2314

-32.62 32.1191
-32.6402 32.1753

-32.647 32.194
-32.6402 32.1753

-32.6605 32.2314
-32.6808 32.2876

-32.6808 32.2876
-32.7011 32.3438

-32.7031 32.3493
-32.7214 32.3999

-32.7214 32.3999
-32.7418 32.4561

-32.7593 32.5042
-32.7622 32.5122

-32.7622 32.5122
-32.7826 32.5684

-32.7593 32.5042
-32.7418 32.4561

-32.8154 32.6581
-32.8237 32.6807

-32.8237 32.6807
-32.8443 32.7368

-32.8443 32.7368
-32.8649 32.793

-32.7826 32.5684
-32.8031 32.6245

-32.8154 32.6581
-32.8031 32.6245

-32.9277 32.9633
-32.9477 33.0176

-32.9839 33.1156
-32.9891 33.1299

-32.9477 33.0176
-32.9684 33.0737

-32.9839 33.1157
-32.9684 33.0737

-32.9891 33.1299
-33.0098 33.186

-33.0098 33.186
-33.0305 33.2422

-32.8716 32.811
-32.8856 32.8491

-32.8856 32.8491
-32.9063 32.9053

-32.8716 32.811
-32.8649 32.793

-32.9063 32.9053
-32.927 32.9614

-32.9277 32.9634
-32.927 32.9614

-33.1523 33.57
-33.1558 33.5791

-33.1558 33.5791
-33.1769 33.6353

-33.1769 33.6353
-33.198 33.6914

-33.2646 33.8671
-33.2833 33.916

-33.2085 33.7191
-33.2192 33.7476

-33.2192 33.7476
-33.2405 33.8037

-33.2085 33.7191
-33.198 33.6914

-33.2405 33.8037
-33.2619 33.8599

-33.2646 33.8672
-33.2619 33.8599

-33.3208 34.0141
-33.3263 34.0283

-33.2833 33.916
-33.3047 33.9722

-33.3208 34.0141
-33.3048 33.9722

-33.3263 34.0283
-33.3478 34.0845

-33.3478 34.0845
-33.3694 34.1406

-33.04 33.2679
-33.0513 33.2983

-33.0513 33.2983
-33.0721 33.3545

-33.0962 33.4196
-33.1138 33.4668

-33.072 33.3545
-33.0929 33.4106

-33.0962 33.4196
-33.0929 33.4106

-33.04 33.2679
-33.0305 33.2422

-33.1138 33.4668
-33.1347 33.5229

-33.1523 33.57
-33.1347 33.5229

-33.6016 34.7387
-33.6311 34.8145

-33.631 34.8145
-33.7188 35.0391

-34.0508 35.87
-34.0783 35.9375

-33.718 35.0391
-33.8963 35.4883

-34.0508 35.8677
-33.8964 35.4883

-33.377 34.1603
-33.391 34.1968

-33.391 34.1968
-33.4127 34.2529

-33.4331 34.3058
-33.4344 34.3091

-33.4344 34.3091
-33.4561 34.3652

-33.4331 34.3058
-33.4127 34.2529

-33.4893 34.4506
-33.4997 34.4775

-33.4997 34.4775
-33.5434 34.5898

-33.4561 34.3652
-33.4779 34.4214

-33.4893 34.4506
-33.4779 34.4214

-33.377 34.1604
-33.3693 34.1406

-33.6016 34.7388
-33.5435 34.5898

-32.7031 32.3493
-32.7011 32.3438

-34.0802 35.9375
-34.4496 36.8359

-34.5 36.9556
-34.4501 36.8359

-77.625 121.17
-78.155 122.188

-81.2188 127.714
-82.0268 129.375

-79.4219 124.55
-80.1414 125.781

-78.1146 122.188
-79.0642 123.984

-79.4219 124.614
-79.0541 123.984

-80.1924 125.781
-81.1865 127.578

-84.8125 134.314
-85.0519 134.766

-84.9777 134.766
-85.8126 136.562

-90.2031 143.113
-90.6535 143.75

-88.4062 140.62
-89.2393 141.953

-90.2031 143.66
-89.1683 141.953

-86.6094 137.976
-86.8389 138.359

-86.9376 138.359
-88.1538 140.156

-86.6094 138.041
-85.7247 136.562

-88.4062 140.43
-88.2353 140.156

-83.0156 131.265
-84.0411 132.969

-81.9627 129.375
-82.9124 131.172

-83.0156 131.419
-82.8668 131.172

-84.8125 134.251
-84.1331 132.969

-75.8281 117.961
-76.1857 118.594

-74.213 115
-75.1642 116.797

-75.8281 117.98
-75.1601 116.797

-76.21 118.594
-77.2268 120.391

-77.625 121.087
-77.2624 120.391

-92 145.242
-90.9452 143.75

