-34.5 106.803
-35.2231 107.812

-39.8906 114.42
-40.2968 115

-38.0938 111.866
-39.0379 113.203

-39.8906 114.41
-39.0458 113.203

-36.2969 109.323
-36.5001 109.609

-36.4986 109.609
-37.7699 111.406

-36.2969 109.319
-35.2286 107.812

-38.0938 111.84
-37.7874 111.406

5.03125 57.4475
4.98124 57.5

8.625 53.7415
8.46119 53.9062

6.82812 55.5742
6.70303 55.7031

5.92969 56.5065
5.83839 56.6016

5.48047 56.9758
5.40877 57.0508

5.25586 57.2113
5.19478 57.2754

5.03125 57.4474
5.19488 57.2754

5.25586 57.211
5.40855 57.0508

5.70508 56.7411
5.62359 56.8262

5.48047 56.9758
5.62349 56.8262

5.70508 56.7408
5.83839 56.6016

6.37891 56.0393
6.26983 56.1523

6.1543 56.2728
6.0541 56.377

5.92969 56.5064
6.05391 56.377

6.1543 56.2725
6.26985 56.1523

6.60352 55.8064
6.48636 55.9277

6.37891 56.0393
6.48644 55.9277

6.60352 55.8065
6.7034 55.7031

7.72656 54.652
7.57675 54.8047

7.27734 55.1118
7.1387 55.2539

7.05273 55.3427
6.92084 55.4785

6.82812 55.5744
6.92102 55.4785

7.05273 55.3429
7.13917 55.2539

7.50195 54.8816
7.35773 55.0293

7.27734 55.1121
7.358 55.0293

7.50195 54.8819
7.57734 54.8047

8.17578 54.1954
8.01763 54.3555

7.95117 54.4234
7.79719 54.5801

7.72656 54.6525
7.79749 54.5801

7.95117 54.4238
8.01832 54.3555

8.40039 53.9682
8.2395 54.1309

8.17578 54.1958
8.23985 54.1309

8.40039 53.9686
8.46208 53.9062

20.0801 43.0448
19.9877 43.125

20.3047 42.8513
20.248 42.9004

20.0801 43.0454
20.2475 42.9004

21.2031 42.0767
21.0284 42.2266

20.5293 42.6547
20.505 42.6758

20.5293 42.6563
20.7539 42.4627

20.3047 42.851
20.5072 42.6758

20.9785 42.2698
20.7676 42.4512

20.7539 42.4638
20.7686 42.4512

20.9785 42.2705
21.0298 42.2266

22.1016 41.315
22.086 41.3281

22.1016 41.3142
22.3262 41.1246

22.5508 40.9357
22.3516 41.1035

22.3262 41.1249
22.3516 41.1035

22.7754 40.7461
22.6177 40.8789

23 40.5573
22.8848 40.6543

22.7754 40.7466
22.885 40.6543

22.5508 40.9362
22.6188 40.8789

21.6523 41.6945
21.5551 41.7773

21.4277 41.8858
21.2915 42.002

21.2031 42.0776
21.2919 42.002

21.4277 41.8858
21.5553 41.7773

21.877 41.5047
21.8203 41.5527

21.6523 41.6949
21.82 41.5527

21.877 41.5046
22.0854 41.3281

12.2188 50.2132
12.1155 50.3125

14.0156 48.5108
14.0105 48.5156

13.1172 49.3586
13.0588 49.4141

12.668 49.7845
12.5855 49.8633

12.4434 49.9994
12.3509 50.0879

12.2188 50.2137
12.3503 50.0879

12.4434 49.9993
12.586 49.8633

12.8926 49.572
12.8224 49.6387

12.668 49.7848
12.8218 49.6387

12.8926 49.5719
13.059 49.4141

13.5664 48.9338
13.5336 48.9648

13.3418 49.1465
13.2964 49.1895

13.1172 49.3586
13.2959 49.1895

13.3418 49.1463
13.5336 48.9648

13.791 48.7222
13.772 48.7402

13.5664 48.9335
13.7711 48.7402

13.791 48.7217
14.0098 48.5156

14.0156 48.5098
14.2402 48.2991

14.4648 48.0892
14.2495 48.291

14.2402 48.2999
14.2497 48.291

14.6895 47.8782
14.4883 48.0664

14.9141 47.6695
14.7295 47.8418

14.6895 47.8787
14.729 47.8418

14.4648 48.0901
14.4902 48.0664

15.1387 47.4588
14.9689 47.6172

15.3633 47.251
15.2108 47.3926

15.1387 47.4593
15.2105 47.3926

15.5879 47.0424
15.4523 47.168

15.8125 46.8357
15.6959 46.9434

15.5879 47.0427
15.6955 46.9434

15.3633 47.2511
15.4531 47.168

14.9141 47.6696
14.9702 47.6172

14.0156 48.5161
14.0162 48.5156

10.4219 51.955
10.2651 52.1094

9.52344 52.8428
9.35793 53.0078

9.07422 53.2909
8.90794 53.457

8.84961 53.5161
8.6847 53.6816

8.625 53.742
8.68497 53.6816

8.84961 53.5166
8.90897 53.457

9.29883 53.067
9.13314 53.2324

9.07422 53.2916
9.13346 53.2324

9.29883 53.0675
9.35884 53.0078

9.97266 52.3976
9.81018 52.5586

9.74805 52.6205
9.58417 52.7832

9.52344 52.8438
9.58447 52.7832

9.74805 52.621
9.81115 52.5586

10.1973 52.1766
10.0378 52.334

9.97266 52.3985
10.038 52.334

10.1973 52.1771
10.2661 52.1094

11.3203 51.0794
11.1849 51.2109

10.8711 51.5156
10.7233 51.6602

10.6465 51.7357
10.4943 51.8848

10.4219 51.9559
10.4945 51.8848

10.6465 51.736
10.7242 51.6602

11.0957 51.2978
10.9541 51.4355

10.8711 51.5165
10.9543 51.4355

11.0957 51.2981
11.1856 51.2109

11.7695 50.6455
11.6492 50.7617

11.5449 50.8626
11.417 50.9863

11.3203 51.0801
11.4172 50.9863

11.5449 50.8629
11.6497 50.7617

11.9941 50.4298
11.8827 50.5371

11.7695 50.646
11.8826 50.5371

11.9941 50.4297
12.1162 50.3125

16.0371 46.628
15.9383 46.7188

16.2617 46.4244
16.1855 46.4941

16.0371 46.629
16.1846 46.4941

16.4863 46.2176
16.4294 46.2695

16.7109 46.0164
16.6795 46.0449

16.4863 46.219
16.6783 46.0449

16.2617 46.4239
16.4312 46.2695

16.9355 45.8109
16.9252 45.8203

16.9355 45.8119
17.1602 45.61

17.6094 45.208
17.4271 45.3711

17.3848 45.4095
17.1768 45.5957

17.1602 45.6113
17.1776 45.5957

17.3848 45.4102
17.4285 45.3711

16.7109 46.0156
16.9269 45.8203

16.9355 45.8208
16.9361 45.8203

18.0586 44.8088
17.9313 44.9219

18.5078 44.4139
18.4411 44.4727

18.2832 44.6117
18.1861 44.6973

18.0586 44.8095
18.1859 44.6973

18.2832 44.6116
18.4413 44.4727

18.957 44.022
18.9554 44.0234

18.957 44.0211
19.1816 43.8254

19.4062 43.6308
19.2129 43.7988

19.1816 43.8258
19.2127 43.7988

18.7324 44.2178
18.6979 44.248

18.5078 44.4142
18.6976 44.248

18.7324 44.2177
18.9547 44.0234

18.957 44.0242
18.958 44.0234

17.834 45.0087
17.6792 45.1465

17.6094 45.2091
17.6797 45.1465

17.834 45.0089
17.9322 44.9219

15.8125 46.8357
15.9399 46.7188

19.6309 43.4351
19.4707 43.5742

19.8555 43.2405
19.7298 43.3496

19.6309 43.4357
19.7299 43.3496

19.4062 43.6312
19.4719 43.5742

19.8555 43.2405
19.9885 43.125

-7.54688 71.5744
-7.80106 71.875

-5.75 69.4539
-6.28522 70.0781

-7.54688 71.5719
-6.28385 70.0781

-12.9375 78.1252
-13.6863 79.0625

-18.3281 84.9738
-19.3163 86.25

-16.5312 82.6646
-17.9272 84.4531

-18.3281 84.9578
-17.9374 84.4531

-14.7344 80.3799
-15.1143 80.8594

-15.114 80.8594
-16.5244 82.6562

-14.7344 80.3752
-13.6944 79.0625

-9.34375 73.7026
-10.8078 75.4688

-11.1406 75.8839
-12.259 77.2656

-12.9375 78.116
-12.2582 77.2656

-11.1406 75.8701
-10.8157 75.4688

-7.80025 71.875
-9.31028 73.6719

-9.34375 73.6868
-9.33134 73.6719

-27.3125 96.8846
-27.4207 97.0312

-29.1094 99.3333
-30.0532 100.625

-27.4194 97.0312
-28.7405 98.8281

-29.1094 99.3113
-28.7563 98.8281

-23.7188 92.0562
-24.7548 93.4375

-21.9219 89.6649
-22.0574 89.8438

-20.125 87.306
-20.6927 88.0469

-21.9219 89.6635
-20.6967 88.0469

-22.0554 89.8438
-23.4089 91.6406

-23.7188 92.0353
-23.4227 91.6406

-25.5156 94.4606
-26.0914 95.2344

-27.3125 96.8827
-26.096 95.2344

-25.5156 94.449
-24.7629 93.4375

-30.9062 101.807
-31.3506 102.422

-31.3511 102.422
-32.6439 104.219

-32.7031 104.301
-33.9378 106.016

-34.5 106.784
-33.9497 106.016

-32.7031 104.272
-32.6647 104.219

-30.9062 101.797
-30.0592 100.625

-20.125 87.2963
-19.3234 86.25

-1.25781 64.2941
-1.60789 64.6875

-0.359375 63.2988
-0.801745 63.7891

-1.25781 64.3001
-0.803016 63.7891

0.0898438 62.8013
0.00883016 62.8906

0.539062 62.3061
0.416201 62.4414

0.0898438 62.8014
0.416183 62.4414

0.988281 61.8113
0.823729 61.9922

1.4375 61.3171
1.4364 61.3184

1.43717 61.3184
1.23273 61.543

1.21289 61.5648
1.02832 61.7676

0.988281 61.812
1.02871 61.7676

1.21289 61.5655
1.23338 61.543

0.763672 62.0582
0.619705 62.2168

0.539062 62.3061
0.620044 62.2168

0.763672 62.0585
0.823846 61.9922

-0.359375 63.298
0.00850471 62.8906

-3.95312 67.3735
-4.74239 68.2812

-2.15625 65.3144
-3.18535 66.4844

-3.95312 67.3717
-3.18164 66.4844

-5.75 69.4506
-4.74745 68.2812

-2.15625 65.3236
-1.59674 64.6875

1.66211 61.0729
1.64304 61.0938

1.88672 60.8245
1.84584 60.8691

1.66211 61.0718
1.84699 60.8691

2.11133 60.5818
2.05378 60.6445

2.33594 60.3341
2.25715 60.4199

2.11133 60.5804
2.25853 60.4199

1.88672 60.8254
2.05234 60.6445

2.56055 60.0915
2.46496 60.1953

2.78516 59.8474
2.67149 59.9707

2.56055 60.0913
2.67162 59.9707

3.00977 59.6042
2.87877 59.7461

3.23438 59.3609
3.08567 59.5215

3.00977 59.604
3.08596 59.5215

2.78516 59.8476
2.87873 59.7461

2.33594 60.3359
2.46502 60.1953

3.45898 59.1193
3.29411 59.2969

3.68359 58.8774
3.50214 59.0723

3.45898 59.119
3.50234 59.0723

3.9082 58.6375
3.71161 58.8477

4.13242 58.3984
3.92177 58.623

3.9082 58.6382
3.92236 58.623

3.68359 58.8785
3.71236 58.8477

4.58203 57.9215
4.55576 57.9492

4.35742 58.1598
4.34415 58.1738

4.13281 58.398
4.34362 58.1738

4.35742 58.1591
4.55543 57.9492

4.80664 57.6841
4.76816 57.7246

4.58203 57.9214
4.76814 57.7246

4.80664 57.6837
4.98088 57.5

4.13281 58.399
4.13334 58.3984

3.23438 59.3614
3.29412 59.2969

1.4375 61.3179
1.64191 61.0938

1.4375 61.3189
1.43799 61.3184

-79.4219 172.445
-79.4584 172.5

-77.625 169.825
-78.276 170.703

-79.4219 172.443
-78.2751 170.703

-63.25 148.375
-63.8003 149.141

-63.8373 149.141
-64.9997 150.938

-66.8438 154.517
-66.8509 154.531

-68.6406 157.962
-68.7316 158.125

-66.8438 154.556
-67.7451 156.328

-68.6406 157.963
-67.7272 156.328

-65.0469 151.039
-65.9819 152.734

-66.8438 154.517
-65.9506 152.734

-65.0469 151.013
-65.0055 150.938

-66.8438 154.553
-66.8327 154.531

-70.4375 160.697
-71.1669 161.719

-72.2344 163.088
-72.5631 163.516

-72.5637 163.516
-74.0043 165.312

-72.2344 163.106
-71.1665 161.719

-75.8281 167.526
-76.9266 168.906

-74.0312 165.334
-75.4729 167.109

-75.8281 167.573
-75.4594 167.109

-77.625 169.846
-76.9285 168.906

-74.0312 165.381
-73.9757 165.312

-68.7232 158.125
-69.8679 159.922

-70.4375 160.72
-69.8679 159.922

-48.875 127.401
-48.9959 127.578

-48.9938 127.578
-50.2231 129.375

-59.6562 143.326
-59.9445 143.75

-56.0625 138
-56.3037 138.359

-56.3004 138.359
-57.5077 140.156

-57.8594 140.68
-58.722 141.953

-59.6562 143.316
-58.7301 141.953

-57.8594 140.644
-57.529 140.156

-52.4688 132.676
-52.6666 132.969

-54.2656 135.336
-55.0963 136.562

-52.6643 132.969
-53.8805 134.766

-54.2656 135.303
-53.9015 134.766

-50.6719 130.033
-51.4498 131.172

-52.4688 132.67
-51.4557 131.172

-50.6719 130.006
-50.2411 129.375

-56.0625 137.992
-55.1042 136.562

-45.2812 122.174
-45.2909 122.188

-41.6875 116.993
-42.8053 118.594

-43.4844 119.574
-44.0508 120.391

-45.2812 122.171
-44.0536 120.391

-43.4844 119.558
-42.8157 118.594

-47.0781 124.78
-47.7665 125.781

-45.2919 122.188
-46.5329 123.984

-47.0781 124.758
-46.5459 123.984

-48.875 127.398
-47.7712 125.781

-40.2967 115
-41.5504 116.797

-41.6875 116.962
-41.5725 116.797

-61.4531 145.925
-62.4794 147.344

-59.9386 143.75
-61.1867 145.547

-61.4531 145.885
-61.2087 145.547

-63.25 148.356
-62.5221 147.344

-84.8125 182.808
-85.0725 183.281

-86.6094 185.99
-87.118 186.875

-85.0737 183.281
-86.0845 185.078

-86.6094 185.995
-86.0825 185.078

-81.2188 175.772
-81.3829 176.094

-83.0156 179.466
-83.1266 179.688

-81.3658 176.094
-82.2397 177.891

-83.0156 179.466
-82.2261 177.891

-79.4552 172.5
-80.4858 174.297

-81.2188 175.763
-80.4712 174.297

-83.1282 179.688
-84.0793 181.484

-84.8125 182.808
-84.0848 181.484

-88.4062 189.087
-89.2125 190.469

-90.2031 192.135
-90.2813 192.266

-90.2889 192.266
-91.3821 194.062

-90.2031 192.139
-89.2055 190.469

-87.1225 186.875
-88.167 188.672

-88.4062 189.08
-88.1683 188.672

-92 195.074
-91.4024 194.062

48.1562 6.32244
48.1047 6.73828

48.1045 6.73828
48.0746 6.96289

48.0745 6.96289
48.0429 7.1875

48.4759 0
48.4756 0.224609

48.4756 0.224609
48.4748 0.449219

48.4748 0.449219
48.4734 0.673828

48.4734 0.673828
48.4713 0.898438

48.4714 0.898438
48.4688 1.12305

48.4688 1.12305
48.4656 1.34766

48.4656 1.34766
48.4618 1.57227

48.4617 1.57227
48.4572 1.79688

48.4573 1.79688
48.452 2.02148

48.452 2.02148
48.446 2.24609

48.4461 2.24609
48.4392 2.4707

48.4392 2.4707
48.4315 2.69531

48.4315 2.69531
48.4228 2.91992

48.4228 2.91992
48.4131 3.14453

48.4132 3.14453
48.4025 3.36914

48.4025 3.36914
48.3906 3.59375

48.3809 3.76305
48.3777 3.81836

48.3776 3.81836
48.3635 4.04297

48.3809 3.76253
48.3906 3.59375

48.3635 4.04297
48.3483 4.26758

48.3483 4.26758
48.332 4.49219

48.332 4.49219
48.3145 4.7168

48.3145 4.7168
48.2959 4.94141

48.2959 4.94141
48.2761 5.16602

48.2761 5.16602
48.2553 5.39062

48.2553 5.39062
48.2333 5.61523

48.2333 5.61523
48.2102 5.83984

48.2102 5.83984
48.1858 6.06445

48.186 6.06445
48.1602 6.28906

48.1562 6.32144
48.1602 6.28906

48.043 7.1875
48.0096 7.41211

48.0096 7.41211
47.9744 7.63672

47.9316 7.894
47.8981 8.08594

47.9745 7.63672
47.9374 7.86133

47.9316 7.89465
47.9375 7.86133

47.8982 8.08594
47.8569 8.31055

47.857 8.31055
47.8133 8.53516

47.8133 8.53516
47.7672 8.75977

47.7674 8.75977
47.7186 8.98438

47.2578 10.7216
47.2402 10.7812

47.707 9.03586
47.614 9.43359

47.6134 9.43359
47.5571 9.6582

47.5571 9.6582
47.4982 9.88281

47.707 9.03552
47.7187 8.98438

47.4824 9.9398
47.4366 10.1074

47.4366 10.1074
47.3731 10.332

47.4824 9.93998
47.498 9.88281

47.373 10.332
47.3075 10.5566

47.2578 10.7221
47.3075 10.5566

46.3594 13.5794
46.2534 13.9258

46.1348 14.3179
46.1174 14.375

46.2537 13.9258
46.1855 14.1504

46.1348 14.3178
46.1855 14.1504

47.2397 10.7812
47.1707 11.0059

47.1708 11.0059
47.1008 11.2305

47.0332 11.4435
47.0296 11.4551

47.0296 11.4551
46.9582 11.6797

47.0332 11.444
47.1007 11.2305

46.8086 12.1461
46.7423 12.3535

46.7424 12.3535
46.6712 12.5781

46.9582 11.6797
46.8864 11.9043

46.8863 11.9043
46.8143 12.1289

46.8086 12.1467
46.8143 12.1289

46.584 12.8552
46.5301 13.0273

46.6712 12.5781
46.6004 12.8027

46.584 12.855
46.6003 12.8027

46.5301 13.0273
46.4604 13.252

46.4605 13.252
46.3911 13.4766

46.3594 13.5797
46.3911 13.4766

44.5625 18.9968
44.5234 19.0918

44.5237 19.0918
44.4288 19.3164

44.3379 19.5247
44.3308 19.541

44.3313 19.541
44.2313 19.7656

44.3379 19.5261
44.4289 19.3164

43.6641 20.9362
43.5732 21.1133

43.4395 21.364
43.3318 21.5625

43.5728 21.1133
43.4536 21.3379

43.4395 21.3639
43.4535 21.3379

44.1133 20.0208
44.0232 20.2148

43.8887 20.4917
43.8035 20.6641

44.0228 20.2148
43.9145 20.4395

43.8887 20.4916
43.9144 20.4395

44.2316 19.7656
44.1287 19.9902

44.1133 20.0228
44.1286 19.9902

43.8037 20.6641
43.6897 20.8887

43.6641 20.9379
43.6897 20.8887

40.9688 25.1383
40.9546 25.1562

37.8242 28.5518
37.6169 28.75

38.2734 28.1092
38.0793 28.3008

38.0488 28.3323
37.8513 28.5254

37.8242 28.5511
37.8505 28.5254

38.0488 28.3324
38.0805 28.3008

38.7227 27.6468
38.526 27.8516

39.1719 27.1724
39.167 27.1777

39.1676 27.1777
38.9564 27.4023

38.9473 27.4115
38.7419 27.627

38.7227 27.6474
38.7424 27.627

38.9473 27.412
38.9565 27.4023

38.498 27.8794
38.3048 28.0762

38.2734 28.108
38.3053 28.0762

38.498 27.8802
38.5262 27.8516

39.3965 26.9319
39.377 26.9531

39.6211 26.6846
39.581 26.7285

39.3965 26.9306
39.5822 26.7285

39.8457 26.4401
39.7883 26.5039

40.0703 26.1867
39.9882 26.2793

39.8457 26.4387
39.9891 26.2793

39.6211 26.6858
39.7868 26.5039

40.2949 25.9331
40.1885 26.0547

40.5195 25.6739
40.3847 25.8301

40.2949 25.9331
40.3852 25.8301

40.7441 25.4108
40.5797 25.6055

40.9536 25.1562
40.7688 25.3809

40.7441 25.4103
40.769 25.3809

40.5195 25.6743
40.579 25.6055

40.0703 26.1877
40.1883 26.0547

39.1719 27.1727
39.3758 26.9531

39.1719 27.1783
39.1725 27.1777

42.3164 23.2682
42.2583 23.3594

42.7656 22.5477
42.6824 22.6855

42.6827 22.6855
42.5442 22.9102

42.541 22.9147
42.4024 23.1348

42.3164 23.2691
42.403 23.1348

42.541 22.9159
42.5446 22.9102

41.8672 23.9388
41.8017 24.0332

41.6426 24.257
41.8023 24.0332

41.418 24.5604
41.3089 24.707

41.1934 24.8536
41.1328 24.9316

40.9688 25.1383
41.1341 24.9316

41.1934 24.8551
41.3082 24.707

41.6415 24.2578
41.4769 24.4824

41.418 24.5616
41.4776 24.4824

41.6426 24.2584
41.643 24.2578

42.0918 23.6103
41.9577 23.8086

42.2578 23.3594
42.1094 23.584

42.0918 23.61
42.1094 23.584

41.8672 23.9392
41.9577 23.8086

43.2148 21.7722
43.0808 22.0117

42.9902 22.1668
42.9501 22.2363

42.9509 22.2363
42.8183 22.4609

42.9902 22.1681
43.0804 22.0117

43.2148 21.7738
43.332 21.5625

42.7656 22.5478
42.8181 22.4609

45.9102 15.0603
45.8454 15.2734

46.1173 14.375
46.0495 14.5996

46.0497 14.5996
45.9819 14.8242

45.9819 14.8242
45.9138 15.0488

45.9102 15.0613
45.914 15.0488

45.8455 15.2734
45.7769 15.498

45.7769 15.498
45.7078 15.7227

45.6855 15.7946
45.6382 15.9473

45.6383 15.9473
45.5678 16.1719

45.6855 15.7946
45.7079 15.7227

45.4609 16.5042
45.4235 16.6211

45.4239 16.6211
45.3505 16.8457

45.3504 16.8457
45.2757 17.0703

45.0117 17.8293
44.9619 17.9688

45.2363 17.1861
45.1995 17.2949

45.1997 17.2949
45.1222 17.5195

45.2363 17.1874
45.276 17.0703

45.1225 17.5195
45.0431 17.7441

45.0117 17.8306
45.043 17.7441

45.5678 16.1719
45.4962 16.3965

45.4609 16.5054
45.4961 16.3965

44.9618 17.9688
44.8789 18.1934

44.8791 18.1934
44.7938 18.418

44.7871 18.4347
44.7061 18.6426

44.7064 18.6426
44.6164 18.8672

44.7871 18.4348
44.7937 18.418

44.5625 18.9976
44.6162 18.8672

28.8398 35.7903
28.6541 35.9375

29.2891 35.4354
29.2221 35.4883

29.0645 35.6129
28.938 35.7129

28.8398 35.7909
28.9385 35.7129

29.0645 35.613
29.2224 35.4883

29.9629 34.9052
29.7923 35.0391

30.1875 34.7292
30.0787 34.8145

29.9629 34.9055
30.079 34.8145

29.5137 35.259
29.5078 35.2637

29.2891 35.4359
29.5074 35.2637

29.5137 35.2584
29.7383 35.0815

29.5137 35.2645
29.5147 35.2637

29.7383 35.0821
29.7931 35.0391

24.3477 39.4279
24.2239 39.5312

24.7969 39.0544
24.7636 39.082

24.5723 39.2412
24.4937 39.3066

24.3477 39.4283
24.4937 39.3066

24.5723 39.241
24.7635 39.082

26.5938 37.5852
26.4093 37.7344

25.4707 38.4979
25.3066 38.6328

25.6953 38.3143
25.5806 38.4082

25.4707 38.4983
25.5808 38.4082

24.7969 39.0544
25.0215 38.8683

25.2461 38.6828
25.0346 38.8574

25.0215 38.8691
25.0356 38.8574

25.2461 38.6834
25.3076 38.6328

25.9199 38.1308
25.8551 38.1836

26.1445 37.9489
26.1321 37.959

25.9199 38.1312
26.1319 37.959

25.6953 38.3144
25.8557 38.1836

26.1445 37.9487
26.3691 37.7668

26.1445 37.9594
26.1451 37.959

26.3691 37.7676
26.4103 37.7344

23.2246 40.3677
23.1509 40.4297

23.4492 40.1802
23.4195 40.2051

23.2246 40.3683
23.419 40.2051

23.8984 39.8033
23.6869 39.9805

23.4492 40.1798
23.6738 39.9915

23.6738 39.9924
23.6881 39.9805

23 40.5574
23.1518 40.4297

24.123 39.6158
23.9555 39.7559

23.8984 39.8042
23.9563 39.7559

24.123 39.6161
24.2247 39.5312

27.043 37.2237
26.9666 37.2852

26.8184 37.4045
26.6877 37.5098

26.5938 37.5859
26.6882 37.5098

26.8184 37.4046
26.9667 37.2852

27.2676 37.0437
27.2466 37.0605

27.043 37.2237
27.2459 37.0605

27.2676 37.0431
27.4922 36.863

27.7168 36.6834
27.526 36.8359

27.9414 36.5041
27.8071 36.6113

27.7168 36.6836
27.8073 36.6113

28.166 36.325
28.0886 36.3867

28.3906 36.1465
28.371 36.1621

28.166 36.3251
28.3709 36.1621

27.9414 36.5043
28.0889 36.3867

27.4922 36.8638
27.527 36.8359

28.3906 36.1464
28.6152 35.9682

28.6152 35.969
28.655 35.9375

33.332 32.2861
33.2579 32.3438

33.5566 32.1112
33.5465 32.1191

33.332 32.2865
33.5465 32.1191

33.5566 32.1109
33.7812 31.9352

33.5566 32.1198
33.5574 32.1191

31.0859 34.028
30.9413 34.1406

31.5352 33.6796
31.5199 33.6914

31.3105 33.8536
31.2303 33.916

31.0859 34.0284
31.2305 33.916

31.3105 33.8536
31.5195 33.6914

31.5352 33.6793
31.7598 33.5052

31.9844 33.3312
31.8093 33.4668

31.7598 33.5054
31.8096 33.4668

31.5352 33.6918
31.5356 33.6914

30.4121 34.5531
30.3651 34.5898

30.4121 34.5534
30.6367 34.3779

30.1875 34.7293
30.3657 34.5898

30.8613 34.2027
30.6528 34.3652

30.6367 34.3788
30.6542 34.3652

30.8613 34.2032
30.9418 34.1406

32.209 33.1572
32.0993 33.2422

32.4336 32.9832
32.3893 33.0176

32.209 33.1572
32.3892 33.0176

32.8828 32.6355
32.6797 32.793

32.4336 32.9832
32.6582 32.8094

32.6582 32.8101
32.6803 32.793

31.9844 33.3315
32.0997 33.2422

33.1074 32.461
32.9692 32.5684

32.8828 32.6359
32.9698 32.5684

33.1074 32.461
33.2582 32.3438

35.5781 30.5132
35.5362 30.5469

34.4551 31.4062
34.4054 31.4453

34.4551 31.4066
34.6797 31.2297

34.0059 31.7595
33.8334 31.8945

34.2305 31.5831
34.1199 31.6699

34.0059 31.7598
34.1203 31.6699

33.7812 31.9358
33.834 31.8945

34.2305 31.5831
34.4057 31.4453

35.1289 30.8741
34.9751 30.9961

34.9043 31.0522
34.6911 31.2207

34.6797 31.2304
34.6919 31.2207

34.9043 31.0527
34.9755 30.9961

35.3535 30.6939
35.2566 30.7715

35.1289 30.874
35.2569 30.7715

35.3535 30.6939
35.5361 30.5469

35.5781 30.5135
35.8027 30.3311

36.0273 30.1463
35.813 30.3223

35.8027 30.3315
35.814 30.3223

36.252 29.9604
36.0865 30.0977

36.4766 29.7708
36.3554 29.873

36.252 29.9608
36.356 29.873

36.0273 30.1468
36.0866 30.0977

36.7012 29.578
36.619 29.6484

36.9258 29.3834
36.8795 29.4238

36.7012 29.5787
36.8782 29.4238

37.1504 29.1801
37.129 29.1992

37.1504 29.1812
37.375 28.9762

36.9258 29.3821
37.1301 29.1992

36.4766 29.7709
36.6194 29.6484

37.5996 28.7665
37.3768 28.9746

37.375 28.9758
37.3762 28.9746

37.5996 28.7664
37.6168 28.75

