-63.25 109.464
-63.3337 109.609

-63.325 109.609
-64.3611 111.406

-65.0469 112.573
-65.414 113.203

-65.4157 113.203
-66.4562 115

-65.0469 112.568
-64.3702 111.406

-48.875 84.6021
-49.8287 86.25

-34.5 59.6504
-35.3259 61.0938

-36.2969 62.8238
-36.3344 62.8906

-36.3312 62.8906
-37.3348 64.6875

-36.2969 62.8228
-35.3253 61.0938

-38.0938 66.0502
-38.336 66.4844

-38.3309 66.4844
-39.3456 68.2812

-39.8906 69.228
-40.3784 70.0781

-40.3764 70.0781
-41.4238 71.875

-39.8906 69.2152
-39.3548 68.2812

-38.0938 66.0441
-37.3368 64.6875

-45.2812 78.4043
-45.6657 79.0625

-43.4844 75.3495
-43.5549 75.4688

-41.6875 72.3155
-42.4894 73.6719

-43.4844 75.3478
-42.4941 73.6719

-43.555 75.4688
-44.6153 77.2656

-45.2812 78.3917
-44.6235 77.2656

-47.0781 81.493
-47.7536 82.6562

-45.6616 79.0625
-46.7068 80.8594

-47.0781 81.4729
-46.7219 80.8594

-47.7526 82.6562
-48.7896 84.4531

-48.875 84.5708
-48.8069 84.4531

-41.6875 72.2921
-41.4409 71.875

-57.8594 100.139
-58.1406 100.625

-56.0625 97.037
-57.0981 98.8281

-57.8594 100.133
-57.1043 98.8281

-52.4688 90.8176
-52.9438 91.6406

-52.9399 91.6406
-53.9789 93.4375

-50.6719 87.7085
-50.8672 88.0469

-50.865 88.0469
-51.9049 89.8438

-50.6719 87.7034
-49.8328 86.25

-52.4688 90.8001
-51.9167 89.8438

-54.2656 93.9228
-55.0269 95.2344

-56.0625 97.0305
-55.028 95.2344

-54.2656 93.9015
-53.9963 93.4375

-59.6562 103.254
-60.2117 104.219

-61.4531 106.356
-62.3014 107.812

-60.2076 104.219
-61.2472 106.016

-61.4531 106.337
-61.2657 106.016

-58.1391 100.625
-59.178 102.422

-59.6562 103.229
-59.1917 102.422

-63.25 109.459
-62.3047 107.812

-6.19922 10.6293
-6.2275 10.6689

-6.25537 10.7079
-6.26766 10.7251

-6.26765 10.7251
-6.30789 10.7812

-6.25537 10.7079
-6.2275 10.6689

-5.97461 10.3128
-5.98807 10.332

-5.75 9.98987
-5.75359 9.99512

-5.80615 10.0713
-5.8311 10.1074

-5.75363 9.99512
-5.79228 10.0513

-5.80615 10.0713
-5.79232 10.0513

-5.8623 10.1523
-5.87016 10.1636

-5.87013 10.1636
-5.9093 10.2197

-5.91846 10.2328
-5.94861 10.2759

-5.97461 10.3129
-5.94862 10.2759

-5.91846 10.2328
-5.90929 10.2197

-5.8623 10.1523
-5.8311 10.1074

-6.14307 10.5506
-6.14734 10.5566

-6.08691 10.4717
-6.10738 10.5005

-6.14307 10.5506
-6.10741 10.5005

-6.03076 10.3925
-6.06748 10.4443

-5.98808 10.332
-6.0277 10.3882

-6.03076 10.3924
-6.02776 10.3882

-6.08691 10.4717
-6.06749 10.4443

-6.14733 10.5566
-6.18737 10.6128

-6.19922 10.6293
-6.18741 10.6128

-8.44531 14.3228
-8.47008 14.375

-7.99609 13.4203
-8.02603 13.4766

-7.77148 13.0159
-7.77813 13.0273

-7.54688 12.6323
-7.58144 12.6904

-7.60303 12.7272
-7.61444 12.7466

-7.61445 12.7466
-7.64743 12.8027

-7.60303 12.7272
-7.58136 12.6904

-7.65918 12.8228
-7.68029 12.8589

-7.68032 12.8589
-7.71307 12.915

-7.71533 12.919
-7.74566 12.9712

-7.77148 13.0159
-7.74569 12.9712

-7.71533 12.9189
-7.71306 12.915

-7.65918 12.8228
-7.64742 12.8027

-7.88379 13.2138
-7.90509 13.252

-7.82764 13.1139
-7.84227 13.1396

-7.77811 13.0273
-7.81032 13.0835

-7.82764 13.1139
-7.81038 13.0835

-7.84224 13.1396
-7.87379 13.1958

-7.88379 13.2137
-7.87382 13.1958

-7.93994 13.3157
-7.96622 13.3643

-7.90498 13.252
-7.93577 13.3081

-7.93994 13.3157
-7.93582 13.3081

-7.99609 13.4202
-7.96618 13.3643

-8.2207 13.8587
-8.25393 13.9258

-8.1084 13.6359
-8.14178 13.7012

-8.05225 13.5271
-8.0552 13.5327

-8.05526 13.5327
-8.08433 13.5889

-8.05225 13.527
-8.02589 13.4766

-8.1084 13.6358
-8.0843 13.5889

-8.16455 13.7465
-8.17002 13.7573

-8.17006 13.7573
-8.19821 13.8135

-8.16455 13.7464
-8.14169 13.7012

-8.2207 13.8587
-8.19819 13.8135

-8.33301 14.0884
-8.36299 14.1504

-8.27686 13.9728
-8.28131 13.9819

-8.28134 13.9819
-8.30868 14.0381

-8.27686 13.9728
-8.25383 13.9258

-8.33301 14.0883
-8.30866 14.0381

-8.38916 14.205
-8.38988 14.2065

-8.38989 14.2065
-8.41674 14.2627

-8.38916 14.2051
-8.36292 14.1504

-8.41673 14.2627
-8.44346 14.3188

-8.44531 14.3228
-8.44345 14.3188

-6.9292 11.6551
-6.94585 11.6797

-6.87305 11.5727
-6.90777 11.6235

-6.9292 11.6551
-6.90783 11.6235

-6.76074 11.411
-6.79176 11.4551

-6.70459 11.3316
-6.71258 11.3428

-6.64844 11.253
-6.67253 11.2866

-6.70459 11.3315
-6.67259 11.2866

-6.71254 11.3428
-6.75225 11.3989

-6.76074 11.411
-6.75229 11.3989

-6.81689 11.4914
-6.83065 11.5112

-6.83071 11.5112
-6.86942 11.5674

-6.81689 11.4914
-6.79166 11.4551

-6.87305 11.5727
-6.86939 11.5674

-7.20996 12.083
-7.23914 12.1289

-7.15381 11.9951
-7.16765 12.0166

-7.09766 11.9086
-7.13141 11.9604

-7.15381 11.9951
-7.13147 11.9604

-7.1676 12.0166
-7.20347 12.0728

-7.20996 12.083
-7.20349 12.0728

-7.32227 12.2623
-7.34398 12.2974

-7.37842 12.3533
-7.34401 12.2974

-7.43457 12.4455
-7.44699 12.4658

-7.49072 12.5383
-7.51462 12.5781

-7.44693 12.4658
-7.48087 12.522

-7.49072 12.5383
-7.48092 12.522

-7.37848 12.3535
-7.4128 12.4097

-7.43457 12.4454
-7.41283 12.4097

-7.26611 12.1721
-7.27423 12.1851

-7.27428 12.1851
-7.30926 12.2412

-7.26611 12.1721
-7.23903 12.1289

-7.32227 12.2623
-7.30924 12.2412

-6.98535 11.7386
-7.02106 11.792

-7.0415 11.8231
-7.05804 11.8481

-7.05808 11.8481
-7.0949 11.9043

-7.0415 11.8231
-7.02097 11.792

-6.94579 11.6797
-6.98351 11.7358

-6.98535 11.7386
-6.98353 11.7358

-7.09766 11.9086
-7.09488 11.9043

-6.42383 10.9422
-6.42923 10.9497

-6.4292 10.9497
-6.4698 11.0059

-6.53613 11.0974
-6.55114 11.1182

-6.59229 11.175
-6.63227 11.2305

-6.55115 11.1182
-6.59176 11.1743

-6.59229 11.175
-6.59183 11.1743

-6.47998 11.0199
-6.51044 11.062

-6.53613 11.0974
-6.51047 11.062

-6.47998 11.0199
-6.46979 11.0059

-6.36768 10.8644
-6.38865 10.8936

-6.31152 10.7863
-6.34822 10.8374

-6.36768 10.8644
-6.34825 10.8374

-6.42383 10.9423
-6.38863 10.8936

-6.31152 10.7863
-6.3079 10.7812

-6.64844 11.253
-6.63225 11.2305

-7.54688 12.6323
-7.51457 12.5781

-12.9375 23.1707
-13.0422 23.3594

-13.04 23.3594
-14.0812 25.1562

-14.7344 26.238
-15.1596 26.9531

-15.159 26.9531
-16.236 28.75

-14.7344 26.236
-14.0923 25.1562

-9.34375 16.2402
-9.74523 17.0703

-9.74437 17.0703
-10.1887 17.9688

-11.1406 19.8605
-12.0409 21.5625

-10.1882 17.9688
-11.0974 19.7656

-11.1406 19.8625
-11.0894 19.7656

-8.66992 14.804
-8.67929 14.8242

-8.55762 14.5623
-8.57502 14.5996

-8.50146 14.4419
-8.5227 14.4873

-8.47002 14.375
-8.49641 14.4312

-8.50146 14.4419
-8.49641 14.4312

-8.52267 14.4873
-8.54885 14.5435

-8.55762 14.5623
-8.54885 14.5435

-8.57497 14.5996
-8.62716 14.7119

-8.66992 14.8041
-8.62719 14.7119

-8.67917 14.8242
-8.78324 15.0488

-8.78317 15.0488
-8.88737 15.2734

-8.89453 15.2894
-9.09695 15.7227

-9.09616 15.7227
-9.30982 16.1719

-8.89453 15.2903
-8.88665 15.2734

-9.34375 16.2478
-9.30705 16.1719

-12.9375 23.1702
-12.045 21.5625

-20.125 35.3768
-20.4508 35.9375

-23.7188 41.5111
-24.6657 43.125

-21.9219 38.4437
-22.5607 39.5312

-20.4487 35.9375
-21.501 37.7344

-21.9219 38.4374
-21.5089 37.7344

-22.5596 39.5312
-23.612 41.3281

-23.7188 41.501
-23.6173 41.3281

-27.3125 47.6077
-27.8538 48.5156

-27.8523 48.5156
-28.9296 50.3125

-30.9062 53.583
-31.1011 53.9062

-32.7031 56.5752
-33.2519 57.5

-31.1012 53.9062
-32.1814 55.7031

-32.7031 56.5661
-32.1911 55.7031

-29.1094 50.6075
-30.0162 52.1094

-30.9062 53.5804
-30.0195 52.1094

-29.1094 50.5945
-28.9391 50.3125

-25.5156 44.5726
-25.7206 44.9219

-25.7172 44.9219
-26.7801 46.7188

-25.5156 44.5699
-24.6675 43.125

-27.3125 47.6
-26.7872 46.7188

-18.3281 32.2766
-18.3675 32.3438

-16.5312 29.2324
-17.3153 30.5469

-18.3281 32.276
-17.3144 30.5469

-18.3648 32.3438
-19.4091 34.1406

-20.125 35.3742
-19.4083 34.1406

-16.5312 29.2282
-16.246 28.75

-5.076 0
-5.07136 0.0561523

-5.07097 0.0561523
-5.05786 0.112305

-5.05982 0.112305
-5.03507 0.168457

-5.03272 0.168457
-5.02002 0.185563

-5.02002 0.191974
-4.99579 0.224609

-4.99229 0.224609
-4.96387 0.255531

-4.96387 0.254286
-4.93154 0.280762

-4.93348 0.280762
-4.90771 0.301869

-4.90771 0.302963
-4.85156 0.331809

-4.85156 0.331266
-4.82697 0.336914

-4.78822 0.336914
-4.73926 0.351277

-4.73926 0.349295
-4.68311 0.363168

-4.68311 0.363775
-4.62695 0.378069

-4.62695 0.378718
-4.5708 0.390921

-4.5708 0.390756
-4.55851 0.393066

-4.5534 0.393066
-4.51465 0.40035

-4.51465 0.400211
-4.4585 0.411642

-4.4585 0.411839
-4.40234 0.424538

-4.40234 0.425051
-4.34619 0.437595

-4.34619 0.43809
-4.29004 0.448461

-4.29004 0.448625
-4.28698 0.449219

-4.26992 0.449219
-4.17773 0.472032

-4.17773 0.475182
-4.12158 0.493382

-4.12158 0.493414
-4.08107 0.505371

-4.07815 0.505371
-4.06543 0.509126

-4.06543 0.509248
-4.00928 0.525611

-4.00928 0.526169
-3.95312 0.54225

-3.95312 0.542943
-3.89697 0.55624

-3.89697 0.556224
-3.87046 0.561523

-3.85673 0.561523
-3.84082 0.565271

-3.84082 0.565886
-3.78467 0.57819

-3.78467 0.577986
-3.72852 0.592836

-3.72852 0.594179
-3.67236 0.609295

-3.67236 0.609036
-3.63667 0.617676

-3.6344 0.617676
-3.61621 0.62208

-3.61621 0.622151
-3.56006 0.635693

-3.56006 0.635975
-3.50391 0.649482

-3.50391 0.649591
-3.44775 0.662282

-3.44775 0.662137
-3.39284 0.673828

-3.3916 0.672897
-3.38771 0.673828

-3.38876 0.673828
-3.33545 0.686574

-3.33545 0.686459
-3.2793 0.703466

-3.2793 0.704714
-3.22314 0.723009

-3.22314 0.722695
-3.20048 0.72998

-3.1996 0.72998
-3.16699 0.74046

-3.16699 0.740511
-3.11084 0.759399

-3.11084 0.759404
-3.05469 0.779257

-3.05469 0.779094
-3.03632 0.786133

-3.03556 0.786133
-2.99854 0.800327

-2.99854 0.800079
-2.94238 0.824682

-2.94238 0.825913
-2.90754 0.842285

-2.90615 0.842285
-2.88623 0.851646

-2.88623 0.851425
-2.83008 0.87889

-2.83008 0.878723
-2.79337 0.898438

-2.79334 0.898438
-2.77393 0.908865

-2.77393 0.908227
-2.71777 0.942701

-2.71777 0.944565
-2.70281 0.95459

-2.70151 0.95459
-2.66162 0.981308

-2.66162 0.980772
-2.62024 1.01074

-2.61801 1.01074
-2.60547 1.01961

-2.60547 1.02099
-2.54963 1.06689

-2.55038 1.06689
-2.54932 1.06777

-2.54932 1.0674
-2.49316 1.11864

-2.49316 1.11744
-2.4877 1.12305

-2.488 1.12305
-2.43701 1.17541

-2.43701 1.17674
-2.43462 1.1792

-2.43379 1.1792
-2.38555 1.23535

-2.38561 1.23535
-2.38086 1.24188

-2.38086 1.24168
-2.34276 1.2915

-2.34357 1.2915
-2.32471 1.31912

-2.32471 1.31744
-2.30407 1.34766

-2.3037 1.34766
-2.26855 1.40874

-2.26855 1.4081
-2.2408 1.45996

-2.24088 1.45996
-2.21401 1.51611

-2.21475 1.51611
-2.2124 1.5216

-2.2124 1.52006
-2.19003 1.57227

-2.19002 1.57227
-2.1686 1.62842

-2.16871 1.62842
-2.15625 1.66542

-2.15625 3.11508
-2.16237 3.14453

-2.16253 3.14453
-2.17514 3.20068

-2.17512 3.20068
-2.18824 3.25684

-2.2124 3.35483
-2.216 3.36914

-2.18825 3.25684
-2.20187 3.31299

-2.2124 3.35491
-2.20187 3.31299

-2.26855 3.56404
-2.27683 3.59375

-2.21599 3.36914
-2.23056 3.42529

-2.23055 3.42529
-2.24555 3.48145

-2.24556 3.48145
-2.26101 3.5376

-2.26855 3.56434
-2.261 3.5376

-2.38086 3.93567
-2.39732 3.98682

-2.39731 3.98682
-2.41563 4.04297

-2.2769 3.59375
-2.29316 3.6499

-2.29316 3.6499
-2.30975 3.70605

-2.32471 3.75578
-2.32664 3.76221

-2.32664 3.76221
-2.34386 3.81836

-2.32471 3.75576
-2.30975 3.70605

-2.34386 3.81836
-2.36141 3.87451

-2.36143 3.87451
-2.37925 3.93066

-2.38086 3.93582
-2.3792 3.93066

-2.43701 4.10752
-2.45297 4.15527

-2.41564 4.04297
-2.4342 4.09912

-2.43701 4.10757
-2.43419 4.09912

-2.45295 4.15527
-2.47195 4.21143

-2.47196 4.21143
-2.49123 4.26758

-2.49316 4.2731
-2.51073 4.32373

-2.51073 4.32373
-2.53039 4.37988

-2.54932 4.4334
-2.55025 4.43604

-2.55026 4.43604
-2.57036 4.49219

-2.54932 4.43336
-2.53039 4.37988

-2.49316 4.27319
-2.49122 4.26758

-2.60547 4.5886
-2.61126 4.60449

-2.61126 4.60449
-2.63207 4.66064

-2.63208 4.66064
-2.65315 4.7168

-2.71777 4.88527
-2.73967 4.94141

-2.66162 4.73914
-2.67443 4.77295

-2.67442 4.77295
-2.69593 4.8291

-2.66162 4.73918
-2.65314 4.7168

-2.69593 4.8291
-2.7177 4.88525

-2.71777 4.88563
-2.71763 4.88525

-2.83008 5.16543
-2.83032 5.16602

-2.83037 5.16602
-2.8537 5.22217

-2.85371 5.22217
-2.87728 5.27832

-2.88623 5.29944
-2.90107 5.33447

-2.90103 5.33447
-2.92514 5.39062

-2.88623 5.29949
-2.87726 5.27832

-2.77393 5.02716
-2.78458 5.05371

-2.73972 4.94141
-2.76202 4.99756

-2.77393 5.02713
-2.76206 4.99756

-2.78456 5.05371
-2.80732 5.10986

-2.83008 5.1653
-2.80733 5.10986

-2.83008 5.16623
-2.82999 5.16602

-2.57036 4.49219
-2.5907 4.54834

-2.60547 4.58862
-2.59072 4.54834

-3.05469 5.68094
-3.07613 5.72754

-3.11084 5.80105
-3.12933 5.83984

-3.0762 5.72754
-3.10258 5.78369

-3.11084 5.80101
-3.10259 5.78369

-3.2793 6.13946
-3.29862 6.17676

-3.33545 6.2459
-3.35868 6.28906

-3.29871 6.17676
-3.32848 6.23291

-3.33545 6.24584
-3.32849 6.23291

-3.16699 5.91717
-3.18405 5.95215

-3.22314 6.03017
-3.2405 6.06445

-3.18409 5.95215
-3.21207 6.0083

-3.22314 6.03013
-3.2121 6.0083

-3.12932 5.83984
-3.15651 5.896

-3.16699 5.91728
-3.15654 5.896

-3.24049 6.06445
-3.26936 6.12061

-3.2793 6.13957
-3.26939 6.12061

-3.50391 6.54812
-3.51642 6.56982

-3.51636 6.56982
-3.5491 6.62598

-3.56006 6.64448
-3.58226 6.68213

-3.58224 6.68213
-3.6157 6.73828

-3.56006 6.64452
-3.54912 6.62598

-3.72852 6.92384
-3.75247 6.96289

-3.84082 7.10482
-3.85743 7.13135

-3.85745 7.13135
-3.89276 7.1875

-3.78467 7.01485
-3.78726 7.01904

-3.7873 7.01904
-3.82227 7.0752

-3.78467 7.01477
-3.75254 6.96289

-3.84082 7.10479
-3.82229 7.0752

-3.67236 6.8321
-3.68358 6.85059

-3.61621 6.73911
-3.64952 6.79443

-3.67236 6.83204
-3.64955 6.79443

-3.68358 6.85059
-3.71791 6.90674

-3.72852 6.92391
-3.71794 6.90674

-3.61621 6.73905
-3.61575 6.73828

-3.3916 6.34904
-3.42038 6.40137

-3.44775 6.44988
-3.45204 6.45752

-3.452 6.45752
-3.48397 6.51367

-3.44775 6.4499
-3.4205 6.40137

-3.35871 6.28906
-3.38938 6.34521

-3.3916 6.34921
-3.38939 6.34521

-3.50391 6.5482
-3.484 6.51367

-2.94238 5.43012
-2.97421 5.50293

-2.99854 5.55762
-2.99918 5.55908

-2.99923 5.55908
-3.02453 5.61523

-2.99854 5.55748
-2.97428 5.50293

-2.99854 5.55922
-2.99847 5.55908

-2.94238 5.4302
-2.92517 5.39062

-3.02453 5.61523
-3.05019 5.67139

-3.05469 5.68109
-3.05019 5.67139

-2.15625 1.66549
-2.14982 1.68457

-2.1499 1.68457
-2.1331 1.74072

-2.13299 1.74072
-2.11835 1.79688

-2.11855 1.79688
-2.10588 1.85303

-2.10581 1.85303
-2.1001 1.88225

-2.1001 1.88233
-2.09485 1.90918

-2.0949 1.90918
-2.08561 1.96533

-2.08554 1.96533
-2.07795 2.02148

-2.07812 2.02148
-2.07201 2.07764

-2.07192 2.07764
-2.06714 2.13379

-2.06721 2.13379
-2.06382 2.18994

-2.06379 2.18994
-2.06173 2.24609

-2.06181 2.24609
-2.061 2.30225

-2.06096 2.30225
-2.06133 2.3584

-2.06141 2.3584
-2.06288 2.41455

-2.06286 2.41455
-2.06535 2.4707

-2.06538 2.4707
-2.06887 2.52686

-2.06885 2.52686
-2.07333 2.58301

-2.07337 2.58301
-2.07879 2.63916

-2.07878 2.63916
-2.08509 2.69531

-2.1001 2.80727
-2.10015 2.80762

-2.08514 2.69531
-2.09227 2.75146

-2.1001 2.8074
-2.09225 2.75146

-2.10013 2.80762
-2.10879 2.86377

-2.10879 2.86377
-2.11823 2.91992

-2.1001 2.80805
-2.10003 2.80762

-2.11828 2.91992
-2.12841 2.97607

-2.1284 2.97607
-2.13913 3.03223

-2.13913 3.03223
-2.15047 3.08838

-2.15625 3.1155
-2.15044 3.08838

-4.90771 8.74033
-4.92078 8.75977

-4.85156 8.65689
-4.883 8.70361

-4.90771 8.74028
-4.88306 8.70361

-4.96387 8.82375
-4.99637 8.87207

-5.02002 8.90728
-5.0341 8.92822

-5.03411 8.92822
-5.07186 8.98438

-5.02002 8.90726
-4.99637 8.87207

-4.92075 8.75977
-4.95853 8.81592

-4.96387 8.82373
-4.95861 8.81592

-4.4585 8.06601
-4.47157 8.08594

-4.40234 7.98029
-4.43473 8.02979

-4.4585 8.06595
-4.43478 8.02979

-4.17773 7.63431
-4.17928 7.63672

-3.95312 7.28297
-3.96378 7.2998

-4.00928 7.37126
-4.03534 7.41211

-3.9638 7.2998
-3.99951 7.35596

-4.00928 7.37117
-3.99957 7.35596

-4.06543 7.45909
-4.07129 7.46826

-4.07128 7.46826
-4.10725 7.52441

-4.12158 7.54677
-4.14327 7.58057

-4.17773 7.63411
-4.14328 7.58057

-4.12158 7.54677
-4.10724 7.52441

-4.06543 7.45916
-4.03534 7.41211

-4.29004 7.80769
-4.32484 7.86133

-4.23389 7.72106
-4.25197 7.74902

-4.1794 7.63672
-4.21565 7.69287

-4.23389 7.72098
-4.21571 7.69287

-4.25194 7.74902
-4.28833 7.80518

-4.29004 7.80773
-4.28838 7.80518

-4.34619 7.89413
-4.36138 7.91748

-4.36137 7.91748
-4.398 7.97363

-4.34619 7.89413
-4.32485 7.86133

-4.40234 7.98021
-4.39804 7.97363

-4.73926 8.48941
-4.76985 8.53516

-4.68311 8.40538
-4.69475 8.42285

-4.62695 8.3211
-4.6573 8.3667

-4.68311 8.40533
-4.65736 8.3667

-4.69473 8.42285
-4.73223 8.479

-4.73926 8.48942
-4.73228 8.479

-4.51465 8.15133
-4.54555 8.19824

-4.5708 8.2364
-4.5827 8.25439

-4.58269 8.25439
-4.61993 8.31055

-4.5708 8.2364
-4.54557 8.19824

-4.47155 8.08594
-4.50848 8.14209

-4.51465 8.15134
-4.50854 8.14209

-4.62695 8.32104
-4.61997 8.31055

-4.79541 8.57326
-4.80751 8.59131

-4.80751 8.59131
-4.84523 8.64746

-4.79541 8.57326
-4.76986 8.53516

-4.85156 8.6568
-4.84528 8.64746

-5.35693 9.40893
-5.37348 9.43359

-5.30078 9.32527
-5.3358 9.37744

-5.35693 9.40886
-5.33585 9.37744

-5.6377 9.82518
-5.67685 9.88281

-5.58154 9.74237
-5.60059 9.77051

-5.52539 9.65935
-5.56257 9.71436

-5.58154 9.74231
-5.56262 9.71436

-5.6377 9.82525
-5.60057 9.77051

-5.41309 9.4925
-5.44898 9.5459

-5.46924 9.57601
-5.48676 9.60205

-5.48677 9.60205
-5.52463 9.6582

-5.46924 9.576
-5.44897 9.5459

-5.37347 9.43359
-5.41118 9.48975

-5.41309 9.4925
-5.41124 9.48975

-5.52539 9.65929
-5.52465 9.6582

-5.18848 9.1579
-5.22277 9.20898

-5.13232 9.0743
-5.14736 9.09668

-5.07617 8.99081
-5.10962 9.04053

-5.13232 9.07423
-5.10969 9.04053

-5.14732 9.09668
-5.18502 9.15283

-5.18848 9.15788
-5.18508 9.15283

-5.24463 9.24159
-5.26043 9.26514

-5.26045 9.26514
-5.29813 9.32129

-5.24463 9.24156
-5.22277 9.20898

-5.30078 9.32519
-5.29816 9.32129

-5.07617 8.99074
-5.07189 8.98438

-5.69385 9.90771
-5.71517 9.93896

-5.75 9.9898
-5.71517 9.93896

-5.69385 9.90772
-5.67685 9.88281

-3.89697 7.19419
-3.9282 7.24365

-3.95312 7.28293
-3.92823 7.24365

-3.89697 7.19416
-3.89277 7.1875

-33.2507 57.5
-34.2967 59.2969

-34.5 59.6349
-34.3066 59.2969

-77.625 134.516
-77.7615 134.766

-77.7322 134.766
-78.7058 136.562

-81.2188 140.944
-81.7781 141.953

-81.7353 141.953
-82.8279 143.75

-79.4219 137.791
-79.7496 138.359

-79.7726 138.359
-80.8084 140.156

-79.4219 137.808
-78.7042 136.562

-81.2188 140.873
-80.8219 140.156

-70.4375 121.886
-70.6093 122.188

-74.0312 128.159
-74.706 129.375

-72.2344 125.011
-72.6849 125.781

-70.5928 122.188
-71.6201 123.984

-72.2344 125.015
-71.6314 123.984

-72.6938 125.781
-73.7236 127.578

-74.0312 128.1
-73.7416 127.578

-66.8438 115.686
-67.4805 116.797

-67.4751 116.797
-68.518 118.594

-68.6406 118.779
-69.5856 120.391

-70.4375 121.873
-69.5928 120.391

-68.6406 118.772
-68.5361 118.594

-66.8438 115.648
-66.4721 115

-75.8281 131.327
-76.7759 132.969

-74.6934 129.375
-75.7128 131.172

-75.8281 131.345
-75.7279 131.172

-77.625 134.501
-76.7882 132.969

-88.4062 150.837
-88.4896 150.938

-84.8125 146.555
-85.3778 147.344

-86.6094 148.841
-86.8586 149.141

-88.4062 150.829
-87.0086 149.141

-86.6094 148.918
-85.2994 147.344

-88.5075 150.938
-89.5548 152.734

-89.523 152.734
-90.1702 154.531

-90.2031 154.999
-90.5935 156.328

-90.614 156.328
-91.191 158.125

-90.2031 155.049
-90.0509 154.531

-83.0156 143.962
-84.1092 145.547

-84.8125 146.483
-84.1416 145.547

-83.0156 144.036
-82.8183 143.75

-92 159.585
-91.3575 158.125

