-54.0761 0
-54.0755 0.0561523

-54.0758 0.0561523
-54.0735 0.112305

-54.0728 0.112305
-54.0695 0.168457

-54.0697 0.168457
-54.0667 0.224609

-54.0668 0.224609
-54.0637 0.280762

-54.0635 0.280762
-54.0605 0.336914

-54.0612 0.336914
-54.0572 0.393066

-54.0569 0.393066
-54.0513 0.449219

-54.0529 0.449219
-54.041 0.516395

-54.041 0.522755
-54.0334 0.561523

-54.0335 0.561523
-54.0182 0.617676

-54.0183 0.617676
-53.9976 0.673828

-53.9976 0.673828
-53.9849 0.700959

-53.9849 0.701055
-53.9713 0.72998

-53.9713 0.72998
-53.9391 0.786133

-53.9387 0.786133
-53.9287 0.800962

-53.9287 0.801482
-53.9014 0.842285

-53.9004 0.842285
-53.8726 0.880302

-53.8726 0.881621
-53.8602 0.898438

-54.041 1.34281
-54.0451 1.34766

-53.8529 0.898438
-53.8164 0.96607

-53.9287 1.21509
-53.9529 1.23535

-53.9849 1.26911
-54.007 1.2915

-54.041 1.34176
-54.0081 1.2915

-53.9849 1.26177
-53.9566 1.23535

-53.8726 1.17584
-53.8771 1.1792

-53.9287 1.21736
-53.8769 1.1792

-53.8726 1.17579
-53.8164 1.13403

-53.8726 1.17941
-53.8723 1.1792

-54.0435 1.34766
-54.069 1.40381

-54.0696 1.40381
-54.0855 1.45996

-54.0844 1.45996
-54.0915 1.51611

-54.0922 1.51611
-54.0911 1.57227

-54.0887 1.57227
-54.0825 1.62842

-54.0838 1.62842
-54.0751 1.68457

-54.0724 1.68457
-54.064 1.74072

-54.065 1.74072
-54.0603 1.79688

-53.8164 0.954183
-53.8161 0.95459

-53.8143 0.95459
-53.782 1.01074

-53.7767 1.01074
-53.7696 1.06689

-53.7681 1.06689
-53.8011 1.12305

-53.8164 1.13561
-53.8018 1.12305

-52.918 1.77077
-52.9569 1.79688

-52.918 1.7735
-52.8618 1.75383

-52.8618 1.75451
-52.8057 1.74474

-52.8057 1.74505
-52.7495 1.7432

-52.7495 1.74359
-52.6934 1.74825

-52.6934 1.74867
-52.6372 1.75823

-52.6372 1.75889
-52.5811 1.77121

-52.5811 1.7719
-52.5249 1.78425

-52.5249 1.78461
-52.4688 1.79491

-54.0591 1.79688
-54.0585 1.85303

-54.0589 1.85303
-54.0639 1.90918

-54.0637 1.90918
-54.0742 1.96533

-54.0739 1.96533
-54.0909 2.02148

-54.1533 2.1909
-54.1647 2.24609

-54.0972 2.03401
-54.1135 2.07764

-54.1138 2.07764
-54.135 2.13379

-54.0972 2.03394
-54.0925 2.02148

-54.1533 2.18714
-54.1369 2.13379

-54.1686 2.24609
-54.1533 2.34905

-54.1533 2.34629
-54.1504 2.3584

-54.1513 2.3584
-54.1236 2.41455

-54.1189 2.41455
-54.0972 2.44743

-54.0972 2.44737
-54.0817 2.4707

-54.082 2.4707
-54.041 2.49919

-54.041 2.49312
-53.9849 2.51082

-53.9849 2.51165
-53.9287 2.51497

-53.9287 2.51337
-53.8726 2.50382

-53.8726 2.50586
-53.8164 2.48256

-53.5356 2.20508
-53.5787 2.24609

-53.4795 2.17318
-53.5059 2.18994

-53.5356 2.20786
-53.5074 2.18994

-53.3672 2.13246
-53.371 2.13379

-53.4795 2.17468
-53.4233 2.1497

-53.4233 2.15015
-53.3766 2.13379

-53.7603 2.44466
-53.8001 2.4707

-53.7041 2.39738
-53.7246 2.41455

-53.7603 2.44436
-53.7248 2.41455

-53.6479 2.33539
-53.6669 2.3584

-53.5918 2.26132
-53.6271 2.30225

-53.6479 2.33557
-53.6205 2.30225

-53.7041 2.39834
-53.667 2.3584

-53.8164 2.47755
-53.8073 2.4707

-53.5918 2.26424
-53.5733 2.24609

-53.3672 2.13252
-53.311 2.11331

-53.311 2.11312
-53.2549 2.09115

-53.3672 2.13417
-53.3662 2.13379

-53.1987 2.06635
-53.2226 2.07764

-53.2549 2.09171
-53.2252 2.07764

-53.1987 2.07053
-53.1426 2.02729

-53.0303 1.87258
-53.0579 1.90918

-53.0864 1.95313
-53.095 1.96533

-53.0903 1.96533
-53.1394 2.02148

-53.0864 1.9532
-53.0555 1.90918

-52.9741 1.80399
-53.0139 1.85303

-53.0303 1.87546
-53.0133 1.85303

-52.9741 1.8061
-52.9604 1.79688

-53.1426 2.0279
-53.1368 2.02148

-52.4688 1.79529
-52.4556 1.79688

-52.188 1.78613
-52.242 1.79688

-52.188 1.78627
-52.1318 1.76833

-52.1318 1.76798
-52.0757 1.74368

-52.0195 1.71252
-52.0675 1.74072

-52.0757 1.7422
-52.0732 1.74072

-51.5703 0.939706
-51.5796 0.95459

-51.5797 0.95459
-51.609 1.01074

-51.6265 1.05116
-51.6335 1.06689

-51.6334 1.06689
-51.655 1.12305

-51.6265 1.05054
-51.6088 1.01074

-51.6826 1.20422
-51.6933 1.23535

-51.6926 1.23535
-51.7131 1.2915

-51.7135 1.2915
-51.7365 1.34766

-51.6826 1.20179
-51.6542 1.12305

-51.6826 1.23971
-51.6809 1.23535

-51.8511 1.54558
-51.8713 1.57227

-51.7949 1.46452
-51.8282 1.51611

-51.8511 1.54567
-51.8287 1.51611

-51.9634 1.66859
-51.984 1.68457

-51.9072 1.61385
-51.9204 1.62842

-51.9634 1.66888
-51.9215 1.62842

-52.0195 1.71309
-51.9872 1.68457

-51.9072 1.60956
-51.8653 1.57227

-51.7388 1.35419
-51.762 1.40381

-51.7623 1.40381
-51.7928 1.45996

-51.7388 1.35341
-51.7361 1.34766

-51.7949 1.46775
-51.7894 1.45996

-51.5142 0.856592
-51.5449 0.898438

-51.458 0.788102
-51.5038 0.842285

-51.5142 0.855872
-51.5042 0.842285

-51.4025 0.72998
-51.4565 0.786133

-51.4019 0.728564
-51.3457 0.677797

-51.4019 0.730497
-51.4013 0.72998

-51.458 0.791147
-51.454 0.786133

-51.2896 0.63575
-51.3404 0.673828

-51.2334 0.602221
-51.2583 0.617676

-51.2896 0.636093
-51.2598 0.617676

-51.1211 0.547666
-51.1528 0.561523

-51.2334 0.602338
-51.1772 0.572722

-51.1772 0.572088
-51.1531 0.561523

-51.3457 0.680541
-51.3361 0.673828

-51.1211 0.547905
-51.0649 0.529026

-51.0649 0.529503
-51.0088 0.51475

-51.1211 0.56187
-51.12 0.561523

-50.9526 0.503042
-50.9635 0.505371

-51.0088 0.51498
-50.9642 0.505371

-50.9526 0.502901
-50.8965 0.492976

-50.8965 0.493121
-50.8403 0.485104

-50.8403 0.485211
-50.7842 0.478597

-50.7842 0.478644
-50.728 0.473125

-50.728 0.473134
-50.6719 0.468601

-51.5703 0.940275
-51.546 0.898438

-51.5703 1.01106
-51.5702 1.01074

-52.4658 1.79688
-52.3564 1.80554

-52.3564 1.80583
-52.2441 1.79758

-52.2441 1.79739
-52.2422 1.79688

-50.335 0.446066
-50.3706 0.449219

-50.335 0.446029
-50.2788 0.441762

-50.2788 0.442083
-50.2227 0.438728

-50.6719 0.468646
-50.6157 0.464988

-50.6157 0.465022
-50.5596 0.462082

-50.5596 0.462661
-50.4473 0.455761

-50.4473 0.455962
-50.3585 0.449219

-50.2227 0.438936
-50.1665 0.435436

-50.1665 0.435445
-50.1104 0.431368

-50.1104 0.431276
-50.0542 0.426786

-50.0542 0.426742
-49.998 0.422109

-49.998 0.422115
-49.9419 0.417416

-49.9419 0.417428
-49.8857 0.41263

-49.8857 0.412661
-49.8296 0.407675

-49.8296 0.407664
-49.7734 0.402449

-49.7734 0.402424
-49.7173 0.397051

-49.6611 0.391483
-49.6779 0.393066

-49.7173 0.397031
-49.6753 0.393066

-49.6611 0.391465
-49.605 0.386779

-49.605 0.386907
-49.5488 0.382974

-49.5488 0.383023
-49.4927 0.379489

-49.4927 0.379491
-49.4365 0.376257

-49.4365 0.376259
-49.3804 0.373317

-49.3804 0.373326
-49.3242 0.370652

-49.3242 0.370669
-49.2681 0.368209

-49.2681 0.368221
-49.2119 0.365916

-49.2119 0.365955
-49.1558 0.363702

-49.1558 0.363706
-49.0996 0.361418

-49.0996 0.361388
-49.0435 0.359118

-49.0435 0.359143
-48.9873 0.356901

-48.9873 0.356921
-48.9312 0.354619

-48.9312 0.354583
-48.875 0.352254

-48.875 0.352162
-48.8188 0.35006

-48.8188 0.349949
-48.7627 0.348481

-48.7627 0.348664
-48.6504 0.346711

-48.6504 0.347279
-48.5381 0.345234

-48.5381 0.344888
-48.4258 0.342307

-48.4258 0.342281
-48.3135 0.33991

-48.3135 0.339999
-48.2012 0.337714

-48.145 0.336533
-48.1628 0.336914

-48.145 0.336504
-48.0889 0.335241

-48.2012 0.337793
-48.1599 0.336914

-48.0889 0.335245
-48.0327 0.33406

-48.0327 0.33406
-47.9766 0.332945

-47.9766 0.332948
-47.9204 0.331893

-47.9204 0.331895
-47.8643 0.330888

-47.8643 0.33089
-47.8081 0.329922

-47.8081 0.329924
-47.752 0.328987

-47.752 0.328989
-47.6958 0.328075

-47.6958 0.328077
-47.6396 0.32718

-47.6396 0.327182
-47.5835 0.326297

-47.5835 0.326297
-47.5273 0.325419

-47.5273 0.32542
-47.4712 0.324545

-47.4712 0.324546
-47.415 0.323668

-47.415 0.323669
-47.3589 0.322787

-47.3589 0.322788
-47.3027 0.321898

-47.3027 0.321898
-47.2466 0.320999

-47.2466 0.320999
-47.1904 0.320091

-47.1904 0.320091
-47.1343 0.319173

-47.1343 0.319172
-47.0781 0.318246

-47.0781 0.318246
-47.022 0.317312

-47.022 0.317312
-46.9658 0.316373

-46.9658 0.316373
-46.9097 0.315432

-46.9097 0.315431
-46.8535 0.314492

-46.8535 0.314491
-46.7974 0.313557

-46.7974 0.313556
-46.7412 0.312632

-46.7412 0.312631
-46.6851 0.311723

-46.6851 0.311723
-46.6289 0.310833

-46.6289 0.310832
-46.5728 0.309961

-46.5728 0.30995
-46.5166 0.309122

-46.5166 0.30913
-46.4604 0.308354

-46.4604 0.308368
-46.4043 0.307599

-46.4043 0.307585
-46.3481 0.30682

-46.3481 0.306819
-46.292 0.30609

-46.292 0.306091
-46.2358 0.305396

-46.2358 0.305395
-46.1797 0.304733

-46.1797 0.304732
-46.1235 0.304107

-46.1235 0.304107
-46.0674 0.303521

-46.0674 0.303521
-46.0112 0.302974

-46.0112 0.302974
-45.9551 0.302468

-45.9551 0.302468
-45.8989 0.302

-45.8989 0.302
-45.8428 0.301571

-45.8428 0.301571
-45.7866 0.30118

-45.7866 0.30118
-45.7305 0.300826

-45.7305 0.300826
-45.6743 0.300507

-45.6743 0.300507
-45.6182 0.300222

-45.6182 0.300222
-45.562 0.299969

-45.562 0.299969
-45.5059 0.299749

-45.5059 0.299749
-45.4497 0.299564

-45.4497 0.299563
-45.3936 0.299415

-45.3936 0.299415
-45.3374 0.299306

-45.3374 0.299306
-45.2812 0.29924

-45.2812 0.29924
-45.2251 0.299218

-45.2251 0.299218
-45.1689 0.299242

-45.1689 0.299242
-45.1128 0.299311

-45.1128 0.299311
-45.0566 0.299424

-45.0566 0.299425
-45.0005 0.29958

-45.0005 0.299581
-44.9443 0.299773

-44.9443 0.299775
-44.8882 0.299999

-44.8882 0.300001
-44.832 0.300251

-44.832 0.300253
-44.7759 0.300522

-44.7759 0.300524
-44.7197 0.300803

-44.7197 0.300805
-44.6636 0.301083

-44.6636 0.301087
-44.6074 0.301351

-44.6074 0.301355
-44.5513 0.301593

-44.5513 0.301596
-44.4951 0.301795

-44.4951 0.301798
-44.439 0.301948

-44.439 0.301949
-44.3828 0.302042

-44.3828 0.302043
-44.3267 0.302073

-44.3267 0.302074
-44.2705 0.302039

-44.2705 0.302039
-44.2144 0.301936

-44.2144 0.301935
-44.1582 0.301767

-44.1582 0.301765
-44.1021 0.301537

-44.1021 0.301534
-44.0459 0.301259

-44.0459 0.301255
-43.9897 0.300944

-43.9897 0.30094
-43.9336 0.300607

-43.9336 0.300604
-43.8774 0.300261

-43.8774 0.300258
-43.8213 0.299919

-43.8213 0.299916
-43.7651 0.299594

-43.7651 0.29959
-43.709 0.299298

-43.709 0.299295
-43.6528 0.299045

-43.6528 0.299043
-43.5967 0.298846

-43.5967 0.298844
-43.5405 0.298709

-43.5405 0.298708
-43.4844 0.298643

-43.4844 0.298642
-43.4282 0.298651

-43.4282 0.29865
-43.3721 0.298737

-43.3721 0.298737
-43.3159 0.298903

-43.3159 0.298903
-43.2598 0.299149

-43.2598 0.299149
-43.2036 0.299478

-43.2036 0.299477
-43.1475 0.299891

-43.1475 0.299889
-43.0913 0.300394

-43.0913 0.300391
-43.0352 0.300997

-43.0352 0.300994
-42.979 0.301712

-42.979 0.30171
-42.9229 0.302553

-42.9229 0.302551
-42.8667 0.303527

-42.8667 0.303526
-42.8105 0.304642

-42.8105 0.304644
-42.7544 0.305898

-42.7544 0.305893
-42.6982 0.307287

-42.6982 0.307281
-42.6421 0.308838

-42.6421 0.308862
-42.5859 0.310548

-42.5859 0.310559
-42.5298 0.312307

-42.5298 0.31231
-42.4736 0.314092

-42.4736 0.3141
-42.4175 0.315893

-42.4175 0.315902
-42.3613 0.317671

-42.3613 0.317678
-42.3052 0.319392

-42.3052 0.319396
-42.249 0.32103

-42.249 0.321032
-42.1929 0.322571

-42.1929 0.322573
-42.1367 0.324008

-42.1367 0.324009
-42.0806 0.325336

-42.0806 0.325337
-42.0244 0.326553

-42.0244 0.326553
-41.9683 0.327657

-41.9683 0.327659
-41.9121 0.328649

-41.9121 0.328652
-41.856 0.329518

-41.856 0.329526
-41.7998 0.330244

-41.7998 0.330253
-41.7437 0.330793

-41.7437 0.3308
-41.6875 0.331129

-41.6875 0.331128
-41.6313 0.331234

-41.6313 0.331225
-41.5752 0.331127

-41.5752 0.331112
-41.519 0.330857

-41.519 0.330843
-41.4629 0.330486

-41.4629 0.330478
-41.4067 0.330064

-41.4067 0.330062
-41.3506 0.329612

-41.3506 0.329616
-41.2944 0.329124

-41.2944 0.329131
-41.2383 0.328574

-41.2383 0.328584
-41.1821 0.327928

-41.1821 0.327939
-41.126 0.327145

-41.126 0.327156
-41.0698 0.326183

-41.0698 0.326189
-41.0137 0.325002

-41.0137 0.325004
-40.9575 0.323584

-40.9575 0.323578
-40.9014 0.321936

-40.9014 0.321922
-40.8452 0.320096

-40.8452 0.320076
-40.7891 0.318131

-40.7891 0.318108
-40.7329 0.316129

-40.7329 0.316108
-40.6768 0.314185

-40.6768 0.31417
-40.6206 0.312376

-40.6206 0.312369
-40.5645 0.31075

-40.5645 0.310762
-40.5083 0.309309

-40.5083 0.309344
-40.4521 0.30796

-40.4521 0.307979
-40.396 0.306558

-40.396 0.306576
-40.3398 0.305045

-40.3398 0.305073
-40.2837 0.30334

-40.2837 0.303369
-40.2275 0.301318

-40.2275 0.301339
-40.1714 0.298869

-40.1714 0.298871
-40.1152 0.295933

-40.1152 0.295915
-40.0591 0.292541

-40.0591 0.292505
-40.0029 0.288804

-40.0029 0.288774
-39.9468 0.284879

-39.9468 0.28489
-39.8906 0.280837

-39.8345 0.276676
-39.8906 0.280762

-39.8906 0.280895
-39.8888 0.280762

-39.8345 0.276757
-39.7783 0.272617

-39.7783 0.272653
-39.7222 0.268231

-39.7222 0.268206
-39.666 0.26348

-39.666 0.263421
-39.6099 0.258558

-39.6099 0.258487
-39.5537 0.253747

-39.5537 0.253674
-39.4976 0.249346

-39.4976 0.24928
-39.4414 0.245643

-39.4414 0.245674
-39.3853 0.242799

-39.3853 0.242868
-39.3291 0.240555

-39.3291 0.240587
-39.2729 0.238636

-39.2729 0.238839
-39.2168 0.236781

-39.0483 0.223208
-39.0616 0.224609

-39.0483 0.222954
-38.9922 0.216556

-39.2168 0.237435
-39.1045 0.229676

-39.1045 0.229549
-39.0548 0.224609

-38.9922 0.216615
-38.936 0.211052

-38.936 0.211206
-38.8799 0.206051

-38.8799 0.206089
-38.8237 0.200959

-38.8237 0.200995
-38.7676 0.195741

-38.7676 0.195729
-38.7114 0.190307

-38.7114 0.190264
-38.6553 0.184785

-38.6553 0.184754
-38.5991 0.179365

-38.5991 0.179378
-38.543 0.174115

-38.543 0.174245
-38.4868 0.168824

-38.4868 0.168359
-38.4307 0.163389

-38.4868 0.169001
-38.4807 0.168457

-38.4307 0.163141
-38.3745 0.160047

-38.3745 0.159861
-38.3184 0.159572

-38.3184 0.159373
-38.2622 0.162661

-38.2622 0.162616
-38.2165 0.168457

-38.2197 0.168457
-38.2061 0.170199

-38.2061 0.170279
-38.1499 0.180488

-38.1499 0.180627
-38.0938 0.192795

-38.0938 0.193111
-38.0376 0.206327

-38.0376 0.20669
-37.9814 0.219596

-37.9814 0.219643
-37.9584 0.224609

-37.9573 0.224609
-37.8691 0.243338

-37.8691 0.243353
-37.813 0.254376

-37.813 0.254137
-37.7568 0.264704

-37.7568 0.264421
-37.7007 0.275574

-37.7007 0.275427
-37.6769 0.280762

-37.6769 0.280762
-37.6445 0.288027

-37.6445 0.287861
-37.5884 0.302596

-37.5884 0.302173
-37.5322 0.320216

-37.5322 0.32014
-37.4892 0.336914

-37.491 0.336914
-37.4199 0.366748

-37.4199 0.369777
-37.3733 0.393066

-37.3752 0.393066
-37.3638 0.398792

-37.3638 0.398565
-37.3076 0.423637

-37.3076 0.423119
-37.2515 0.445149

-37.2515 0.444802
-37.2389 0.449219

-37.2392 0.449219
-37.1953 0.465674

-37.1953 0.46507
-37.1392 0.482353

-37.1392 0.482526
-37.083 0.496925

-37.083 0.496691
-37.0406 0.505371

-37.0419 0.505371
-37.0269 0.508458

-37.0269 0.508352
-36.9707 0.517094

-36.9707 0.517056
-36.9146 0.52293

-36.9146 0.522936
-36.8584 0.52601

-36.8584 0.525962
-36.8022 0.526321

-36.8022 0.526242
-36.7461 0.524142

-36.7461 0.524002
-36.6899 0.51988

-36.6899 0.519679
-36.6338 0.514214

-36.6338 0.514008
-36.5776 0.508013

-36.5215 0.501984
-36.5546 0.505371

-36.5776 0.507963
-36.5523 0.505371

-36.5215 0.501989
-36.4653 0.49707

-36.4653 0.496924
-36.4092 0.493313

-36.4092 0.493174
-36.353 0.491441

-36.353 0.491395
-36.2969 0.491913

-36.2969 0.49197
-36.2407 0.494718

-36.2407 0.494802
-36.1846 0.499499

-36.1846 0.499572
-36.1323 0.505371

-36.1367 0.505371
-36.1284 0.506288

-36.1284 0.506249
-36.0723 0.512949

-36.0723 0.51315
-36.0161 0.519123

-36.0161 0.519447
-35.96 0.523643

-35.96 0.523736
-35.9038 0.525323

-35.9038 0.525259
-35.8477 0.524179

-35.8477 0.524055
-35.7915 0.520682

-35.7915 0.5206
-35.7354 0.515345

-35.7354 0.515318
-35.6792 0.5084

-35.623 0.499892
-35.6584 0.505371

-35.6792 0.508295
-35.6603 0.505371

-35.623 0.499774
-35.5669 0.489163

-35.5669 0.488918
-35.5107 0.476911

-35.5107 0.476681
-35.4546 0.464226

-35.4546 0.464075
-35.3984 0.451935

-35.3423 0.440029
-35.3902 0.449219

-35.3423 0.440189
-35.2861 0.432776

-35.2861 0.433113
-35.23 0.42958

-35.23 0.429473
-35.1738 0.429359

-35.1738 0.429353
-35.1177 0.432885

-35.1177 0.433014
-35.0615 0.439947

-35.0615 0.440195
-35.0079 0.449219

-35.3984 0.453074
-35.3729 0.449219

-35.0123 0.449219
-34.9492 0.460337

-34.9492 0.461635
-34.8931 0.473555

-34.8931 0.473585
-34.8369 0.484867

-34.8369 0.485006
-34.7808 0.495311

-34.7808 0.495377
-34.7246 0.504293

-34.7246 0.504325
-34.7161 0.505371

-34.7181 0.505371
-34.6685 0.511474

-34.6685 0.511303
-34.6123 0.515976

-34.6123 0.515892
-34.5562 0.518779

-34.5562 0.518546
-34.5 0.520282

-34.5 38.8095
-34.8146 39.5312

-36.2969 42.8169
-36.4381 43.125

-34.8108 39.5312
-35.6123 41.3281

-36.2969 42.8161
-35.615 41.3281

-41.6875 53.914
-42.56 55.7031

-42.5583 55.7031
-43.4284 57.5

-38.0938 46.6182
-38.1418 46.7188

-39.8906 50.2962
-39.8987 50.3125

-38.1405 46.7188
-39.012 48.5156

-39.8906 50.2965
-39.0131 48.5156

-36.437 43.125
-37.28 44.9219

-38.0938 46.6175
-37.2833 44.9219

-39.9008 50.3125
-40.7932 52.1094

-40.797 52.1094
-41.6844 53.9062

-63.25 95.7074
-63.9616 97.0312

-65.0469 99.0215
-65.9184 100.625

-63.9634 97.0312
-64.9361 98.8281

-65.0469 99.021
-64.9421 98.8281

-70.4375 108.948
-70.7973 109.609

-70.793 109.609
-71.7687 111.406

-72.2344 112.233
-72.7711 113.203

-72.7693 113.203
-73.7684 115

-72.2344 112.245
-71.7705 111.406

-66.8438 102.343
-66.886 102.422

-66.8825 102.422
-67.8549 104.219

-68.6406 105.655
-68.8371 106.016

-68.8321 106.016
-69.8179 107.812

-68.6406 105.655
-67.8586 104.219

-66.8438 102.341
-65.9183 100.625

-70.4375 108.915
-69.8374 107.812

-48.875 68.6665
-49.5997 70.0781

-49.5989 70.0781
-50.5448 71.875

-56.0625 82.2237
-56.2898 82.6562

-57.8594 85.6107
-58.2003 86.25

-56.2832 82.6562
-57.2339 84.4531

-57.8594 85.605
-57.2452 84.4531

-52.4688 75.4598
-52.4735 75.4688

-54.2656 78.8248
-54.3926 79.0625

-52.4706 75.4688
-53.4303 77.2656

-54.2656 78.8224
-53.4342 77.2656

-50.6719 72.1007
-51.5124 73.6719

-52.4688 75.4591
-51.5151 73.6719

-50.6719 72.0843
-50.5599 71.875

-54.3929 79.0625
-55.3469 80.8594

-56.0625 82.2134
-55.3509 80.8594

-45.2812 61.3708
-46.0104 62.8906

-46.0067 62.8906
-46.8837 64.6875

-43.4844 57.6136
-44.2936 59.2969

-44.2914 59.2969
-45.1507 61.0938

-43.4844 57.6031
-43.4348 57.5

-45.2812 61.353
-45.1569 61.0938

-47.0781 65.0709
-47.7789 66.4844

-47.7753 66.4844
-48.6785 68.2812

-47.0781 65.0587
-46.8941 64.6875

-48.875 68.643
-48.6893 68.2812

-59.6562 88.9996
-60.1046 89.8438

-61.4531 92.3418
-62.0429 93.4375

-60.1018 89.8438
-61.0652 91.6406

-61.4531 92.3354
-61.0792 91.6406

-58.1972 86.25
-59.1526 88.0469

-59.6562 88.9765
-59.1625 88.0469

-62.0369 93.4375
-62.9989 95.2344

-63.25 95.6628
-63.0197 95.2344

-34.4903 0
-34.4438 0.0168853

-34.4438 0.020448
-34.4333 0

-34.5 0.519965
-34.4438 0.521651

-34.4438 0.52128
-34.3877 0.524292

-34.3877 0.523911
-34.3315 0.529756

-34.3315 0.529465
-34.2754 0.539485

-34.2754 0.539208
-34.2192 0.55454

-34.2192 0.554853
-34.2021 0.561523

-34.203 0.561523
-34.1631 0.574559

-34.1631 0.577401
-34.1069 0.603581

-34.1069 0.60295
-34.0772 0.617676

-34.0799 0.617676
-34.0508 0.632061

-34.0508 0.631763
-33.9946 0.660283

-33.9946 0.659918
-33.967 0.673828

-33.9691 0.673828
-33.9385 0.689021

-33.9385 0.688941
-33.8823 0.71603

-33.8823 0.71596
-33.851 0.72998

-33.8519 0.72998
-33.8262 0.741508

-33.8262 0.741276
-33.77 0.764272

-33.77 0.764454
-33.7139 0.784953

-33.7146 0.786133
-33.7139 0.786418

-33.7139 0.785822
-33.7128 0.786133

-33.7113 0.786133
-33.6577 0.802154

-33.6577 0.801905
-33.6016 0.814681

-33.6016 0.813826
-33.5454 0.824822

-33.5454 0.824848
-33.4893 0.83572

-33.4893 0.835623
-33.4542 0.842285

-33.4557 0.842285
-33.4331 0.846581

-33.4331 0.846431
-33.377 0.856793

-33.377 0.856673
-33.3208 0.866914

-33.3208 0.866847
-33.2646 0.877343

-33.2646 0.877098
-33.2085 0.888474

-33.2085 0.888316
-33.1643 0.898438

-33.1666 0.898438
-33.1523 0.901522

-33.1523 0.901613
-33.0962 0.915405

-33.0962 0.915434
-33.04 0.929428

-33.04 0.9296
-32.9839 0.943397

-32.9839 0.943258
-32.9367 0.95459

-32.9374 0.95459
-32.9277 0.956908

-32.9277 0.956865
-32.8716 0.970021

-32.8716 0.970061
-32.8154 0.982611

-32.8154 0.982838
-32.7593 0.994246

-32.7593 0.994481
-32.7031 1.00382

-32.7031 1.00394
-32.647 1.01052

-32.647 1.01013
-32.6343 1.01074

-32.6374 1.01074
-32.5908 1.01465

-32.5908 1.01256
-32.4785 1.01282

-32.4224 1.01019
-32.4416 1.01074

-32.4224 1.01047
-32.3662 1.00863

-32.4785 1.01186
-32.4415 1.01074

-32.3662 1.00861
-32.3101 1.00609

-32.3101 1.00589
-32.2539 1.00311

-32.2539 1.00283
-32.1978 1.00077

-32.1978 1.00055
-32.1416 1.0002

-32.1416 0.99993
-32.0854 1.00227

-32.0854 1.00212
-32.0293 1.00797

-32.0293 1.00803
-32.0126 1.01074

-32.0114 1.01074
-31.917 1.0285

-31.917 1.03082
-31.8608 1.04545

-31.8608 1.04528
-31.8047 1.05968

-31.8047 1.05947
-31.7759 1.06689

-31.7776 1.06689
-31.7485 1.07438

-31.7485 1.07423
-31.6924 1.08864

-31.6924 1.08869
-31.6362 1.10281

-31.6362 1.10291
-31.5801 1.11649

-31.5801 1.1165
-31.5512 1.12305

-31.5524 1.12305
-31.4678 1.14123

-31.4678 1.14085
-31.4116 1.15123

-31.4116 1.15131
-31.3555 1.1606

-31.3555 1.1606
-31.2993 1.16863

-31.2993 1.16853
-31.2432 1.1755

-31.2432 1.17532
-31.209 1.1792

-31.2101 1.1792
-31.187 1.18182

-31.187 1.1816
-31.1309 1.18794

-31.1309 1.1879
-31.0747 1.19458

-31.0747 1.19474
-31.0186 1.20152

-31.0186 1.20165
-30.9624 1.20797

-30.9624 1.20802
-30.9062 1.21349

-30.9062 1.21339
-30.8501 1.21814

-30.8501 1.21798
-30.7939 1.2225

-30.7939 1.22235
-30.7378 1.22728

-30.7378 1.22721
-30.6816 1.23297

-30.6816 1.233
-30.6613 1.23535

-30.6615 1.23535
-30.5693 1.24652

-30.5693 1.24694
-30.5132 1.25466

-30.5132 1.25452
-30.457 1.26258

-30.457 1.2627
-30.4009 1.27112

-30.4009 1.27126
-30.3447 1.27949

-30.3447 1.27957
-30.2886 1.28717

-30.2886 1.28729
-30.2517 1.2915

-30.2539 1.2915
-30.2324 1.29396

-30.2324 1.29385
-30.1763 1.29855

-30.1763 1.29842
-30.1201 1.30155

-30.1201 1.30134
-30.064 1.30359

-30.064 1.30343
-30.0078 1.30556

-30.0078 1.3055
-29.9517 1.30795

-29.9517 1.30795
-29.8955 1.31083

-29.8955 1.31084
-29.8394 1.31411

-29.8394 1.31414
-29.7832 1.31773

-29.7832 1.31778
-29.7271 1.32155

-29.7271 1.32163
-29.6709 1.32532

-29.6709 1.32545
-29.6147 1.32863

-29.6147 1.32871
-29.5586 1.33098

-29.5586 1.33099
-29.5024 1.33216

-29.5024 1.33204
-29.4463 1.33233

-29.4463 1.33211
-29.3901 1.33222

-29.3901 1.332
-29.334 1.33279

-29.334 1.33258
-29.2778 1.33492

-29.2778 1.33492
-29.2217 1.33924

-29.2217 1.33939
-29.1655 1.3454

-29.1655 1.34568
-29.1495 1.34766

-29.1515 1.34766
-29.1094 1.35226

-29.1094 1.35264
-29.0532 1.35991

-29.0532 1.35988
-28.9971 1.36742

-28.9971 1.36738
-28.9409 1.37533

-28.9409 1.37543
-28.8848 1.38368

-28.8848 1.38373
-28.8286 1.39198

-28.8286 1.39194
-28.7725 1.40019

-28.7725 1.40011
-28.7476 1.40381

-28.7484 1.40381
-28.7163 1.40858

-28.7163 1.40848
-28.6602 1.41702

-28.6602 1.41696
-28.604 1.42593

-28.604 1.42584
-28.5479 1.43555

-28.5479 1.43551
-28.4917 1.4462

-28.4917 1.44618
-28.4355 1.45796

-28.4355 1.45808
-28.4272 1.45996

-28.4268 1.45996
-28.3232 1.48378

-28.3232 1.48432
-28.2671 1.49816

-28.2671 1.49823
-28.2109 1.5118

-28.2109 1.51154
-28.1912 1.51611

-28.1935 1.51611
-28.1548 1.52505

-28.1548 1.52479
-28.0986 1.53711

-28.0986 1.53718
-28.0425 1.54888

-28.0425 1.54883
-27.9863 1.55986

-27.9863 1.55966
-27.9302 1.57054

-27.9302 1.57049
-27.9214 1.57227

-27.9212 1.57227
-27.874 1.58173

-27.874 1.58176
-27.8179 1.59364

-27.8179 1.59354
-27.7617 1.60618

-27.7617 1.60617
-27.7056 1.61978

-27.7056 1.61972
-27.6718 1.62842

-27.673 1.62842
-27.6494 1.63449

-27.6494 1.63443
-27.5933 1.64935

-27.5933 1.6494
-27.5371 1.66443

-27.5371 1.66441
-27.481 1.6795

-27.481 1.67938
-27.4622 1.68457

-27.462 1.68457
-27.4248 1.69484

-27.4248 1.69491
-27.3687 1.71118

-27.3687 1.71099
-27.3125 1.72829

-27.3125 8.3217
-27.3245 8.3667

-27.3245 8.3667
-27.3391 8.42285

-27.339 8.42285
-27.3532 8.479

-27.3532 8.479
-27.3672 8.53516

-27.3687 8.54142
-27.3808 8.59131

-27.3808 8.59131
-27.3943 8.64746

-27.3687 8.54141
-27.3671 8.53516

-27.3943 8.64746
-27.4075 8.70361

-27.4075 8.70361
-27.4205 8.75977

-27.4248 8.77809
-27.446 8.87207

-27.4459 8.87207
-27.4581 8.92822

-27.4581 8.92822
-27.47 8.98438

-27.4248 8.7784
-27.4206 8.75977

-27.5371 9.35095
-27.5494 9.43359

-27.481 9.03803
-27.4815 9.04053

-27.4815 9.04053
-27.4926 9.09668

-27.481 9.03803
-27.47 8.98438

-27.4926 9.09668
-27.5033 9.15283

-27.5032 9.15283
-27.5135 9.20898

-27.5135 9.20898
-27.5233 9.26514

-27.5233 9.26514
-27.5325 9.32129

-27.5371 9.35117
-27.5325 9.32129

-27.5493 9.43359
-27.5568 9.48975

-27.5568 9.48975
-27.5636 9.5459

-27.5636 9.5459
-27.5698 9.60205

-27.5699 9.60205
-27.5755 9.6582

-27.5754 9.6582
-27.5805 9.71436

-27.5805 9.71436
-27.5852 9.77051

-27.5933 9.87781
-27.5936 9.88281

-27.5851 9.77051
-27.5895 9.82666

-27.5933 9.87751
-27.5895 9.82666

-27.5936 9.88281
-27.5976 9.93896

-27.5976 9.93896
-27.6016 9.99512

-27.6016 9.99512
-27.6055 10.0513

-27.6055 10.0513
-27.6095 10.1074

-27.6095 10.1074
-27.6134 10.1636

-27.6134 10.1636
-27.6173 10.2197

-27.6173 10.2197
-27.6212 10.2759

-27.6212 10.2759
-27.625 10.332

-27.625 10.332
-27.6289 10.3882

-27.6289 10.3882
-27.6327 10.4443

-27.6327 10.4443
-27.6364 10.5005

-27.6364 10.5005
-27.64 10.5566

-27.6494 10.7179
-27.6527 10.7812

-27.64 10.5566
-27.6435 10.6128

-27.6435 10.6128
-27.6468 10.6689

-27.6494 10.7173
-27.6468 10.6689

-27.6527 10.7812
-27.6577 10.8936

-27.6575 10.8936
-27.662 11.0059

-27.6619 11.0059
-27.6642 11.062

-27.6642 11.062
-27.6667 11.1182

-27.6666 11.1182
-27.6693 11.1743

-27.6693 11.1743
-27.6723 11.2305

-27.6723 11.2305
-27.6756 11.2866

-27.6756 11.2866
-27.6793 11.3428

-27.6793 11.3428
-27.6832 11.3989

-27.6832 11.3989
-27.6874 11.4551

-27.6874 11.4551
-27.6918 11.5112

-27.6918 11.5112
-27.6963 11.5674

-27.7056 11.6769
-27.7058 11.6797

-27.6963 11.5674
-27.701 11.6235

-27.7056 11.677
-27.701 11.6235

-27.7617 12.2876
-27.7677 12.3535

-27.7677 12.3535
-27.778 12.4658

-27.778 12.4658
-27.7832 12.522

-27.7832 12.522
-27.7886 12.5781

-27.7058 11.6797
-27.7107 11.7358

-27.7107 11.7358
-27.7158 11.792

-27.7158 11.792
-27.7209 11.8481

-27.7209 11.8481
-27.7261 11.9043

-27.7261 11.9043
-27.7314 11.9604

-27.7314 11.9604
-27.7367 12.0166

-27.7367 12.0166
-27.742 12.0728

-27.742 12.0728
-27.7472 12.1289

-27.7472 12.1289
-27.7524 12.1851

-27.7524 12.1851
-27.7575 12.2412

-27.7617 12.2874
-27.7575 12.2412

-27.7885 12.5781
-27.7939 12.6343

-27.7939 12.6343
-27.7994 12.6904

-27.7994 12.6904
-27.8051 12.7466

-27.8051 12.7466
-27.8108 12.8027

-27.8179 12.8688
-27.823 12.915

-27.8108 12.8027
-27.8168 12.8589

-27.8179 12.8687
-27.8168 12.8589

-27.8229 12.915
-27.8294 12.9712

-27.8294 12.9712
-27.8362 13.0273

-27.8362 13.0273
-27.8432 13.0835

-27.8432 13.0835
-27.8506 13.1396

-27.8507 13.1396
-27.8584 13.1958

-27.8584 13.1958
-27.8664 13.252

-27.874 13.3039
-27.8829 13.3643

-27.883 13.3643
-27.8914 13.4204

-27.8914 13.4204
-27.8999 13.4766

-27.874 13.3043
-27.8664 13.252

-27.8999 13.4766
-27.9085 13.5327

-27.9085 13.5327
-27.917 13.5889

-27.9302 13.6753
-27.9341 13.7012

-27.917 13.5889
-27.9256 13.645

-27.9302 13.6753
-27.9256 13.645

-27.9341 13.7012
-27.9427 13.7573

-27.9427 13.7573
-27.9512 13.8135

-27.9512 13.8135
-27.9598 13.8696

-27.9598 13.8696
-27.9683 13.9258

-27.9863 14.0438
-28.0027 14.1504

-28.0027 14.1504
-28.0113 14.2065

-28.0113 14.2065
-28.02 14.2627

-28.02 14.2627
-28.0288 14.3188

-28.0288 14.3188
-28.0376 14.375

-27.9683 13.9258
-27.9769 13.9819

-27.9769 13.9819
-27.9855 14.0381

-27.9863 14.0437
-27.9855 14.0381

-27.3125 1.72825
-27.2751 1.74072

-27.2754 1.74072
-27.2563 1.74707

-27.2563 1.74711
-27.2002 1.76713

-27.2002 1.76707
-27.144 1.78833

-27.144 1.78843
-27.1231 1.79688

-27.1233 1.79688
-27.0879 1.81067

-27.0879 1.81123
-27.0317 1.83478

-27.0317 1.8346
-26.9889 1.85303

-26.9897 1.85303
-26.9756 1.85907

-26.9756 1.85897
-26.9194 1.88357

-26.9194 1.88339
-26.8633 1.90849

-26.8633 1.90845
-26.8617 1.90918

-26.8619 1.90918
-26.8071 1.93442

-26.8071 1.93424
-26.751 1.96123

-26.751 1.96123
-26.7428 1.96533

-26.7432 1.96533
-26.6948 1.98949

-26.6948 1.98963
-26.6387 2.01805

-26.6387 2.01797
-26.6315 2.02148

-26.6327 2.02148
-26.5825 2.04612

-26.5825 2.04576
-26.5264 2.07217

-26.5264 2.0719
-26.514 2.07764

-26.5146 2.07764
-26.4702 2.09813

-26.4702 2.09771
-26.4141 2.12403

-26.4141 2.12387
-26.3943 2.13379

-26.3936 2.13379
-26.3579 2.15169

-26.3579 2.15178
-26.3018 2.18254

-26.3018 2.18311
-26.2901 2.18994

-26.2895 2.18994
-26.2456 2.21563

-26.2456 2.21577
-26.1961 2.24609

-26.1962 2.24609
-26.1895 2.25009

-26.1895 2.25029
-26.1333 2.28571

-26.1333 2.28561
-26.1077 2.30225

-26.1076 2.30225
-26.0771 2.32201

-26.0771 2.32209
-26.0229 2.3584

-26.0226 2.3584
-25.9648 2.39837

-25.9648 2.3995
-25.9446 2.41455

-25.944 2.41455
-25.9087 2.44081

-25.9087 2.44073
-25.8705 2.4707

-25.8698 2.4707
-25.8525 2.48398

-25.8525 2.48491
-25.8022 2.52686

-25.8021 2.52686
-25.7964 2.53164

-25.7964 2.5316
-25.7402 2.58055

-25.7402 2.58073
-25.7378 2.58301

-25.7374 2.58301
-25.6841 2.63188

-25.6841 2.63206
-25.6766 2.63916

-25.677 2.63916
-25.6279 2.68553

-25.6279 2.68543
-25.6174 2.69531

-25.6179 2.69531
-25.5718 2.73868

-25.5718 2.73837
-25.5573 2.75146

-25.5585 2.75146
-25.5156 2.79011

-25.5156 2.7896
-25.4947 2.80762

-25.4942 2.80762
-25.4595 2.83751

-25.4595 2.83738
-25.4283 2.86377

-25.4281 2.86377
-25.4033 2.88474

-25.4033 2.88468
-25.3621 2.91992

-25.362 2.91992
-25.3472 2.93264

-25.3472 2.93261
-25.2973 2.97607

-25.2971 2.97607
-25.291 2.98139

-25.291 2.98142
-25.2349 3.03158

-25.2349 3.0316
-25.2342 3.03223

-25.2338 3.03223
-25.1787 3.08345

-25.1787 3.08439
-25.1747 3.08838

-25.1734 3.08838
-25.1226 3.13834

-25.1226 3.13814
-25.1161 3.14453

-25.1161 3.14453
-25.0664 3.1978

-25.0664 3.19783
-25.0637 3.20068

-25.0637 3.20068
-25.0161 3.25684

-25.0161 3.25684
-25.0103 3.26451

-25.0103 3.2645
-24.9734 3.31299

-24.9734 3.31299
-24.9541 3.34178

-24.9541 3.34166
-24.9356 3.36914

-24.9358 3.36914
-24.9028 3.42529

-24.9037 3.42529
-24.8979 3.43645

-24.8979 3.4345
-24.8738 3.48145

-24.8729 3.48145
-24.8418 3.55874

-24.8418 3.5588
-24.8291 3.59375

-25.6279 5.33492
-25.679 5.39062

-25.5718 5.27591
-25.5741 5.27832

-25.5156 5.21816
-25.5196 5.22217

-25.5718 5.27581
-25.5195 5.22217

-25.5741 5.27832
-25.6273 5.33447

-25.6279 5.33508
-25.6274 5.33447

-26.8633 7.16963
-26.8726 7.1875

-26.4141 6.33803
-26.4534 6.40137

-26.4702 6.43059
-26.4862 6.45752

-26.4863 6.45752
-26.5186 6.51367

-26.4702 6.43029
-26.4531 6.40137

-26.5264 6.52773
-26.5498 6.56982

-26.5499 6.56982
-26.5799 6.62598

-26.5825 6.63137
-26.6087 6.68213

-26.6086 6.68213
-26.6371 6.73828

-26.5825 6.63128
-26.5798 6.62598

-26.5264 6.52772
-26.5186 6.51367

-26.751 6.9579
-26.7536 6.96289

-26.6387 6.7418
-26.6654 6.79443

-26.6653 6.79443
-26.6942 6.85059

-26.6948 6.85177
-26.7236 6.90674

-26.751 6.95797
-26.7236 6.90674

-26.6948 6.85194
-26.6941 6.85059

-26.8071 7.06239
-26.814 7.0752

-26.7537 6.96289
-26.7839 7.01904

-26.8071 7.06235
-26.784 7.01904

-26.814 7.0752
-26.8435 7.13135

-26.8633 7.16957
-26.8436 7.13135

-26.6387 6.74161
-26.637 6.73828

-26.0771 5.83852
-26.0783 5.83984

-25.9648 5.71295
-25.9779 5.72754

-26.021 5.77539
-26.0284 5.78369

-26.0771 5.83956
-26.0294 5.78369

-26.021 5.77515
-25.9782 5.72754

-26.1895 5.99464
-26.1987 6.0083

-26.1992 6.0083
-26.2361 6.06445

-26.3018 6.16493
-26.3095 6.17676

-26.3579 6.24989
-26.3833 6.28906

-26.3097 6.17676
-26.3467 6.23291

-26.3579 6.2499
-26.3469 6.23291

-26.2456 6.07939
-26.2725 6.12061

-26.3018 6.16502
-26.2725 6.12061

-26.2456 6.07965
-26.2357 6.06445

-26.1333 5.91223
-26.1621 5.95215

-26.0774 5.83984
-26.1216 5.896

-26.1333 5.91227
-26.1216 5.896

-26.1895 5.99327
-26.1617 5.95215

-25.8525 5.5878
-25.8768 5.61523

-25.7402 5.45997
-25.7786 5.50293

-25.7964 5.52375
-25.8274 5.55908

-25.8525 5.58773
-25.8272 5.55908

-25.7964 5.52365
-25.7782 5.50293

-25.9087 5.65074
-25.9272 5.67139

-25.9648 5.71309
-25.9272 5.67139

-25.9087 5.65086
-25.8768 5.61523

-25.6841 5.39679
-25.7287 5.44678

-25.7402 5.45973
-25.7288 5.44678

-25.6841 5.39645
-25.6789 5.39062

-26.4141 6.33785
-26.3833 6.28906

-24.8293 3.59375
-24.8125 3.6499

-24.8127 3.6499
-24.7991 3.70605

-24.7993 3.70605
-24.7884 3.76221

-24.7884 3.76221
-24.7856 3.78042

-24.7856 3.78001
-24.7798 3.81836

-24.7799 3.81836
-24.7734 3.87451

-24.7734 3.87451
-24.7687 3.93066

-24.7688 3.93066
-24.7658 3.98682

-24.7658 3.98682
-24.7644 4.04297

-24.8418 4.44916
-24.8623 4.49219

-24.7643 4.04297
-24.7647 4.09912

-24.7648 4.09912
-24.7671 4.15527

-24.7666 4.15527
-24.7714 4.21143

-24.7716 4.21143
-24.7799 4.26758

-24.7856 4.29575
-24.7919 4.32373

-24.7918 4.32373
-24.8098 4.37988

-24.7856 4.2957
-24.7794 4.26758

-24.8098 4.37988
-24.8336 4.43604

-24.8418 4.45148
-24.8336 4.43604

-25.2349 4.93909
-25.2372 4.94141

-25.1787 4.88227
-25.1816 4.88525

-25.2349 4.93888
-25.1814 4.88525

-25.1226 4.8251
-25.1263 4.8291

-25.0664 4.76376
-25.0743 4.77295

-25.1226 4.82511
-25.0745 4.77295

-25.1787 4.88289
-25.1265 4.8291

-25.4595 5.16251
-25.463 5.16602

-25.4033 5.1064
-25.4068 5.10986

-25.4595 5.16244
-25.4067 5.10986

-25.3472 5.05035
-25.3505 5.05371

-25.291 4.99453
-25.2941 4.99756

-25.3472 5.05017
-25.2943 4.99756

-25.4033 5.10666
-25.3503 5.05371

-25.5156 5.21862
-25.4631 5.16602

-25.291 4.99467
-25.2374 4.94141

-25.0103 4.6968
-25.0263 4.7168

-24.9541 4.62453
-24.9814 4.66064

-25.0103 4.69679
-24.9813 4.66064

-24.8979 4.54566
-24.8996 4.54834

-24.8992 4.54834
-24.9384 4.60449

-24.8979 4.54634
-24.8641 4.49219

-24.9541 4.62466
-24.9388 4.60449

-25.0664 4.76372
-25.0261 4.7168

-26.9756 7.39841
-26.9822 7.41211

-26.9194 7.28156
-26.9284 7.2998

-26.8725 7.1875
-26.9007 7.24365

-26.9194 7.28152
-26.9008 7.24365

-26.9283 7.2998
-26.9554 7.35596

-26.9756 7.39837
-26.9554 7.35596

-27.0317 7.51839
-27.0345 7.52441

-26.9821 7.41211
-27.0085 7.46826

-27.0317 7.51838
-27.0086 7.46826

-27.0345 7.52441
-27.06 7.58057

-27.0601 7.58057
-27.0847 7.63672

-27.0879 7.6444
-27.1083 7.69287

-27.1084 7.69287
-27.1308 7.74902

-27.144 7.78415
-27.152 7.80518

-27.1521 7.80518
-27.1723 7.86133

-27.144 7.78416
-27.1307 7.74902

-27.2002 7.94411
-27.2102 7.97363

-27.21 7.97363
-27.2279 8.02979

-27.2279 8.02979
-27.2452 8.08594

-27.1722 7.86133
-27.1915 7.91748

-27.2002 7.94381
-27.1915 7.91748

-27.0879 7.64433
-27.0847 7.63672

-27.2563 8.12338
-27.2619 8.14209

-27.262 8.14209
-27.2783 8.19824

-27.2563 8.12338
-27.2452 8.08594

-27.2783 8.19824
-27.2941 8.25439

-27.2941 8.25439
-27.3095 8.31055

-27.3125 8.32165
-27.3095 8.31055

-28.2109 15.6864
-28.2148 15.7227

-28.2148 15.7227
-28.2268 15.835

-28.2268 15.835
-28.2328 15.8911

-28.2328 15.8911
-28.2388 15.9473

-28.2388 15.9473
-28.2447 16.0034

-28.2447 16.0034
-28.2506 16.0596

-28.2506 16.0596
-28.2565 16.1157

-28.2565 16.1157
-28.2622 16.1719

-28.0425 14.4056
-28.0465 14.4312

-28.0465 14.4312
-28.0554 14.4873

-28.0425 14.4056
-28.0376 14.375

-28.0555 14.4873
-28.0643 14.5435

-28.0644 14.5435
-28.0732 14.5996

-28.0986 14.7677
-28.1069 14.8242

-28.0732 14.5996
-28.0819 14.6558

-28.0819 14.6558
-28.0904 14.7119

-28.0986 14.7674
-28.0904 14.7119

-28.1068 14.8242
-28.1148 14.8804

-28.1148 14.8804
-28.1226 14.9365

-28.1226 14.9365
-28.1302 14.9927

-28.1302 14.9927
-28.1377 15.0488

-28.1378 15.0488
-28.1451 15.105

-28.1451 15.105
-28.1523 15.1611

-28.1548 15.1815
-28.1592 15.2173

-28.1592 15.2173
-28.1659 15.2734

-28.1548 15.1815
-28.1523 15.1611

-28.1659 15.2734
-28.1724 15.3296

-28.1724 15.3296
-28.1787 15.3857

-28.1787 15.3857
-28.1848 15.4419

-28.1848 15.4419
-28.1909 15.498

-28.1909 15.498
-28.1969 15.5542

-28.1969 15.5542
-28.2029 15.6104

-28.2029 15.6104
-28.2088 15.6665

-28.2109 15.6863
-28.2088 15.6665

-28.2671 16.221
-28.2678 16.228

-28.2678 16.228
-28.2732 16.2842

-28.2671 16.221
-28.2622 16.1719

-28.2732 16.2842
-28.2784 16.3403

-28.2784 16.3403
-28.2834 16.3965

-28.2834 16.3965
-28.2879 16.4526

-28.2879 16.4526
-28.2921 16.5088

-28.2921 16.5088
-28.2959 16.5649

-28.2959 16.5649
-28.2992 16.6211

-28.2992 16.6211
-28.3021 16.6772

-28.3021 16.6772
-28.3047 16.7334

-28.3047 16.7334
-28.307 16.7896

-28.307 16.7896
-28.3091 16.8457

-28.309 16.8457
-28.3109 16.9019

-28.3109 16.9019
-28.3125 16.958

-28.3125 16.958
-28.314 17.0142

-28.314 17.0142
-28.3154 17.0703

-28.3154 17.0703
-28.3167 17.1265

-28.3167 17.1265
-28.3181 17.1826

-28.3181 17.1826
-28.3194 17.2388

-28.3194 17.2388
-28.3208 17.2949

-28.3232 17.3944
-28.3236 17.4072

-28.3236 17.4072
-28.3263 17.5195

-28.3208 17.2949
-28.3222 17.3511

-28.3232 17.3945
-28.3222 17.3511

-28.3263 17.5195
-28.329 17.6318

-28.329 17.6318
-28.3317 17.7441

-28.3317 17.7441
-28.3342 17.8564

-28.3342 17.8564
-28.3354 17.9126

-28.3355 17.9126
-28.3366 17.9688

-28.3366 17.9688
-28.3377 18.0249

-28.3377 18.0249
-28.3387 18.0811

-28.3387 18.0811
-28.3398 18.1372

-28.3398 18.1372
-28.3411 18.1934

-28.341 18.1934
-28.3424 18.2495

-28.3424 18.2495
-28.344 18.3057

-28.344 18.3057
-28.3458 18.3618

-28.3458 18.3618
-28.348 18.418

-28.348 18.418
-28.3504 18.4741

-28.3504 18.4741
-28.353 18.5303

-28.353 18.5303
-28.3558 18.5864

-28.3558 18.5864
-28.3587 18.6426

-28.3587 18.6426
-28.3617 18.6987

-28.3617 18.6987
-28.3647 18.7549

-28.3647 18.7549
-28.3678 18.811

-28.3678 18.811
-28.3708 18.8672

-28.3708 18.8672
-28.3739 18.9233

-28.3739 18.9233
-28.377 18.9795

-28.3794 19.0226
-28.3801 19.0356

-28.3801 19.0356
-28.3832 19.0918

-28.3794 19.0227
-28.377 18.9795

-28.3832 19.0918
-28.3863 19.1479

-28.3863 19.1479
-28.3893 19.2041

-28.3893 19.2041
-28.3923 19.2603

-28.3923 19.2603
-28.3952 19.3164

-28.3951 19.3164
-28.398 19.3726

-28.398 19.3726
-28.4008 19.4287

-28.4008 19.4287
-28.4036 19.4849

-28.4036 19.4849
-28.4064 19.541

-28.4064 19.541
-28.4092 19.5972

-28.4092 19.5972
-28.412 19.6533

-28.412 19.6533
-28.4149 19.7095

-28.4149 19.7095
-28.4179 19.7656

-28.4355 20.0795
-28.4369 20.1025

-28.4369 20.1025
-28.4439 20.2148

-28.4179 19.7656
-28.4209 19.8218

-28.4209 19.8218
-28.4239 19.8779

-28.4239 19.8779
-28.4271 19.9341

-28.4271 19.9341
-28.4303 19.9902

-28.4303 19.9902
-28.4336 20.0464

-28.4355 20.0797
-28.4336 20.0464

-28.4439 20.2148
-28.4476 20.271

-28.4476 20.271
-28.4513 20.3271

-28.4513 20.3271
-28.4551 20.3833

-28.4551 20.3833
-28.459 20.4395

-28.459 20.4395
-28.463 20.4956

-28.463 20.4956
-28.4672 20.5518

-28.4672 20.5518
-28.4715 20.6079

-28.4715 20.6079
-28.476 20.6641

-28.476 20.6641
-28.4807 20.7202

-28.4807 20.7202
-28.4856 20.7764

-28.4917 20.843
-28.496 20.8887

-28.4856 20.7764
-28.4907 20.8325

-28.4917 20.843
-28.4907 20.8325

-28.496 20.8887
-28.5016 20.9448

-28.5016 20.9448
-28.5073 21.001

-28.5073 21.001
-28.5134 21.0571

-28.5134 21.0571
-28.5196 21.1133

-28.5196 21.1133
-28.5262 21.1694

-28.5262 21.1694
-28.5329 21.2256

-28.5329 21.2256
-28.54 21.2817

-28.54 21.2817
-28.5472 21.3379

-28.5479 21.3429
-28.5622 21.4502

-28.5623 21.4502
-28.5701 21.5063

-28.5701 21.5063
-28.578 21.5625

-28.5479 21.3428
-28.5472 21.3379

-29.1094 23.9942
-29.119 24.0332

-29.119 24.0332
-29.1329 24.0894

-29.1329 24.0894
-29.147 24.1455

-29.1655 24.2194
-29.1753 24.2578

-29.1469 24.1455
-29.161 24.2017

-29.1655 24.2194
-29.161 24.2017

-29.2217 24.4383
-29.2331 24.4824

-29.1753 24.2578
-29.1896 24.314

-29.1896 24.314
-29.204 24.3701

-29.204 24.3701
-29.2185 24.4263

-29.2217 24.4383
-29.2185 24.4263

-29.2331 24.4824
-29.2479 24.5386

-29.2479 24.5386
-29.2628 24.5947

-29.2779 24.6509
-29.293 24.707

-29.2778 24.6508
-29.2628 24.5947

-29.334 24.8567
-29.3545 24.9316

-29.3545 24.9316
-29.37 24.9878

-29.37 24.9878
-29.3855 25.0439

-29.3901 25.0608
-29.401 25.1001

-29.401 25.1001
-29.4167 25.1562

-29.3901 25.0607
-29.3855 25.0439

-29.293 24.707
-29.3083 24.7632

-29.3083 24.7632
-29.3237 24.8193

-29.334 24.8568
-29.3237 24.8193

-28.6602 22.0869
-28.6669 22.124

-28.6671 22.124
-28.678 22.1802

-28.678 22.1802
-28.6894 22.2363

-28.6894 22.2363
-28.7012 22.2925

-28.7012 22.2925
-28.7133 22.3486

-28.7163 22.3623
-28.7256 22.4048

-28.7256 22.4048
-28.7382 22.4609

-28.7163 22.3623
-28.7133 22.3486

-28.578 21.5625
-28.5861 21.6187

-28.5861 21.6187
-28.5942 21.6748

-28.604 21.7422
-28.6107 21.7871

-28.5941 21.6748
-28.6023 21.731

-28.604 21.7422
-28.6023 21.731

-28.6106 21.7871
-28.6192 21.8433

-28.6191 21.8433
-28.6279 21.8994

-28.6279 21.8994
-28.637 21.9556

-28.637 21.9556
-28.6466 22.0117

-28.6465 22.0117
-28.6565 22.0679

-28.6602 22.0872
-28.6565 22.0679

-28.7725 22.6112
-28.7895 22.6855

-28.7382 22.4609
-28.7509 22.5171

-28.7509 22.5171
-28.7637 22.5732

-28.7725 22.6113
-28.7637 22.5732

-28.7895 22.6855
-28.8024 22.7417

-28.8025 22.7417
-28.8153 22.7979

-28.8286 22.8561
-28.8409 22.9102

-28.8153 22.7979
-28.8281 22.854

-28.8286 22.8561
-28.8281 22.854

-28.8848 23.1048
-28.8916 23.1348

-28.8915 23.1348
-28.9045 23.1909

-28.9045 23.1909
-28.9176 23.2471

-28.9409 23.3431
-28.9449 23.3594

-28.9176 23.2471
-28.931 23.3032

-28.9409 23.3431
-28.9311 23.3032

-28.8409 22.9102
-28.8535 22.9663

-28.8535 22.9663
-28.8662 23.0225

-28.8662 23.0225
-28.8788 23.0786

-28.8848 23.1047
-28.8788 23.0786

-28.9971 23.5579
-29.004 23.584

-28.945 23.3594
-28.9592 23.4155

-28.9592 23.4155
-28.9739 23.4717

-28.9739 23.4717
-28.9889 23.5278

-28.9971 23.5581
-28.9889 23.5278

-29.0041 23.584
-29.0192 23.6401

-29.0192 23.6401
-29.0341 23.6963

-29.0532 23.7698
-29.0632 23.8086

-29.0341 23.6963
-29.0488 23.7524

-29.0532 23.7698
-29.0488 23.7524

-29.0632 23.8086
-29.0773 23.8647

-29.0773 23.8647
-29.0913 23.9209

-29.0913 23.9209
-29.1052 23.9771

-29.1094 23.9942
-29.1051 23.9771

-29.5586 25.6484
-29.5792 25.7178

-29.5793 25.7178
-29.5961 25.7739

-29.5961 25.7739
-29.6131 25.8301

-29.6709 26.0185
-29.6821 26.0547

-29.6147 25.8354
-29.6302 25.8862

-29.6302 25.8862
-29.6474 25.9424

-29.6147 25.8354
-29.6131 25.8301

-29.6474 25.9424
-29.6647 25.9985

-29.6709 26.0185
-29.6647 25.9985

-29.4463 25.2614
-29.4483 25.2686

-29.4483 25.2686
-29.4643 25.3247

-29.4643 25.3247
-29.4804 25.3809

-29.4167 25.1562
-29.4324 25.2124

-29.4463 25.2614
-29.4324 25.2124

-29.5024 25.4571
-29.5129 25.4932

-29.4804 25.3809
-29.4966 25.437

-29.5024 25.4571
-29.4966 25.437

-29.5129 25.4932
-29.5293 25.5493

-29.5293 25.5493
-29.5459 25.6055

-29.5586 25.6484
-29.5459 25.6055

-29.7832 26.3803
-29.7867 26.3916

-29.7867 26.3916
-29.8042 26.4478

-29.8042 26.4478
-29.8219 26.5039

-29.6821 26.0547
-29.6995 26.1108

-29.6995 26.1108
-29.717 26.167

-29.7271 26.1995
-29.7344 26.2231

-29.7344 26.2231
-29.7518 26.2793

-29.7271 26.1995
-29.717 26.167

-29.7518 26.2793
-29.7693 26.3354

-29.7832 26.3803
-29.7693 26.3354

-29.8394 26.5594
-29.8396 26.5601

-29.8396 26.5601
-29.8574 26.6162

-29.8394 26.5594
-29.8219 26.5039

-29.8574 26.6162
-29.8753 26.6724

-29.8753 26.6724
-29.8933 26.7285

-29.8955 26.7354
-29.9113 26.7847

-29.9113 26.7847
-29.9294 26.8408

-29.9517 26.9096
-29.9658 26.9531

-29.9294 26.8408
-29.9476 26.897

-29.9517 26.9096
-29.9476 26.897

-29.8955 26.7355
-29.8933 26.7285

-30.0078 27.0821
-30.0207 27.1216

-30.0207 27.1216
-30.039 27.1777

-30.064 27.2539
-30.0758 27.29

-30.0391 27.1777
-30.0574 27.2339

-30.064 27.2539
-30.0574 27.2339

-30.0758 27.29
-30.094 27.3462

-30.094 27.3462
-30.1123 27.4023

-30.2324 27.7713
-30.2588 27.8516

-30.1201 27.4265
-30.1487 27.5146

-30.1763 27.5996
-30.1852 27.627

-30.1487 27.5146
-30.1669 27.5708

-30.1763 27.5996
-30.1669 27.5708

-30.1201 27.4265
-30.1123 27.4023

-30.1852 27.627
-30.2035 27.6831

-30.2035 27.6831
-30.2219 27.7393

-30.2324 27.7713
-30.2219 27.7393

-30.457 28.4481
-30.483 28.5254

-30.5132 28.6151
-30.5208 28.6377

-30.483 28.5254
-30.5019 28.5815

-30.5132 28.6151
-30.5019 28.5815

-30.5208 28.6377
-30.5397 28.6938

-30.5397 28.6938
-30.5587 28.75

-30.2886 27.9417
-30.2959 27.9639

-30.2588 27.8516
-30.2774 27.9077

-30.2886 27.9417
-30.2774 27.9077

-30.2959 27.9639
-30.3145 28.02

-30.3145 28.02
-30.3331 28.0762

-30.3447 28.1112
-30.3704 28.1885

-30.4009 28.2801
-30.4078 28.3008

-30.3704 28.1885
-30.3891 28.2446

-30.4009 28.2801
-30.3891 28.2446

-30.3447 28.1112
-30.3331 28.0762

-30.4078 28.3008
-30.4265 28.3569

-30.4265 28.3569
-30.4453 28.4131

-30.457 28.4481
-30.4453 28.4131

-29.9658 26.9531
-29.984 27.0093

-29.984 27.0093
-30.0023 27.0654

-30.0078 27.0822
-30.0023 27.0654

-30.9062 29.7591
-30.9068 29.7607

-30.9068 29.7607
-30.9265 29.8169

-30.9265 29.8169
-30.9463 29.873

-31.0186 30.0773
-31.0258 30.0977

-30.9624 29.9187
-30.9661 29.9292

-30.9661 29.9292
-30.9859 29.9854

-30.9624 29.9187
-30.9463 29.873

-30.986 29.9854
-31.0058 30.0415

-31.0186 30.0773
-31.0058 30.0415

-31.1309 30.3937
-31.1454 30.4346

-31.1454 30.4346
-31.1653 30.4907

-31.1653 30.4907
-31.1852 30.5469

-31.0258 30.0977
-31.0457 30.1538

-31.0457 30.1538
-31.0656 30.21

-31.0747 30.2355
-31.0856 30.2661

-31.0856 30.2661
-31.1055 30.3223

-31.0747 30.2355
-31.0656 30.21

-31.1055 30.3223
-31.1254 30.3784

-31.1309 30.3937
-31.1254 30.3784

-31.8047 32.2295
-31.8054 32.2314

-31.8054 32.2314
-31.8267 32.2876

-31.8267 32.2876
-31.848 32.3438

-31.3555 31.0225
-31.3663 31.0522

-31.3663 31.0522
-31.387 31.1084

-31.4116 31.1751
-31.4285 31.2207

-31.387 31.1084
-31.4077 31.1646

-31.4116 31.1751
-31.4077 31.1646

-31.4678 31.3271
-31.47 31.333

-31.47 31.333
-31.4906 31.3892

-31.4907 31.3892
-31.5113 31.4453

-31.4285 31.2207
-31.4492 31.2769

-31.4678 31.327
-31.4492 31.2769

-31.2432 30.7099
-31.2651 30.7715

-31.187 30.5519
-31.2052 30.603

-31.2052 30.603
-31.2251 30.6592

-31.187 30.5519
-31.1852 30.5469

-31.2432 30.7099
-31.2251 30.6592

-31.2993 30.8673
-31.3052 30.8838

-31.2651 30.7715
-31.2851 30.8276

-31.2993 30.8673
-31.2851 30.8276

-31.3052 30.8838
-31.3255 30.9399

-31.3254 30.9399
-31.3458 30.9961

-31.3555 31.0225
-31.3458 30.9961

-31.5801 31.6321
-31.5941 31.6699

-31.5941 31.6699
-31.615 31.7261

-31.615 31.7261
-31.6359 31.7822

-31.6362 31.783
-31.657 31.8384

-31.657 31.8384
-31.6781 31.8945

-31.6362 31.783
-31.6359 31.7822

-31.5239 31.4797
-31.5319 31.5015

-31.5319 31.5015
-31.5526 31.5576

-31.5239 31.4797
-31.5113 31.4453

-31.5526 31.5576
-31.5733 31.6138

-31.5801 31.6321
-31.5733 31.6138

-31.6924 31.9323
-31.7205 32.0068

-31.7485 32.0809
-31.763 32.1191

-31.7205 32.0068
-31.7417 32.063

-31.7485 32.0809
-31.7417 32.063

-31.6924 31.9323
-31.6781 31.8945

-31.763 32.1191
-31.7842 32.1753

-31.8047 32.2294
-31.7842 32.1753

-32.7031 34.5594
-32.8948 35.0391

-32.8938 35.0391
-33.264 35.9375

-31.917 32.5254
-31.9333 32.5684

-31.8608 32.3777
-31.8693 32.3999

-31.8693 32.3999
-31.8906 32.4561

-31.8608 32.3777
-31.848 32.3438

-31.8906 32.4561
-31.912 32.5122

-31.917 32.5254
-31.912 32.5122

-31.9731 32.6732
-31.976 32.6807

-31.9333 32.5684
-31.9546 32.6245

-31.9731 32.6732
-31.9547 32.6245

-31.976 32.6807
-31.9973 32.7368

-31.9973 32.7368
-32.0186 32.793

-32.0293 32.8212
-32.0399 32.8491

-32.0399 32.8491
-32.0611 32.9053

-32.0854 32.9698
-32.1035 33.0176

-32.0611 32.9053
-32.0823 32.9614

-32.0854 32.9698
-32.0823 32.9614

-32.1416 33.1189
-32.1457 33.1299

-32.1457 33.1299
-32.188 33.2422

-32.1035 33.0176
-32.1246 33.0737

-32.1416 33.1189
-32.1246 33.0737

-32.0293 32.8212
-32.0186 32.793

-32.2539 33.4155
-32.2734 33.4668

-32.2735 33.4668
-32.3602 33.6914

-32.3598 33.6914
-32.5357 34.1406

-32.2539 33.4156
-32.1878 33.2422

-32.7031 34.5609
-32.5352 34.1406

-30.6816 29.1081
-30.6938 29.1431

-30.6938 29.1431
-30.7132 29.1992

-30.5693 28.7816
-30.5968 28.8623

-30.6255 28.946
-30.6353 28.9746

-30.5968 28.8623
-30.616 28.9185

-30.6255 28.946
-30.616 28.9185

-30.5693 28.7815
-30.5587 28.75

-30.6353 28.9746
-30.6548 29.0308

-30.6548 29.0308
-30.6743 29.0869

-30.6816 29.1082
-30.6743 29.0869

-30.7378 29.2706
-30.7519 29.3115

-30.7132 29.1992
-30.7326 29.2554

-30.7378 29.2706
-30.7326 29.2554

-30.7519 29.3115
-30.7711 29.3677

-30.7711 29.3677
-30.7903 29.4238

-30.7939 29.4344
-30.8096 29.48

-30.8096 29.48
-30.8289 29.5361

-30.8501 29.5976
-30.8677 29.6484

-30.8289 29.5361
-30.8482 29.5923

-30.8501 29.5977
-30.8482 29.5923

-30.7939 29.4343
-30.7903 29.4238

-30.8677 29.6484
-30.8872 29.7046

-30.9062 29.7591
-30.8872 29.7046

-33.2636 35.9375
-34.0269 37.7344

-34.5 38.8075
-34.0323 37.7344

-77.625 121.987
-77.7353 122.188

-81.2188 128.554
-81.6477 129.375

-79.4219 125.394
-79.6353 125.781

-77.7203 122.188
-78.6628 123.984

-79.4219 125.411
-78.6364 123.984

-79.6536 125.781
-80.6881 127.578

-81.2188 128.466
-80.7549 127.578

-84.8125 135.197
-85.4843 136.562

-90.2031 143.597
-90.3184 143.75

-88.4062 141.323
-88.8154 141.953

-88.6196 141.953
-89.971 143.75

-86.6094 138.679
-87.5984 140.156

-85.3867 136.562
-86.3393 138.359

-86.6094 138.881
-86.26 138.359

-88.4062 141.231
-87.7082 140.156

-83.0156 132.092
-83.5151 132.969

-81.6036 129.375
-82.4944 131.172

-83.0156 132.157
-82.4549 131.172

-83.576 132.969
-84.6141 134.766

-84.8125 135.003
-84.6955 134.766

-74.0312 115.481
-74.7447 116.797

-74.7316 116.797
-75.7028 118.594

-75.8281 118.807
-76.7229 120.391

-77.625 121.971
-76.7541 120.391

-75.8281 118.857
-75.6795 118.594

-74.0312 115.393
-73.8184 115

-90.3784 143.75
-91.6718 145.547

-92 145.667
-91.9137 145.547

-90.2031 144.203
-89.782 143.75

