-71.1361 0
-71.1319 0.0561523

-71.1317 0.0561523
-71.1195 0.112305

-71.1212 0.112305
-71.1113 0.132449

-71.1113 0.136931
-71.0993 0.168457

-71.099 0.168457
-71.0665 0.224609

-71.0665 0.224609
-71.0552 0.239283

-71.0552 0.239417
-71.0231 0.280762

-71.0246 0.280762
-70.999 0.305199

-70.999 0.307224
-70.9655 0.336914

-70.9649 0.336914
-70.9429 0.356418

-70.9429 0.355303
-70.8867 0.392394

-70.8867 0.389673
-70.88 0.393066

-70.8849 0.393066
-70.8306 0.420332

-70.8306 0.419001
-70.7744 0.441433

-70.7744 0.440723
-70.7484 0.449219

-70.758 0.449219
-70.6621 0.474208

-70.6621 0.470285
-70.606 0.476745

-70.606 0.477139
-70.5498 0.482484

-70.5498 0.482262
-70.4937 0.486147

-70.4937 0.485976
-70.4375 0.489184

-70.4937 1.78805
-70.4996 1.79688

-70.4375 1.71371
-70.4597 1.74072

-70.4937 1.79056
-70.46 1.74072

-70.5498 1.90889
-70.5499 1.90918

-70.5498 1.90918
-70.5662 1.96533

-70.5663 1.96533
-70.5771 2.02148

-70.4971 1.79688
-70.527 1.85303

-70.5498 1.90745
-70.5275 1.85303

-70.5771 2.02148
-70.5818 2.07764

-70.5819 2.07764
-70.5807 2.13379

-70.5805 2.13379
-70.5735 2.18994

-70.5737 2.18994
-70.5608 2.24609

-70.5607 2.24609
-70.5498 2.27742

-70.5498 2.2786
-70.5423 2.30225

-70.5423 2.30225
-70.5205 2.3584

-70.5202 2.3584
-70.495 2.41455

-70.4943 2.41455
-70.4937 2.4159

-70.4937 2.41715
-70.4671 2.4707

-70.4677 2.4707
-70.4375 2.52414

-70.4375 0.489002
-70.3813 0.492238

-70.3813 0.49211
-70.3252 0.495992

-70.3252 0.495853
-70.269 0.500914

-70.269 0.500793
-70.2299 0.505371

-70.2325 0.505371
-70.2129 0.507659

-70.2129 0.507569
-70.1567 0.515444

-70.1567 0.51515
-70.1006 0.524697

-70.1006 0.524501
-70.0444 0.5367

-70.0444 0.53673
-69.9883 0.551912

-69.9883 0.552005
-69.9593 0.561523

-69.9557 0.561523
-69.876 0.591989

-69.876 0.594182
-69.8297 0.617676

-69.8271 0.617676
-69.8198 0.621358

-69.8198 0.620906
-69.7637 0.655678

-69.7637 0.656312
-69.7421 0.673828

-69.7393 0.673828
-69.7075 0.699661

-69.7075 0.69939
-69.6803 0.72998

-69.6766 0.72998
-69.6514 0.761169

-69.6514 0.760904
-69.631 0.786133

-69.632 0.786133
-69.6014 0.842285

-69.6016 0.842285
-69.5952 0.86198

-69.5952 0.861832
-69.5833 0.898438

-70.269 1.55469
-70.2906 1.57227

-70.2129 1.51172
-70.2188 1.51611

-70.269 1.55437
-70.2177 1.51611

-70.3813 1.65085
-70.415 1.68457

-70.3252 1.59946
-70.3568 1.62842

-70.3813 1.65014
-70.3576 1.62842

-70.4375 1.71453
-70.4129 1.68457

-70.3252 1.60143
-70.2894 1.57227

-70.1006 1.43771
-70.1336 1.45996

-70.2129 1.51364
-70.1567 1.47537

-70.2129 1.51637
-70.2125 1.51611

-70.1567 1.47573
-70.1324 1.45996

-70.1006 1.43913
-70.0444 1.40426

-70.0444 1.40378
-69.9883 1.37041

-70.0444 1.40481
-70.0428 1.40381

-69.9321 1.33866
-69.9477 1.34766

-69.9321 1.33842
-69.876 1.30611

-69.8198 1.27375
-69.8503 1.2915

-69.876 1.30692
-69.8495 1.2915

-69.8198 1.27427
-69.7637 1.23922

-69.5832 0.898438
-69.5768 0.95459

-69.5771 0.95459
-69.582 1.01074

-69.5952 1.0554
-69.599 1.06689

-69.5992 1.06689
-69.634 1.12305

-69.5952 1.05528
-69.5805 1.01074

-69.7075 1.19923
-69.7551 1.23535

-69.6514 1.14171
-69.6856 1.1792

-69.7075 1.19983
-69.6874 1.1792

-69.7637 1.23913
-69.7587 1.23535

-69.6514 1.14388
-69.6323 1.12305

-69.9883 1.37119
-69.9475 1.34766

-68.9214 0.196617
-68.9318 0.224609

-68.9214 0.20782
-68.8717 0.168457

-68.922 0.224609
-68.9214 0.233281

-68.909 0.224609
-68.9049 0.280762

-68.9048 0.280762
-68.901 0.336914

-68.9022 0.336914
-68.8966 0.393066

-68.8963 0.393066
-68.8871 0.449219

-68.8652 0.191179
-68.8091 0.198444

-68.8091 0.198252
-68.7529 0.2059

-68.7529 0.205998
-68.6968 0.214217

-68.6968 0.215059
-68.6406 0.217917

-68.6967 0.224609
-68.6406 0.228669

-68.8859 0.449219
-68.876 0.505371

-68.8762 0.505371
-68.8674 0.561523

-68.867 0.561523
-68.8652 0.574164

-68.8652 0.578056
-68.8521 0.673828

-68.8524 0.673828
-68.8455 0.72998

-68.8455 0.72998
-68.8385 0.786133

-68.8384 0.786133
-68.8319 0.842285

-68.8319 0.842285
-68.8262 0.898438

-68.8261 0.898438
-68.8215 0.95459

-68.8215 0.95459
-68.8181 1.01074

-68.8184 1.01074
-68.8158 1.06689

-68.8157 1.06689
-68.8136 1.12305

-68.8142 1.12305
-68.8116 1.1792

-68.8115 1.1792
-68.8091 1.21483

-68.8091 1.21386
-68.8076 1.23535

-68.8078 1.23535
-68.8025 1.2915

-68.8024 1.2915
-68.7953 1.34766

-68.8652 1.7725
-68.8856 1.79688

-68.7947 1.34766
-68.7869 1.40381

-68.7866 1.40381
-68.7799 1.45996

-68.7791 1.45996
-68.7758 1.51611

-68.7753 1.51611
-68.7779 1.57227

-68.7772 1.57227
-68.7879 1.62842

-68.7876 1.62842
-68.8083 1.68457

-68.8091 1.68722
-68.8405 1.74072

-68.8652 1.76832
-68.8421 1.74072

-68.8091 1.68668
-68.8078 1.68457

-68.7529 1.57316
-68.7527 1.57227

-70.4375 2.52567
-70.4369 2.52686

-70.4369 2.52686
-70.4041 2.58301

-70.4044 2.58301
-70.3813 2.61886

-70.3813 2.61873
-70.3682 2.63916

-70.3684 2.63916
-70.3281 2.69531

-70.3285 2.69531
-70.3252 2.69887

-70.3252 2.69919
-70.283 2.75146

-70.2825 2.75146
-70.269 2.76549

-70.269 2.76861
-70.2315 2.80762

-70.2303 2.80762
-70.2129 2.82695

-70.2129 2.82353
-70.1622 2.86377

-70.1629 2.86377
-70.1567 2.86866

-70.1567 2.86893
-70.1006 2.90455

-70.1006 2.9039
-70.0678 2.91992

-70.0652 2.91992
-70.0444 2.93006

-70.0444 2.9316
-69.9883 2.95161

-69.9883 2.95008
-69.9321 2.96417

-69.9321 2.96469
-69.876 2.97487

-69.876 2.97445
-69.8591 2.97607

-69.8637 2.97607
-69.8198 2.98032

-69.8198 2.98035
-69.7637 2.98096

-69.5391 2.91918
-69.5406 2.91992

-69.7637 2.98121
-69.7075 2.97623

-69.6514 2.96499
-69.7059 2.97607

-69.6514 2.96486
-69.5952 2.94698

-69.5952 2.94874
-69.5391 2.92111

-69.3145 2.14253
-69.3249 2.18994

-69.3232 2.18994
-69.3193 2.24609

-69.2021 2.01021
-69.2145 2.02148

-69.2021 2.01038
-69.146 1.97074

-69.0898 1.93954
-69.1329 1.96533

-69.146 1.97152
-69.1357 1.96533

-69.2583 2.05997
-69.277 2.07764

-69.3145 2.13352
-69.2783 2.07764

-69.2583 2.0607
-69.2152 2.02148

-69.3145 2.1433
-69.313 2.13379

-69.2021 2.02255
-69.2004 2.02148

-69.3182 2.24609
-69.3145 2.26663

-69.3145 2.67563
-69.3229 2.69531

-69.3145 2.24901
-69.2962 2.3584

-69.2922 2.3584
-69.281 2.41455

-69.2812 2.41455
-69.2759 2.4707

-69.2755 2.4707
-69.2766 2.52686

-69.2766 2.52686
-69.2847 2.58301

-69.2844 2.58301
-69.3002 2.63916

-69.3145 2.6707
-69.301 2.63916

-69.0337 1.90672
-69.0378 1.90918

-69.0337 1.90709
-68.9775 1.86974

-69.0898 1.9416
-69.0404 1.90918

-68.9214 1.82751
-68.9551 1.85303

-68.9775 1.86978
-68.9554 1.85303

-68.9214 1.83274
-68.887 1.79688

-68.8652 1.79711
-68.8649 1.79688

-69.5391 2.91937
-69.4829 2.88193

-69.4268 2.8365
-69.4584 2.86377

-69.4829 2.88332
-69.4602 2.86377

-69.3706 2.76972
-69.4003 2.80762

-69.3236 2.69531
-69.357 2.75146

-69.3706 2.76772
-69.3579 2.75146

-69.4268 2.83531
-69.4012 2.80762

-69.5391 2.92059
-69.5382 2.91992

-69.3145 2.69681
-69.3134 2.69531

-68.6406 0.217054
-68.5845 0.214596

-68.5845 0.215503
-68.5283 0.211697

-68.5283 0.211131
-68.4722 0.205295

-68.4722 0.204646
-68.416 0.19921

-68.416 0.198733
-68.3599 0.195947

-68.3599 0.195884
-68.3037 0.196825

-68.3037 0.197096
-68.2476 0.201351

-68.2476 0.201753
-68.1914 0.207977

-68.1914 0.208317
-68.1353 0.215026

-68.1353 0.21523
-68.0791 0.221335

-68.0791 0.221482
-68.0426 0.224609

-68.0451 0.224609
-67.9668 0.229763

-67.9668 0.229235
-67.8545 0.230291

-67.8545 0.229833
-67.7422 0.226187

-67.686 0.222512
-67.7235 0.224609

-67.686 0.222472
-67.6299 0.21916

-67.6299 0.219113
-67.5737 0.215892

-67.5737 0.215849
-67.5176 0.212901

-67.7422 0.225752
-67.7209 0.224609

-67.5176 0.212875
-67.4614 0.210339

-67.4614 0.210332
-67.4053 0.208273

-67.4053 0.208278
-67.3491 0.206697

-67.3491 0.206708
-67.293 0.205574

-67.293 0.20559
-67.2368 0.204849

-67.2368 0.204868
-67.1807 0.204447

-67.1807 0.204471
-67.1245 0.204283

-67.1245 0.204309
-67.0684 0.204252

-67.0684 0.204281
-67.0122 0.204248

-67.0122 0.204273
-66.9561 0.204156

-66.9561 0.204177
-66.8999 0.203885

-66.8999 0.203896
-66.8438 0.203365

-66.8438 0.203368
-66.7876 0.20257

-66.7876 0.202565
-66.7314 0.201506

-66.7314 0.201496
-66.6753 0.200205

-66.6753 0.200188
-66.6191 0.198719

-66.6191 0.198708
-66.563 0.19712

-66.563 0.197109
-66.5068 0.195446

-66.5068 0.195419
-66.4507 0.193757

-66.4507 0.193742
-66.3945 0.192162

-66.3945 0.19216
-66.3384 0.190695

-66.3384 0.190697
-66.2822 0.189349

-66.2822 0.189352
-66.2261 0.188109

-66.2261 0.188112
-66.1699 0.186964

-66.1699 0.186966
-66.1138 0.185903

-66.1138 0.185904
-66.0576 0.184918

-66.0576 0.184918
-66.0015 0.184007

-66.0015 0.184006
-65.9453 0.183174

-65.9453 0.183172
-65.8892 0.182428

-65.8892 0.182425
-65.833 0.18178

-65.833 0.181778
-65.7769 0.181241

-65.7769 0.18124
-65.7207 0.180819

-65.7207 0.180819
-65.6646 0.180517

-65.6646 0.180518
-65.6084 0.180335

-65.6084 0.180336
-65.5522 0.180266

-65.5522 0.180268
-65.4961 0.180305

-65.4961 0.180307
-65.4399 0.180442

-65.4399 0.180444
-65.3838 0.180669

-65.3838 0.18067
-65.3276 0.180977

-65.3276 0.180978
-65.2715 0.181364

-65.2715 0.181363
-65.2153 0.18183

-65.2153 0.181827
-65.1592 0.182381

-65.1592 0.182378
-65.103 0.183031

-65.103 0.183027
-65.0469 0.183796

-65.0469 0.183791
-64.9907 0.184697

-64.9907 0.184692
-64.9346 0.185754

-64.9346 0.18575
-64.8784 0.186986

-64.8784 0.186984
-64.8223 0.188407

-64.8223 0.188407
-64.7661 0.190019

-64.7661 0.190023
-64.71 0.191817

-64.71 0.191823
-64.6538 0.193779

-64.6538 0.193781
-64.5977 0.195882

-64.5977 0.195884
-64.5415 0.198123

-64.5415 0.198142
-64.4854 0.200477

-64.4854 0.200491
-64.4292 0.202856

-64.4292 0.20287
-64.373 0.205209

-64.373 0.205221
-64.3169 0.207485

-64.3169 0.207493
-64.2607 0.20964

-64.2607 0.209644
-64.2046 0.211649

-64.2046 0.211652
-64.1484 0.213503

-64.1484 0.213503
-64.0923 0.215191

-64.0923 0.215192
-64.0361 0.216716

-64.0361 0.216713
-63.98 0.218077

-63.98 0.218075
-63.9238 0.219288

-63.9238 0.219282
-63.8677 0.22036

-63.8677 0.220356
-63.8115 0.221314

-63.8115 0.221309
-63.7554 0.222167

-63.7554 0.222162
-63.6992 0.222941

-63.6992 0.222934
-63.6431 0.223655

-63.6431 0.223651
-63.5869 0.224334

-63.5869 0.224328
-63.5641 0.224609

-63.5616 0.224609
-63.4746 0.225737

-63.4746 0.225753
-63.3623 0.227359

-63.3623 0.227381
-63.25 0.229076

-63.25 0.229089
-63.1377 0.230803

-63.1377 0.230827
-63.0254 0.232486

-63.0254 0.232535
-62.9131 0.23399

-62.9131 0.23406
-62.8008 0.235074

-62.8008 0.23515
-62.6885 0.235433

-62.6885 0.235503
-62.5762 0.234764

-62.5762 0.23482
-62.4639 0.232809

-62.4639 0.232844
-62.3516 0.229378

-62.2393 0.224362
-62.2445 0.224609

-62.2393 0.224383
-62.1831 0.221329

-62.1831 0.221297
-62.127 0.217774

-62.3516 0.229364
-62.2439 0.224609

-62.127 0.217752
-62.0708 0.213867

-62.0708 0.213849
-62.0146 0.209682

-62.0146 0.209661
-61.9585 0.205291

-61.9585 0.205257
-61.9023 0.200793

-61.9023 0.200764
-61.8462 0.196332

-61.8462 0.196308
-61.79 0.192015

-61.79 0.192008
-61.7339 0.187915

-61.7339 0.18794
-61.6777 0.184011

-61.6777 0.184046
-61.6216 0.18016

-61.6216 0.180175
-61.5654 0.176232

-61.5654 0.176241
-61.5093 0.172196

-61.4531 0.167856
-61.4612 0.168457

-61.5093 0.172218
-61.4585 0.168457

-61.4531 0.167801
-61.397 0.164003

-61.397 0.164108
-61.3408 0.160929

-61.3408 0.160953
-61.2847 0.158137

-61.2847 0.158128
-61.2285 0.155642

-61.2285 0.155645
-61.1724 0.1535

-61.1724 0.153508
-61.1162 0.151681

-61.1162 0.151684
-61.0601 0.15015

-61.0601 0.150153
-61.0039 0.148898

-61.0039 0.148898
-60.9478 0.147916

-60.9478 0.147917
-60.8916 0.147209

-60.8916 0.147207
-60.8354 0.146775

-60.8354 0.146774
-60.7793 0.146623

-60.7793 0.146623
-60.7231 0.146753

-60.7231 0.146755
-60.667 0.147165

-60.667 0.147168
-60.6108 0.14785

-60.6108 0.147854
-60.5547 0.148792

-60.5547 0.148799
-60.4985 0.149968

-60.4985 0.149977
-60.4424 0.151347

-60.4424 0.151359
-60.3862 0.152889

-60.3862 0.152902
-60.3301 0.154544

-60.3301 0.154559
-60.2739 0.15626

-60.2739 0.156274
-60.2178 0.157976

-60.2178 0.157991
-60.1616 0.159638

-60.1616 0.15965
-60.1055 0.161186

-60.1055 0.161199
-60.0493 0.162574

-60.0493 0.162583
-59.9932 0.163757

-59.9932 0.163764
-59.937 0.164706

-59.937 0.164709
-59.8809 0.165398

-59.8809 0.165401
-59.8247 0.165826

-59.8247 0.165827
-59.7686 0.165978

-59.7686 0.165973
-59.7124 0.165857

-59.7124 0.165835
-59.6562 0.165508

-59.6562 0.165468
-59.6001 0.165053

-59.6001 0.165006
-59.5439 0.164678

-59.5439 0.164638
-59.4878 0.164573

-59.4878 0.164543
-59.4316 0.16488

-59.4316 0.164854
-59.3755 0.165704

-59.3755 0.165675
-59.3193 0.167148

-59.3193 0.167158
-59.2841 0.168457

-59.2863 0.168457
-59.2632 0.169312

-59.2632 0.169266
-59.207 0.171849

-59.207 0.171773
-59.1509 0.175009

-59.1509 0.174992
-59.0947 0.179068

-59.0947 0.179076
-59.0386 0.184006

-59.0386 0.184027
-58.9824 0.189752

-58.9824 0.189757
-58.9263 0.196226

-58.9263 0.196211
-58.8701 0.203443

-58.8701 0.203487
-58.814 0.211422

-58.814 0.211692
-58.7578 0.219703

-58.7578 0.219943
-58.7239 0.224609

-58.7158 0.224609
-58.6455 0.235498

-58.6455 0.236252
-58.5894 0.246381

-58.5894 0.246451
-58.5332 0.256361

-58.5332 0.25658
-58.4771 0.265692

-58.4771 0.265631
-58.4209 0.273631

-58.4209 0.27373
-58.3647 0.28054

-58.3647 0.280478
-58.3619 0.280762

-58.3619 0.280762
-58.3086 0.28602

-58.3086 0.28605
-58.2524 0.290377

-58.2524 0.290423
-58.1963 0.293383

-58.1963 0.293395
-58.1401 0.294873

-58.1401 0.294872
-58.084 0.294845

-58.084 0.294831
-58.0278 0.293329

-58.0278 0.2933
-57.9717 0.290409

-57.9717 0.290416
-57.9155 0.28618

-57.8594 0.280134
-57.8656 0.280762

-57.9155 0.286233
-57.861 0.280762

-57.8594 0.280232
-57.8032 0.273812

-57.8032 0.273844
-57.7471 0.267238

-57.7471 0.267118
-57.6909 0.260503

-57.6909 0.260403
-57.6348 0.254218

-57.6348 0.254165
-57.5786 0.248714

-57.5786 0.248672
-57.5225 0.244146

-57.5225 0.244139
-57.4663 0.240638

-57.4663 0.240647
-57.4102 0.238166

-57.4102 0.238186
-57.354 0.236668

-57.354 0.2367
-57.2979 0.236039

-57.2979 0.236079
-57.2417 0.236133

-57.2417 0.236177
-57.1855 0.236782

-57.1855 0.23682
-57.1294 0.23781

-57.1294 0.23783
-57.0732 0.239087

-57.0732 0.239072
-57.0171 0.240586

-57.0171 0.240524
-56.9609 0.242448

-56.9609 0.242337
-56.9048 0.245016

-56.9048 0.244881
-56.8486 0.248807

-56.8486 0.248714
-56.7925 0.254343

-56.7925 0.254363
-56.7363 0.261841

-56.7363 0.262035
-56.6802 0.270935

-56.6802 0.271189
-56.624 0.280617

-56.624 0.28058
-56.6228 0.280762

-56.624 0.281153
-56.5679 0.289531

-56.5679 0.289635
-56.5117 0.295679

-56.5117 0.295775
-56.4556 0.299083

-56.4556 0.298961
-56.3994 0.299584

-56.3994 0.299197
-56.3433 0.298153

-56.3433 0.297664
-56.2871 0.296707

-56.2871 0.296339
-56.231 0.297183

-56.231 0.297138
-56.1748 0.300607

-56.1748 0.300921
-56.1187 0.306477

-56.1187 0.307004
-56.0625 0.312967

-56.0625 0.313503
-56.0063 0.317745

-56.0063 0.318027
-55.9502 0.318911

-55.9502 0.31879
-55.894 0.315995

-55.894 0.315435
-55.8379 0.310325

-55.8379 0.309459
-55.7817 0.304887

-55.7817 0.304145
-55.7256 0.303327

-55.7256 0.303156
-55.6694 0.307921

-55.6694 0.308388
-55.6133 0.318146

-55.6133 0.319038
-55.5571 0.331073

-55.5571 0.331732
-55.5328 0.336914

-55.5302 0.336914
-55.501 0.342847

-55.501 0.343067
-55.4448 0.354888

-55.4448 0.35507
-55.3887 0.366886

-55.3887 0.367483
-55.3325 0.377733

-55.3325 0.377594
-55.2764 0.38536

-55.2764 0.385382
-55.2202 0.390897

-55.2202 0.390893
-55.1809 0.393066

-55.1843 0.393066
-55.1641 0.394187

-55.1641 0.394291
-55.1079 0.394411

-55.0518 0.391027
-55.083 0.393066

-55.1079 0.394416
-55.0873 0.393066

-55.0518 0.390964
-54.9956 0.383055

-54.9956 0.383031
-54.9395 0.370829

-54.8271 0.329994
-54.8429 0.336914

-54.9395 0.370877
-54.8833 0.354331

-54.8833 0.356671
-54.8384 0.336914

-54.8271 0.32947
-54.771 0.296818

-54.7148 0.258828
-54.7446 0.280762

-54.771 0.29798
-54.7477 0.280762

-54.8271 0.337236
-54.8265 0.336914

-54.6025 0.089886
-54.6099 0.112305

-54.6587 0.197846
-54.6801 0.224609

-54.6068 0.112305
-54.6354 0.168457

-54.6587 0.198071
-54.635 0.168457

-54.5792 0
-54.5879 0.0561523

-54.6025 0.0911316
-54.591 0.0561523

-54.5464 0.0154461
-54.544 0

-54.6025 0.125603
-54.5931 0.112305

-54.7148 0.259371
-54.6801 0.224609

-54.4902 0.00942654
-54.4883 0

-54.3779 0.00078908
-54.3778 0

-54.2656 0
-54.2656 0.224609

-44.8999 0
-44.8981 0.0561523

-44.8981 0.0561523
-44.8927 0.112305

-44.8928 0.112305
-44.8882 0.140623

-44.8882 0.140457
-44.8836 0.168457

-44.8837 0.168457
-44.8703 0.224609

-44.8705 0.224609
-44.8524 0.280762

-44.8522 0.280762
-44.832 0.330026

-44.832 0.33225
-44.8301 0.336914

-44.8299 0.336914
-44.801 0.393066

-44.8007 0.393066
-44.7759 0.431076

-44.7759 0.434063
-44.766 0.449219

-44.7673 0.449219
-44.7197 0.502113

-44.7197 0.504182
-44.7188 0.505371

-44.7197 0.507383
-44.6679 0.561523

-44.6636 0.561345
-44.6634 0.561523

-44.6674 0.561523
-44.6636 0.565067

-44.6636 0.565153
-44.6074 0.613365

-44.6074 0.610798
-44.5977 0.617676

-44.6016 0.617676
-44.5513 0.653404

-44.5513 0.652335
-44.5132 0.673828

-44.5158 0.673828
-44.4951 0.687144

-44.4951 0.684176
-44.439 0.708776

-44.439 0.708729
-44.3828 0.727664

-44.3828 0.726845
-44.3693 0.72998

-44.3746 0.72998
-44.3267 0.741081

-44.3267 0.740661
-44.2705 0.747694

-44.2705 0.747947
-44.2144 0.748874

-44.2144 0.748882
-44.1582 0.743181

-43.9336 0.659324
-43.9609 0.673828

-44.1582 0.742874
-44.1021 0.731142

-44.0459 0.71334
-44.0961 0.72998

-44.1021 0.730787
-44.0996 0.72998

-44.0459 0.711989
-43.9897 0.687517

-43.9897 0.6879
-43.9632 0.673828

-43.6528 0.435161
-43.671 0.449219

-43.6528 0.43661
-43.5967 0.401394

-43.5405 0.374121
-43.5758 0.393066

-43.5967 0.403192
-43.5778 0.393066

-43.5405 0.374927
-43.4844 0.34253

-43.9336 0.658557
-43.8774 0.62186

-43.8213 0.579108
-43.8725 0.617676

-43.8774 0.621115
-43.8729 0.617676

-43.7651 0.531832
-43.8004 0.561523

-43.709 0.47963
-43.739 0.505371

-43.7651 0.531737
-43.7344 0.505371

-43.8213 0.579174
-43.7994 0.561523

-43.709 0.480287
-43.6645 0.449219

-43.4282 0.305928
-43.4766 0.336914

-43.3721 0.269294
-43.3905 0.280762

-43.4282 0.30427
-43.3904 0.280762

-43.4844 0.342372
-43.4751 0.336914

-43.3721 0.268387
-43.3159 0.240133

-43.3159 0.237157
-43.2651 0.224609

-43.2036 0.222967
-43.2549 0.224609

-43.2598 0.227599
-43.1475 0.226391

-43.1475 0.231039
-43.0913 0.239834

-43.0913 0.239652
-43.0352 0.248912

-43.0352 0.249895
-42.979 0.258017

-42.979 0.25843
-42.9229 0.26262

-42.9229 0.262781
-42.8667 0.261892

-42.8667 0.261968
-42.8105 0.255526

-42.6421 0.218525
-42.6936 0.224609

-42.6421 0.221039
-42.5859 0.22449

-42.8105 0.254927
-42.7544 0.243981

-42.7544 0.242756
-42.6982 0.230954

-42.6982 0.23029
-42.6023 0.224609

-42.4175 0.208575
-42.4574 0.224609

-42.3613 0.157149
-42.3756 0.168457

-42.4175 0.204818
-42.3716 0.168457

-42.5859 0.235666
-42.4795 0.224609

-42.4736 0.232177
-42.4438 0.224609

-42.3052 0.101686
-42.3124 0.112305

-42.2619 0
-42.2755 0.0561523

-42.3052 0.101105
-42.2747 0.0561523

-42.3613 0.164019
-42.3174 0.112305

-42.249 0.0253342
-42.2383 0

-42.1367 0
-42.1367 0.224609

-40.7998 0
-40.7891 0.0841551

-40.7891 0.0910505
-40.7851 0.112305

-40.7846 0.112305
-40.7663 0.168457

-40.7665 0.168457
-40.7387 0.224609

-40.7387 0.224609
-40.7329 0.233324

-40.7329 0.233243
-40.7014 0.280762

-40.702 0.280762
-40.6768 0.310212

-40.6768 0.310569
-40.6542 0.336914

-40.6515 0.336914
-40.6206 0.370189

-40.6206 0.368421
-40.5936 0.393066

-40.5953 0.393066
-40.5645 0.421248

-40.5645 0.42037
-40.5285 0.449219

-40.5302 0.449219
-40.5083 0.466789

-40.5083 0.465524
-40.4521 0.504399

-40.4521 0.503281
-40.4487 0.505371

-40.4505 0.505371
-40.396 0.538054

-40.396 0.537945
-40.3468 0.561523

-40.3555 0.561523
-40.3398 0.56975

-40.3398 0.565767
-40.2837 0.584284

-40.2837 0.583836
-40.2275 0.594933

-40.2275 0.594135
-40.1714 0.600305

-40.1714 0.599804
-40.1152 0.603645

-40.1152 0.603529
-40.0591 0.606276

-40.0591 0.605947
-40.0029 0.60849

-40.0029 0.608275
-39.9468 0.6117

-39.9468 0.611681
-39.8906 0.616456

-39.8906 0.616432
-39.8788 0.617676

-39.8806 0.617676
-39.8345 0.622532

-39.8345 0.622526
-39.7783 0.62926

-39.7783 0.629237
-39.7222 0.636777

-39.7222 0.636839
-39.666 0.645105

-39.666 0.645193
-39.6099 0.653885

-39.6099 0.653956
-39.5537 0.662756

-39.5537 0.662798
-39.4976 0.671478

-39.4976 0.671439
-39.4816 0.673828

-39.482 0.673828
-39.4414 0.679991

-39.4414 0.679859
-39.3853 0.688081

-39.3853 0.688083
-39.3291 0.696237

-39.3291 0.696258
-39.2729 0.704297

-39.2729 0.704259
-39.2168 0.712216

-39.2168 0.712211
-39.1606 0.720172

-39.1606 0.720106
-39.1045 0.728213

-39.1045 0.728023
-39.0911 0.72998

-39.0936 0.72998
-39.0483 0.736578

-39.0483 0.736443
-38.9922 0.744608

-38.9922 0.744657
-38.936 0.752814

-38.936 0.752829
-38.8799 0.76085

-38.8799 0.760856
-38.8237 0.768701

-38.8237 0.768631
-38.7676 0.776429

-38.7676 0.776263
-38.7114 0.784482

-38.7114 0.784419
-38.7 0.786133

-38.7034 0.786133
-38.6553 0.793157

-38.6553 0.793114
-38.5991 0.801442

-38.5991 0.80144
-38.543 0.809809

-38.543 0.809798
-38.4868 0.818235

-38.4868 0.818264
-38.4307 0.826734

-38.4307 0.826676
-38.3745 0.835238

-38.3745 0.83514
-38.3291 0.842285

-38.3311 0.842285
-38.3184 0.844287

-38.3184 0.844179
-38.2622 0.853073

-38.2622 0.852987
-38.2061 0.861836

-38.2061 0.861904
-38.1499 0.870743

-38.1499 0.87076
-38.0938 0.879418

-38.0938 0.879366
-38.0376 0.887911

-38.0376 0.887772
-37.9814 0.896585

-37.9814 0.896597
-37.9692 0.898438

-37.9754 0.898438
-37.8691 0.912807

-37.8691 0.912155
-37.813 0.918303

-37.813 0.918396
-37.7568 0.924222

-37.7568 0.924207
-37.7007 0.929557

-37.7007 0.929554
-37.6445 0.934466

-37.6445 0.934471
-37.5884 0.93894

-37.5884 0.938921
-37.5322 0.942975

-37.5322 0.942955
-37.4761 0.946676

-37.4761 0.946651
-37.4199 0.950131

-37.4199 0.950056
-37.3638 0.953497

-37.3638 0.953385
-37.3443 0.95459

-37.3479 0.95459
-37.3076 0.957081

-37.3076 0.956974
-37.2515 0.960479

-37.2515 0.960478
-37.1953 0.964093

-37.1953 0.964064
-37.1392 0.967849

-37.1392 0.967825
-37.083 0.971886

-37.083 0.971871
-37.0269 0.976287

-37.0269 0.976289
-36.9707 0.981084

-36.9707 0.981101
-36.9146 0.986236

-36.9146 0.986198
-36.8584 0.991718

-36.8584 0.991559
-36.8022 0.997858

-36.8022 0.997739
-36.7461 1.00537

-36.7461 1.00557
-36.71 1.01074

-36.7187 1.01074
-36.6338 1.02105

-36.6338 1.02054
-36.5776 1.02559

-36.5776 1.02556
-36.5215 1.02993

-36.5215 1.02985
-36.4653 1.03378

-36.4653 1.03384
-36.4092 1.0374

-36.4092 1.0374
-36.353 1.04046

-36.353 1.04045
-36.2969 1.04302

-36.2969 1.04301
-36.2407 1.04514

-36.2407 1.04513
-36.1846 1.04685

-36.1846 1.04684
-36.1284 1.04818

-36.1284 1.04818
-36.0723 1.04918

-36.0723 1.04917
-36.0161 1.04986

-36.0161 1.04983
-35.96 1.05028

-35.96 1.05024
-35.9038 1.05058

-35.9038 1.05053
-35.8477 1.05095

-35.8477 1.0509
-35.7915 1.0516

-35.7915 1.05155
-35.7354 1.05273

-35.7354 1.0527
-35.6792 1.05452

-35.6792 1.05449
-35.623 1.05707

-35.623 1.05706
-35.5669 1.06046

-35.5669 1.06041
-35.5107 1.06476

-35.5107 1.06475
-35.4867 1.06689

-35.4905 1.06689
-35.4546 1.0701

-35.4546 1.07007
-35.3984 1.07514

-35.3984 1.07517
-35.3423 1.08004

-35.3423 1.08002
-35.2861 1.08465

-35.2861 1.08469
-35.23 1.08905

-35.23 1.08911
-35.1738 1.09301

-35.1738 1.09306
-35.1177 1.0963

-35.1177 1.09634
-35.0615 1.09873

-35.0615 1.09876
-35.0054 1.10016

-35.0054 1.10018
-34.9492 1.10046

-34.9492 1.10047
-34.8931 1.09959

-34.8931 1.09957
-34.8369 1.09752

-34.8369 1.09748
-34.7808 1.09439

-34.7808 1.09433
-34.7246 1.09042

-34.7246 1.09034
-34.6685 1.08588

-34.6685 1.0858
-34.6123 1.08113

-34.6123 1.08103
-34.5562 1.07653

-34.5562 1.07644
-34.5 1.07248

-34.7246 3.57689
-34.7352 3.59375

-34.5 3.2395
-34.5129 3.25684

-34.5562 3.3181
-34.5912 3.36914

-34.5126 3.25684
-34.5525 3.31299

-34.5562 3.31804
-34.5527 3.31299

-34.6123 3.40104
-34.6285 3.42529

-34.6287 3.42529
-34.665 3.48145

-34.6685 3.48729
-34.7002 3.5376

-34.7246 3.5768
-34.7003 3.5376

-34.6685 3.48725
-34.6648 3.48145

-34.6123 3.40108
-34.591 3.36914

-36.4653 5.37536
-36.482 5.39062

-36.4092 5.32633
-36.4184 5.33447

-36.4653 5.37544
-36.4189 5.33447

-36.353 5.27757
-36.3539 5.27832

-36.353 5.27786
-36.2969 5.23134

-36.4092 5.32648
-36.353 5.27841

-36.353 5.27872
-36.3525 5.27832

-37.2515 6.2581
-37.2743 6.28906

-37.1953 6.1835
-37.2327 6.23291

-37.2515 6.25804
-37.2329 6.23291

-37.6445 6.87026
-37.6645 6.90674

-37.6646 6.90674
-37.6945 6.96289

-37.7568 7.08503
-37.7798 7.13135

-37.7799 7.13135
-37.8072 7.1875

-37.7007 6.97498
-37.7236 7.01904

-37.7236 7.01904
-37.7521 7.0752

-37.7007 6.97479
-37.6945 6.96289

-37.7568 7.08483
-37.7521 7.0752

-37.4199 6.49863
-37.4301 6.51367

-37.5322 6.67562
-37.5701 6.73828

-37.4761 6.58502
-37.5019 6.62598

-37.4299 6.51367
-37.4664 6.56982

-37.4761 6.58492
-37.4665 6.56982

-37.5322 6.67553
-37.5018 6.62598

-37.3076 6.33557
-37.3146 6.34521

-37.3147 6.34521
-37.3542 6.40137

-37.3638 6.41564
-37.3924 6.45752

-37.4199 6.4985
-37.3926 6.45752

-37.3638 6.41537
-37.3542 6.40137

-37.3076 6.33559
-37.2741 6.28906

-37.5884 6.7707
-37.6021 6.79443

-37.6023 6.79443
-37.6339 6.85059

-37.5884 6.77038
-37.5698 6.73828

-37.6445 6.87009
-37.6339 6.85059

-36.9146 5.83843
-36.9158 5.83984

-36.8584 5.77379
-36.8673 5.78369

-36.9146 5.83817
-36.8669 5.78369

-36.8022 5.71183
-36.8167 5.72754

-36.7461 5.65113
-36.7652 5.67139

-36.8022 5.71176
-36.7652 5.67139

-36.8584 5.77438
-36.8165 5.72754

-37.083 6.0402
-37.1028 6.06445

-36.9707 5.90413
-37.0114 5.95215

-37.0269 5.97138
-37.0572 6.0083

-37.083 6.04011
-37.0574 6.0083

-37.0269 5.97114
-37.0112 5.95215

-37.1392 6.11112
-37.1466 6.12061

-37.1469 6.12061
-37.1903 6.17676

-37.1392 6.11092
-37.1025 6.06445

-37.1953 6.18347
-37.1902 6.17676

-36.9159 5.83984
-36.964 5.896

-36.9707 5.90398
-36.964 5.896

-36.6899 5.59211
-36.7125 5.61523

-36.6338 5.5355
-36.6571 5.55908

-36.6899 5.59223
-36.6576 5.55908

-36.5776 5.47996
-36.6011 5.50293

-36.5215 5.42721
-36.5421 5.44678

-36.5776 5.48013
-36.5424 5.44678

-36.6338 5.53572
-36.6003 5.50293

-36.7461 5.65128
-36.7121 5.61523

-36.5215 5.42739
-36.4814 5.39062

-35.9038 4.9366
-35.9105 4.94141

-35.9038 4.93658
-35.8477 4.89645

-36.1846 5.14212
-36.2147 5.16602

-36.1284 5.10035
-36.141 5.10986

-36.1846 5.14279
-36.1411 5.10986

-36.1284 5.1004
-36.0723 5.05852

-36.2407 5.18684
-36.2848 5.22217

-36.2969 5.23204
-36.2846 5.22217

-36.2407 5.18693
-36.214 5.16602

-36.0161 5.01715
-36.066 5.05371

-35.96 4.97696
-35.9886 4.99756

-36.0161 5.01729
-35.9887 4.99756

-36.0723 5.05876
-36.0654 5.05371

-35.96 4.97722
-35.9101 4.94141

-35.7354 4.81584
-35.7536 4.8291

-35.7915 4.85674
-35.8314 4.88525

-35.8477 4.89676
-35.8315 4.88525

-35.7915 4.8568
-35.7535 4.8291

-35.7354 4.8158
-35.6792 4.77414

-35.623 4.73159
-35.6773 4.77295

-35.6792 4.77413
-35.6777 4.77295

-35.5669 4.68693
-35.6043 4.7168

-35.5107 4.63979
-35.5356 4.66064

-35.5669 4.68699
-35.5355 4.66064

-35.4546 4.59008
-35.4708 4.60449

-35.3984 4.53667
-35.4107 4.54834

-35.4546 4.59016
-35.4106 4.54834

-35.5107 4.63988
-35.471 4.60449

-35.623 4.73167
-35.6044 4.7168

-35.0054 4.03399
-35.0111 4.04297

-34.9492 3.94563
-34.9751 3.98682

-35.0054 4.03388
-34.9751 3.98682

-35.3423 4.47939
-35.3541 4.49219

-35.2861 4.41698
-35.3025 4.43604

-35.3423 4.47934
-35.3022 4.43604

-35.23 4.34961
-35.2544 4.37988

-35.1738 4.27732
-35.2093 4.32373

-35.23 4.34964
-35.2091 4.32373

-35.2861 4.41685
-35.2544 4.37988

-35.0615 4.11868
-35.0861 4.15527

-35.1177 4.2
-35.1257 4.21143

-35.1254 4.21143
-35.1665 4.26758

-35.1177 4.20036
-35.086 4.15527

-35.0111 4.04297
-35.0481 4.09912

-35.0615 4.11893
-35.0481 4.09912

-35.1738 4.27724
-35.1664 4.26758

-34.8369 3.76203
-34.871 3.81836

-34.7808 3.66883
-34.8033 3.70605

-34.735 3.59375
-34.7693 3.6499

-34.7808 3.66882
-34.7693 3.6499

-34.8369 3.76206
-34.8031 3.70605

-34.8369 3.76241
-34.8368 3.76221

-34.8931 3.85464
-34.9052 3.87451

-34.9051 3.87451
-34.9398 3.93066

-34.8931 3.85479
-34.8709 3.81836

-34.9492 3.94564
-34.9398 3.93066

-35.3984 4.53629
-35.3544 4.49219

-38.0938 7.79759
-38.1243 7.86133

-38.2061 8.03128
-38.2321 8.08594

-38.1499 7.91441
-38.1514 7.91748

-38.1514 7.91748
-38.1784 7.97363

-38.1499 7.91434
-38.1244 7.86133

-38.1784 7.97363
-38.2053 8.02979

-38.2061 8.03118
-38.2054 8.02979

-38.543 8.85735
-38.5479 8.87207

-38.5479 8.87207
-38.5659 8.92822

-38.566 8.92822
-38.5835 8.98438

-38.3184 8.27405
-38.3347 8.31055

-38.3745 8.404
-38.3824 8.42285

-38.3346 8.31055
-38.3588 8.3667

-38.3745 8.4039
-38.3589 8.3667

-38.3824 8.42285
-38.4054 8.479

-38.4054 8.479
-38.4277 8.53516

-38.2622 8.15028
-38.2843 8.19824

-38.232 8.08594
-38.2584 8.14209

-38.2622 8.15016
-38.2585 8.14209

-38.2843 8.19824
-38.3097 8.25439

-38.3184 8.27383
-38.3098 8.25439

-38.4307 8.54305
-38.4492 8.59131

-38.4493 8.59131
-38.4702 8.64746

-38.4868 8.69371
-38.4904 8.70361

-38.4905 8.70361
-38.5102 8.75977

-38.4868 8.69336
-38.4702 8.64746

-38.4307 8.54298
-38.4277 8.53516

-38.5102 8.75977
-38.5293 8.81592

-38.543 8.85709
-38.5293 8.81592

-38.9922 10.6759
-39.0095 10.7812

-38.5991 9.03577
-38.6006 9.04053

-38.6006 9.04053
-38.6174 9.09668

-38.5991 9.03558
-38.5835 8.98438

-38.6174 9.09668
-38.6338 9.15283

-38.6338 9.15283
-38.6499 9.20898

-38.6553 9.22797
-38.6815 9.32129

-38.7114 9.43154
-38.712 9.43359

-38.6813 9.32129
-38.6967 9.37744

-38.7114 9.4314
-38.6968 9.37744

-38.6553 9.22809
-38.6499 9.20898

-38.7676 9.64405
-38.7713 9.6582

-38.7713 9.6582
-38.7857 9.71436

-38.7857 9.71436
-38.7999 9.77051

-38.8237 9.86714
-38.8276 9.88281

-38.7999 9.77051
-38.8138 9.82666

-38.8237 9.86704
-38.8138 9.82666

-38.712 9.43359
-38.7271 9.48975

-38.7271 9.48975
-38.742 9.5459

-38.742 9.5459
-38.7567 9.60205

-38.7676 9.64384
-38.7567 9.60205

-38.8799 10.1063
-38.8801 10.1074

-38.8276 9.88281
-38.8411 9.93896

-38.8411 9.93896
-38.8544 9.99512

-38.8544 9.99512
-38.8674 10.0513

-38.8799 10.1064
-38.8674 10.0513

-38.8801 10.1074
-38.8926 10.1636

-38.8926 10.1636
-38.9047 10.2197

-38.9047 10.2197
-38.9165 10.2759

-38.9165 10.2759
-38.9281 10.332

-38.936 10.3717
-38.9393 10.3882

-38.9393 10.3882
-38.9503 10.4443

-38.936 10.3716
-38.9281 10.332

-38.9503 10.4443
-38.9609 10.5005

-38.9609 10.5005
-38.9712 10.5566

-38.9712 10.5566
-38.9813 10.6128

-38.9813 10.6128
-38.991 10.6689

-38.9922 10.6763
-38.9909 10.6689

-39.0094 10.7812
-39.0182 10.8374

-39.0182 10.8374
-39.0267 10.8936

-39.0267 10.8936
-39.0348 10.9497

-39.0348 10.9497
-39.0427 11.0059

-39.0483 11.0482
-39.0502 11.062

-39.0502 11.062
-39.0575 11.1182

-39.0483 11.0481
-39.0427 11.0059

-39.0575 11.1182
-39.0646 11.1743

-39.0646 11.1743
-39.0713 11.2305

-39.0713 11.2305
-39.0778 11.2866

-39.0778 11.2866
-39.0841 11.3428

-39.0841 11.3428
-39.0901 11.3989

-39.0901 11.3989
-39.0959 11.4551

-39.1045 11.5436
-39.1068 11.5674

-39.1068 11.5674
-39.1171 11.6797

-39.0959 11.4551
-39.1014 11.5112

-39.1045 11.5432
-39.1014 11.5112

-39.1171 11.6797
-39.1219 11.7358

-39.122 11.7358
-39.1266 11.792

-39.1266 11.792
-39.1312 11.8481

-39.1312 11.8481
-39.1356 11.9043

-39.1356 11.9043
-39.1398 11.9604

-39.1398 11.9604
-39.144 12.0166

-39.144 12.0166
-39.148 12.0728

-39.148 12.0728
-39.1518 12.1289

-39.1518 12.1289
-39.1554 12.1851

-39.1554 12.1851
-39.159 12.2412

-39.1606 12.2697
-39.1623 12.2974

-39.1623 12.2974
-39.1654 12.3535

-39.1606 12.2696
-39.159 12.2412

-39.1654 12.3535
-39.1683 12.4097

-39.1684 12.4097
-39.1711 12.4658

-39.1711 12.4658
-39.1736 12.522

-39.1736 12.522
-39.1759 12.5781

-39.1759 12.5781
-39.178 12.6343

-39.178 12.6343
-39.1799 12.6904

-39.1799 12.6904
-39.1816 12.7466

-39.1816 12.7466
-39.183 12.8027

-39.183 12.8027
-39.1842 12.8589

-39.1842 12.8589
-39.1852 12.915

-39.1852 12.915
-39.186 12.9712

-39.186 12.9712
-39.1866 13.0273

-39.1866 13.0273
-39.1871 13.0835

-39.1871 13.0835
-39.1873 13.1396

-39.1873 13.1396
-39.1874 13.1958

-39.1874 13.1958
-39.1874 13.252

-39.1874 13.252
-39.1871 13.3081

-39.1872 13.3081
-39.1868 13.3643

-39.1868 13.3643
-39.1862 13.4204

-39.1862 13.4204
-39.1855 13.4766

-39.1855 13.4766
-39.1846 13.5327

-39.1846 13.5327
-39.1836 13.5889

-39.1836 13.5889
-39.1823 13.645

-39.1823 13.645
-39.1809 13.7012

-39.1809 13.7012
-39.1793 13.7573

-39.1793 13.7573
-39.1775 13.8135

-39.1775 13.8135
-39.1755 13.8696

-39.1755 13.8696
-39.1732 13.9258

-39.1732 13.9258
-39.1706 13.9819

-39.1706 13.9819
-39.1678 14.0381

-39.1678 14.0381
-39.1647 14.0942

-39.1647 14.0942
-39.1613 14.1504

-39.1613 14.1504
-39.1606 14.1608

-39.1606 14.1609
-39.1576 14.2065

-39.1576 14.2065
-39.1535 14.2627

-39.1535 14.2627
-39.1491 14.3188

-39.1491 14.3188
-39.1444 14.375

-37.8691 7.31862
-37.8866 7.35596

-37.8866 7.35596
-37.9127 7.41211

-37.9814 7.56029
-37.9909 7.58057

-37.9909 7.58057
-38.0172 7.63672

-37.9253 7.43938
-37.9387 7.46826

-37.9387 7.46826
-37.9648 7.52441

-37.9253 7.43934
-37.9127 7.41211

-37.9814 7.56026
-37.9648 7.52441

-37.813 7.19993
-37.8339 7.24365

-37.8339 7.24365
-37.8604 7.2998

-37.813 7.19982
-37.8071 7.1875

-37.8691 7.31848
-37.8604 7.2998

-38.0376 7.67993
-38.0437 7.69287

-38.0437 7.69287
-38.0704 7.74902

-38.0376 7.67994
-38.0172 7.63672

-38.0938 7.79771
-38.0704 7.74902

-39.1444 14.375
-39.1392 14.4312

-39.1393 14.4312
-39.1337 14.4873

-39.1337 14.4873
-39.1277 14.5435

-39.1277 14.5435
-39.1213 14.5996

-39.1215 14.5996
-39.1073 14.7119

-39.1073 14.7119
-39.1045 14.7314

-39.1045 14.7316
-39.0995 14.7681

-39.0995 14.7681
-39.0912 14.8242

-39.0912 14.8242
-39.0825 14.8804

-39.0825 14.8804
-39.0733 14.9365

-39.0733 14.9365
-39.0635 14.9927

-39.0636 14.9927
-39.0534 15.0488

-39.0533 15.0488
-39.0483 15.0751

-39.0483 15.075
-39.0426 15.105

-39.0427 15.105
-39.0315 15.1611

-39.0314 15.1611
-39.0197 15.2173

-39.0198 15.2173
-39.0076 15.2734

-39.0077 15.2734
-38.9922 15.3409

-38.9922 15.3412
-38.9818 15.3857

-38.9817 15.3857
-38.9682 15.4419

-38.9682 15.4419
-38.9541 15.498

-38.9541 15.498
-38.9395 15.5542

-38.9395 15.5542
-38.936 15.5673

-38.936 15.5673
-38.9245 15.6104

-38.9245 15.6104
-38.9091 15.6665

-38.9091 15.6665
-38.8932 15.7227

-38.8932 15.7227
-38.8799 15.7681

-38.8799 15.7684
-38.8768 15.7788

-38.8768 15.7788
-38.8601 15.835

-38.8601 15.835
-38.843 15.8911

-38.843 15.8911
-38.8254 15.9473

-38.8254 15.9473
-38.8237 15.9525

-38.8237 15.9525
-38.8075 16.0034

-38.8075 16.0034
-38.7892 16.0596

-38.7893 16.0596
-38.7676 16.1245

-38.7676 16.1247
-38.7517 16.1719

-38.7517 16.1719
-38.7324 16.228

-38.7324 16.228
-38.7129 16.2842

-38.7129 16.2842
-38.7114 16.2884

-38.7114 16.2884
-38.6932 16.3403

-38.6932 16.3403
-38.6732 16.3965

-38.6732 16.3965
-38.6553 16.4463

-38.6553 16.4464
-38.653 16.4526

-38.653 16.4526
-38.6327 16.5088

-38.6326 16.5088
-38.6121 16.5649

-38.6121 16.5649
-38.5991 16.6002

-38.5991 16.6002
-38.5914 16.6211

-38.5914 16.6211
-38.5706 16.6772

-38.5706 16.6772
-38.5496 16.7334

-38.5496 16.7334
-38.543 16.7511

-38.543 16.7511
-38.5285 16.7896

-38.5285 16.7896
-38.5074 16.8457

-38.5073 16.8457
-38.4868 16.8998

-38.4868 16.8998
-38.486 16.9019

-38.4861 16.9019
-38.4647 16.958

-38.4647 16.958
-38.4432 17.0142

-38.4432 17.0142
-38.4307 17.047

-38.4307 17.047
-38.4218 17.0703

-38.4217 17.0703
-38.4002 17.1265

-38.4002 17.1265
-38.3786 17.1826

-38.3786 17.1826
-38.3745 17.1931

-38.3745 17.1931
-38.3569 17.2388

-38.3569 17.2388
-38.3352 17.2949

-38.3352 17.2949
-38.3184 17.3386

-38.3184 17.3386
-38.3135 17.3511

-38.3135 17.3511
-38.2919 17.4072

-38.2918 17.4072
-38.2702 17.4634

-38.2702 17.4634
-38.2622 17.484

-38.2622 17.484
-38.2485 17.5195

-38.2485 17.5195
-38.2269 17.5757

-38.2269 17.5757
-38.2061 17.6299

-38.2061 17.6299
-38.2053 17.6318

-38.2053 17.6318
-38.1838 17.688

-38.1838 17.688
-38.1624 17.7441

-38.1624 17.7441
-38.1499 17.777

-38.1499 17.7769
-38.141 17.8003

-38.1411 17.8003
-38.1198 17.8564

-38.1198 17.8564
-38.0938 17.9261

-38.0938 17.926
-38.0778 17.9688

-38.0778 17.9688
-38.0571 18.0249

-38.057 18.0249
-38.0376 18.0779

-38.0376 18.0778
-38.0364 18.0811

-38.0364 18.0811
-38.016 18.1372

-38.016 18.1372
-37.9959 18.1934

-37.9958 18.1934
-37.9814 18.234

-37.9814 18.2338
-37.9759 18.2495

-37.9759 18.2495
-37.9561 18.3057

-37.9561 18.3057
-37.9366 18.3618

-37.9366 18.3618
-37.9253 18.3949

-37.9253 18.3949
-37.9174 18.418

-37.9174 18.418
-37.8984 18.4741

-37.8984 18.4741
-37.8798 18.5303

-37.8797 18.5303
-37.8691 18.5629

-37.8691 18.5627
-37.8614 18.5864

-37.8614 18.5864
-37.8433 18.6426

-37.8433 18.6426
-37.8256 18.6987

-37.8255 18.6987
-37.813 18.7391

-37.813 18.7391
-37.8081 18.7549

-37.8081 18.7549
-37.791 18.811

-37.791 18.811
-37.7742 18.8672

-37.7741 18.8672
-37.7568 18.9268

-37.7568 18.9265
-37.7416 18.9795

-37.7416 18.9795
-37.7259 19.0356

-37.7259 19.0356
-37.7104 19.0918

-37.7104 19.0918
-37.7007 19.1281

-37.7007 19.128
-37.6953 19.1479

-37.6953 19.1479
-37.6806 19.2041

-37.6806 19.2041
-37.6661 19.2603

-37.6661 19.2603
-37.652 19.3164

-37.652 19.3164
-37.6445 19.3471

-37.6445 19.3469
-37.6382 19.3726

-37.6382 19.3726
-37.6248 19.4287

-37.6248 19.4287
-37.6116 19.4849

-37.6116 19.4849
-37.5988 19.541

-37.5988 19.541
-37.5884 19.5876

-37.5884 19.5876
-37.5862 19.5972

-37.5862 19.5972
-37.574 19.6533

-37.574 19.6533
-37.5621 19.7095

-37.5621 19.7095
-37.5505 19.7656

-37.5504 19.7656
-37.5322 19.8571

-37.5322 19.8573
-37.5282 19.8779

-37.5282 19.8779
-37.5175 19.9341

-37.5175 19.9341
-37.5072 19.9902

-37.5072 19.9902
-37.4972 20.0464

-37.4972 20.0464
-37.4876 20.1025

-37.4876 20.1025
-37.4783 20.1587

-37.4783 20.1587
-37.4761 20.173

-37.4761 20.1729
-37.4694 20.2148

-37.4694 20.2148
-37.4609 20.271

-37.4609 20.271
-37.4527 20.3271

-37.4528 20.3271
-37.445 20.3833

-37.445 20.3833
-37.4376 20.4395

-37.4375 20.4395
-37.4239 20.5518

-37.424 20.5518
-37.4199 20.5894

-37.4199 20.5887
-37.4178 20.6079

-37.4178 20.6079
-37.412 20.6641

-37.412 20.6641
-37.4065 20.7202

-37.4065 20.7202
-37.4014 20.7764

-37.4014 20.7764
-37.3966 20.8325

-37.3966 20.8325
-37.3922 20.8887

-37.3922 20.8887
-37.3881 20.9448

-37.3881 20.9448
-37.3843 21.001

-37.3843 21.001
-37.3808 21.0571

-37.3808 21.0571
-37.3777 21.1133

-37.3777 21.1133
-37.3748 21.1694

-37.3748 21.1694
-37.3721 21.2256

-37.3722 21.2256
-37.3698 21.2817

-37.3698 21.2817
-37.3677 21.3379

-37.3677 21.3379
-37.3658 21.394

-37.3658 21.394
-37.3641 21.4502

-37.3641 21.4502
-37.3638 21.4648

-37.3638 21.4649
-37.3627 21.5063

-37.3627 21.5063
-37.3615 21.5625

-38.0938 28.0995
-38.1112 28.1885

-38.1112 28.1885
-38.1222 28.2446

-38.1222 28.2446
-38.1333 28.3008

-38.1499 28.3843
-38.1556 28.4131

-38.1333 28.3008
-38.1445 28.3569

-38.1499 28.3843
-38.1445 28.3569

-38.1556 28.4131
-38.1668 28.4692

-38.1668 28.4692
-38.1781 28.5254

-38.2061 28.6634
-38.2238 28.75

-38.1781 28.5254
-38.1894 28.5815

-38.1894 28.5815
-38.2008 28.6377

-38.2061 28.6634
-38.2008 28.6377

-37.3615 21.5625
-37.3605 21.6187

-37.3605 21.6187
-37.3598 21.6748

-37.3598 21.6748
-37.3592 21.731

-37.3592 21.731
-37.3589 21.7871

-37.3589 21.7871
-37.3587 21.8433

-37.3587 21.8433
-37.3587 21.8994

-37.3587 21.8994
-37.3589 21.9556

-37.3589 21.9556
-37.3594 22.0117

-37.3594 22.0117
-37.36 22.0679

-37.36 22.0679
-37.3607 22.124

-37.3607 22.124
-37.3617 22.1802

-37.3617 22.1802
-37.3628 22.2363

-37.3638 22.2759
-37.3642 22.2925

-37.3642 22.2925
-37.3656 22.3486

-37.3638 22.276
-37.3628 22.2363

-37.3656 22.3486
-37.3673 22.4048

-37.3673 22.4048
-37.3691 22.4609

-37.3691 22.4609
-37.3711 22.5171

-37.3711 22.5171
-37.3732 22.5732

-37.3732 22.5732
-37.3755 22.6294

-37.3755 22.6294
-37.3779 22.6855

-37.3779 22.6855
-37.3805 22.7417

-37.3805 22.7417
-37.3832 22.7979

-37.3832 22.7979
-37.386 22.854

-37.386 22.854
-37.389 22.9102

-37.389 22.9102
-37.3921 22.9663

-37.3921 22.9663
-37.3953 23.0225

-37.3953 23.0225
-37.3986 23.0786

-37.3986 23.0786
-37.4021 23.1348

-37.4021 23.1348
-37.4056 23.1909

-37.4056 23.1909
-37.4093 23.2471

-37.4093 23.2471
-37.413 23.3032

-37.413 23.3032
-37.4169 23.3594

-37.4199 23.4029
-37.4248 23.4717

-37.4248 23.4717
-37.4332 23.584

-37.4332 23.584
-37.4375 23.6401

-37.4375 23.6401
-37.442 23.6963

-37.442 23.6963
-37.4465 23.7524

-37.4465 23.7524
-37.4512 23.8086

-37.4199 23.403
-37.4169 23.3594

-37.4512 23.8086
-37.4559 23.8647

-37.4559 23.8647
-37.4607 23.9209

-37.4607 23.9209
-37.4657 23.9771

-37.4657 23.9771
-37.4708 24.0332

-37.4761 24.091
-37.4812 24.1455

-37.4708 24.0332
-37.4759 24.0894

-37.4761 24.0911
-37.4759 24.0894

-37.4812 24.1455
-37.4866 24.2017

-37.4866 24.2017
-37.4921 24.2578

-37.4921 24.2578
-37.4977 24.314

-37.4977 24.314
-37.5033 24.3701

-37.5034 24.3701
-37.5091 24.4263

-37.5091 24.4263
-37.515 24.4824

-37.5322 24.6413
-37.5395 24.707

-37.515 24.4824
-37.521 24.5386

-37.521 24.5386
-37.5271 24.5947

-37.5322 24.6414
-37.5271 24.5947

-37.5395 24.707
-37.5459 24.7632

-37.5459 24.7632
-37.5524 24.8193

-37.5524 24.8193
-37.559 24.8755

-37.559 24.8755
-37.5656 24.9316

-37.5656 24.9316
-37.5724 24.9878

-37.5724 24.9878
-37.5794 25.0439

-37.5884 25.1156
-37.5936 25.1562

-37.5794 25.0439
-37.5864 25.1001

-37.5884 25.1156
-37.5864 25.1001

-37.6445 25.5265
-37.6561 25.6055

-37.6561 25.6055
-37.6645 25.6616

-37.6645 25.6616
-37.673 25.7178

-37.6731 25.7178
-37.6817 25.7739

-37.6816 25.7739
-37.6903 25.8301

-37.7007 25.8964
-37.7079 25.9424

-37.6903 25.8301
-37.6991 25.8862

-37.7007 25.8964
-37.6991 25.8862

-37.7079 25.9424
-37.7168 25.9985

-37.7168 25.9985
-37.7257 26.0547

-37.5936 25.1562
-37.6009 25.2124

-37.6009 25.2124
-37.6084 25.2686

-37.6084 25.2686
-37.616 25.3247

-37.616 25.3247
-37.6237 25.3809

-37.6237 25.3809
-37.6316 25.437

-37.6316 25.437
-37.6397 25.4932

-37.6445 25.5265
-37.6397 25.4932

-37.7568 26.2476
-37.762 26.2793

-37.7257 26.0547
-37.7347 26.1108

-37.7347 26.1108
-37.7437 26.167

-37.7437 26.167
-37.7528 26.2231

-37.7568 26.2477
-37.7528 26.2231

-37.762 26.2793
-37.7712 26.3354

-37.7712 26.3354
-37.7805 26.3916

-37.7805 26.3916
-37.7899 26.4478

-37.7899 26.4478
-37.7993 26.5039

-37.8691 26.9058
-37.8776 26.9531

-37.813 26.5844
-37.8184 26.6162

-37.7993 26.5039
-37.8088 26.5601

-37.813 26.5844
-37.8088 26.5601

-37.8184 26.6162
-37.8281 26.6724

-37.8281 26.6724
-37.8378 26.7285

-37.8378 26.7285
-37.8477 26.7847

-37.8477 26.7847
-37.8576 26.8408

-37.8576 26.8408
-37.8675 26.897

-37.8691 26.9059
-37.8675 26.897

-37.8776 26.9531
-37.8877 27.0093

-37.8877 27.0093
-37.8979 27.0654

-37.8979 27.0654
-37.9081 27.1216

-37.9081 27.1216
-37.9184 27.1777

-37.9253 27.2152
-37.9287 27.2339

-37.9287 27.2339
-37.9391 27.29

-37.9253 27.2152
-37.9184 27.1777

-37.9391 27.29
-37.9496 27.3462

-37.9496 27.3462
-37.9601 27.4023

-37.9814 27.516
-38.0025 27.627

-37.9601 27.4023
-37.9706 27.4585

-37.9706 27.4585
-37.9812 27.5146

-37.9814 27.516
-37.9812 27.5146

-38.0025 27.627
-38.0132 27.6831

-38.0132 27.6831
-38.024 27.7393

-38.0376 27.8102
-38.0456 27.8516

-38.024 27.7393
-38.0347 27.7954

-38.0376 27.8102
-38.0347 27.7954

-38.0456 27.8516
-38.0564 27.9077

-38.0564 27.9077
-38.0673 27.9639

-38.0673 27.9639
-38.0782 28.02

-38.0782 28.02
-38.0892 28.0762

-38.0938 28.0995
-38.0892 28.0762

-48.875 57.4096
-48.9141 57.5

-41.6875 40.2159
-41.7043 40.2612

-41.7043 40.2612
-41.7251 40.3174

-41.7437 40.3672
-41.746 40.3735

-41.746 40.3735
-41.7669 40.4297

-41.7437 40.3672
-41.7251 40.3174

-41.9121 40.8176
-41.9352 40.8789

-41.7998 40.5179
-41.8088 40.542

-41.8088 40.542
-41.8298 40.5981

-41.8298 40.5981
-41.8508 40.6543

-41.7669 40.4297
-41.7878 40.4858

-41.7998 40.5179
-41.7878 40.4858

-41.856 40.668
-41.8719 40.7104

-41.8719 40.7104
-41.8929 40.7666

-41.856 40.668
-41.8508 40.6543

-41.9121 40.8176
-41.8929 40.7666

-41.9683 40.9665
-41.9776 40.9912

-41.9352 40.8789
-41.9564 40.9351

-41.9683 40.9665
-41.9564 40.9351

-41.9776 40.9912
-41.9989 41.0474

-41.9988 41.0474
-42.0202 41.1035

-42.0244 41.1147
-42.0415 41.1597

-42.0415 41.1597
-42.063 41.2158

-42.0806 41.2618
-42.0844 41.272

-42.0844 41.272
-42.106 41.3281

-42.0806 41.2618
-42.063 41.2158

-42.0244 41.1147
-42.0202 41.1035

-42.5859 42.5641
-42.6077 42.6196

-42.6077 42.6196
-42.6298 42.6758

-42.6982 42.8494
-42.7184 42.9004

-42.6421 42.7069
-42.6519 42.7319

-42.6519 42.7319
-42.6741 42.7881

-42.6421 42.707
-42.6298 42.6758

-42.6741 42.7881
-42.6962 42.8442

-42.6982 42.8494
-42.6962 42.8442

-42.7544 42.9916
-42.7627 43.0127

-42.7184 42.9004
-42.7405 42.9565

-42.7544 42.9916
-42.7405 42.9565

-42.7627 43.0127
-42.7849 43.0688

-42.7849 43.0688
-42.8071 43.125

-42.1367 41.408
-42.1492 41.4404

-42.1492 41.4404
-42.1708 41.4966

-42.1708 41.4966
-42.1925 41.5527

-42.249 41.6988
-42.2794 41.7773

-42.1929 41.5536
-42.2142 41.6089

-42.2142 41.6089
-42.2359 41.665

-42.1929 41.5536
-42.1925 41.5527

-42.249 41.6988
-42.2359 41.665

-42.3613 41.9884
-42.3666 42.002

-42.3666 42.002
-42.3884 42.0581

-42.3884 42.0581
-42.4103 42.1143

-42.4175 42.1328
-42.4321 42.1704

-42.4321 42.1704
-42.454 42.2266

-42.4175 42.1328
-42.4103 42.1143

-42.3052 41.8438
-42.323 41.8896

-42.2794 41.7773
-42.3012 41.8335

-42.3052 41.8438
-42.3012 41.8335

-42.323 41.8896
-42.3448 41.9458

-42.3613 41.9884
-42.3448 41.9458

-42.106 41.3281
-42.1276 41.3843

-42.1367 41.408
-42.1276 41.3843

-42.4736 42.2769
-42.4978 42.3389

-42.5298 42.4208
-42.5417 42.4512

-42.4978 42.3389
-42.5197 42.395

-42.5298 42.4208
-42.5197 42.395

-42.4736 42.2769
-42.454 42.2266

-42.5417 42.4512
-42.5637 42.5073

-42.5637 42.5073
-42.5857 42.5635

-42.5859 42.5642
-42.5857 42.5635

-38.3184 29.197
-38.3188 29.1992

-38.2238 28.75
-38.2354 28.8062

-38.2354 28.8062
-38.2471 28.8623

-38.2622 28.9346
-38.2706 28.9746

-38.2471 28.8623
-38.2588 28.9185

-38.2622 28.9346
-38.2588 28.9185

-38.2706 28.9746
-38.2826 29.0308

-38.2826 29.0308
-38.2946 29.0869

-38.2946 29.0869
-38.3067 29.1431

-38.3184 29.197
-38.3067 29.1431

-38.3189 29.1992
-38.3311 29.2554

-38.3311 29.2554
-38.3435 29.3115

-38.3435 29.3115
-38.3559 29.3677

-38.3559 29.3677
-38.3684 29.4238

-38.3745 29.4512
-38.3809 29.48

-38.3809 29.48
-38.3936 29.5361

-38.3745 29.4512
-38.3684 29.4238

-38.3936 29.5361
-38.4063 29.5923

-38.4063 29.5923
-38.419 29.6484

-38.543 30.1811
-38.5498 30.21

-38.5498 30.21
-38.5632 30.2661

-38.5632 30.2661
-38.5766 30.3223

-38.5991 30.4161
-38.6036 30.4346

-38.5766 30.3223
-38.59 30.3784

-38.5991 30.4161
-38.59 30.3784

-38.6036 30.4346
-38.6171 30.4907

-38.6171 30.4907
-38.6307 30.5469

-38.4307 29.6992
-38.4447 29.7607

-38.4448 29.7607
-38.4577 29.8169

-38.4577 29.8169
-38.4707 29.873

-38.4307 29.6993
-38.419 29.6484

-38.4868 29.9423
-38.4969 29.9854

-38.4707 29.873
-38.4837 29.9292

-38.4868 29.9424
-38.4837 29.9292

-38.4969 29.9854
-38.51 30.0415

-38.51 30.0415
-38.5232 30.0977

-38.5232 30.0977
-38.5365 30.1538

-38.543 30.1812
-38.5365 30.1538

-38.9922 31.9467
-39.0088 32.0068

-39.0088 32.0068
-39.0244 32.063

-39.0244 32.063
-39.0401 32.1191

-39.0483 32.1484
-39.0559 32.1753

-39.0559 32.1753
-39.0717 32.2314

-39.0483 32.1484
-39.0401 32.1191

-39.0717 32.2314
-39.0876 32.2876

-39.0876 32.2876
-39.1036 32.3438

-38.6553 30.6475
-38.6581 30.6592

-38.6581 30.6592
-38.6719 30.7153

-38.6719 30.7153
-38.6857 30.7715

-38.6307 30.5469
-38.6444 30.603

-38.6553 30.6475
-38.6444 30.603

-38.7114 30.8751
-38.7136 30.8838

-38.6857 30.7715
-38.6996 30.8276

-38.7114 30.8751
-38.6996 30.8276

-38.7136 30.8838
-38.7276 30.9399

-38.7276 30.9399
-38.7417 30.9961

-38.7676 31.0986
-38.7701 31.1084

-38.7701 31.1084
-38.7844 31.1646

-38.7844 31.1646
-38.7988 31.2207

-38.8237 31.3174
-38.8278 31.333

-38.7988 31.2207
-38.8132 31.2769

-38.8237 31.3174
-38.8132 31.2769

-38.8278 31.333
-38.8424 31.3892

-38.8424 31.3892
-38.8571 31.4453

-38.7417 30.9961
-38.7558 31.0522

-38.7676 31.0986
-38.7558 31.0522

-38.8799 31.5315
-38.8868 31.5576

-38.8868 31.5576
-38.9018 31.6138

-38.9018 31.6138
-38.9168 31.6699

-38.8571 31.4453
-38.8719 31.5015

-38.8799 31.5315
-38.8719 31.5015

-38.936 31.7413
-38.9471 31.7822

-38.9168 31.6699
-38.9319 31.7261

-38.936 31.7413
-38.9319 31.7261

-38.9471 31.7822
-38.9624 31.8384

-38.9624 31.8384
-38.9778 31.8945

-38.9922 31.9468
-38.9778 31.8945

-39.8906 35.0016
-39.9025 35.0391

-39.9025 35.0391
-39.9203 35.0952

-39.9203 35.0952
-39.9382 35.1514

-39.9468 35.1781
-39.9562 35.2075

-39.9562 35.2075
-39.9741 35.2637

-39.9468 35.1781
-39.9382 35.1514

-40.0029 35.3535
-40.0101 35.376

-40.0101 35.376
-40.0282 35.4321

-40.0282 35.4321
-40.0463 35.4883

-39.9741 35.2637
-39.9921 35.3198

-40.0029 35.3535
-39.9921 35.3198

-40.1152 35.7018
-40.1188 35.7129

-40.1188 35.7129
-40.1371 35.769

-40.1371 35.769
-40.1553 35.8252

-40.1714 35.8744
-40.1736 35.8813

-40.1736 35.8813
-40.192 35.9375

-40.1714 35.8744
-40.1553 35.8252

-40.0591 35.5281
-40.0644 35.5444

-40.0644 35.5444
-40.0825 35.6006

-40.0591 35.5281
-40.0463 35.4883

-40.0825 35.6006
-40.1006 35.6567

-40.1152 35.7018
-40.1006 35.6567

-39.2168 32.7392
-39.2322 32.793

-39.1045 32.347
-39.1196 32.3999

-39.1196 32.3999
-39.1356 32.4561

-39.1606 32.5436
-39.1677 32.5684

-39.1356 32.4561
-39.1517 32.5122

-39.1606 32.5436
-39.1517 32.5122

-39.1045 32.347
-39.1036 32.3438

-39.1677 32.5684
-39.1838 32.6245

-39.1838 32.6245
-39.2 32.6807

-39.2 32.6807
-39.2161 32.7368

-39.2168 32.7393
-39.2161 32.7368

-39.2322 32.793
-39.2484 32.8491

-39.2484 32.8491
-39.2645 32.9053

-39.2729 32.9344
-39.2807 32.9614

-39.2807 32.9614
-39.2969 33.0176

-39.2729 32.9344
-39.2645 32.9053

-39.3291 33.1291
-39.3293 33.1299

-39.3293 33.1299
-39.3456 33.186

-39.3456 33.186
-39.3619 33.2422

-39.2969 33.0176
-39.3131 33.0737

-39.3291 33.129
-39.3131 33.0737

-39.4414 33.5152
-39.4601 33.5791

-39.4601 33.5791
-39.4765 33.6353

-39.4765 33.6353
-39.493 33.6914

-39.5537 33.898
-39.559 33.916

-39.4976 33.707
-39.5095 33.7476

-39.5095 33.7476
-39.526 33.8037

-39.4976 33.707
-39.493 33.6914

-39.526 33.8037
-39.5425 33.8599

-39.5537 33.898
-39.5425 33.8599

-39.559 33.916
-39.5756 33.9722

-39.5756 33.9722
-39.5922 34.0283

-39.6099 34.0877
-39.6256 34.1406

-39.5922 34.0283
-39.6089 34.0845

-39.6099 34.0877
-39.6089 34.0845

-39.3853 33.3226
-39.3945 33.3545

-39.3619 33.2422
-39.3782 33.2983

-39.3853 33.3226
-39.3782 33.2983

-39.3945 33.3545
-39.4109 33.4106

-39.4109 33.4106
-39.4273 33.4668

-39.4414 33.5152
-39.4273 33.4668

-39.666 34.2754
-39.6931 34.3652

-39.7222 34.4607
-39.7273 34.4775

-39.6931 34.3652
-39.7102 34.4214

-39.7222 34.4607
-39.7102 34.4214

-39.7273 34.4775
-39.7445 34.5337

-39.7445 34.5337
-39.7618 34.5898

-39.6256 34.1406
-39.6424 34.1968

-39.6424 34.1968
-39.6593 34.2529

-39.666 34.2754
-39.6593 34.2529

-39.7783 34.6433
-39.7965 34.7021

-39.7966 34.7021
-39.814 34.7583

-39.814 34.7583
-39.8316 34.8145

-39.7783 34.6434
-39.7618 34.5898

-39.8345 34.8236
-39.8492 34.8706

-39.8492 34.8706
-39.8669 34.9268

-39.8345 34.8236
-39.8316 34.8145

-39.8669 34.9268
-39.8847 34.9829

-39.8906 35.0017
-39.8847 34.9829

-40.7891 37.6984
-40.8017 37.7344

-40.3398 36.3851
-40.3404 36.3867

-40.3404 36.3867
-40.3591 36.4429

-40.3591 36.4429
-40.3779 36.499

-40.396 36.5529
-40.3968 36.5552

-40.3968 36.5552
-40.4156 36.6113

-40.396 36.5529
-40.3779 36.499

-40.4521 36.7197
-40.4535 36.7236

-40.4535 36.7236
-40.4725 36.7798

-40.4725 36.7798
-40.4915 36.8359

-40.4156 36.6113
-40.4345 36.6675

-40.4521 36.7197
-40.4345 36.6675

-40.2275 36.0459
-40.2288 36.0498

-40.2288 36.0498
-40.2473 36.106

-40.2473 36.106
-40.2659 36.1621

-40.192 35.9375
-40.2104 35.9937

-40.2275 36.0458
-40.2104 35.9937

-40.2837 36.216
-40.2844 36.2183

-40.2844 36.2183
-40.303 36.2744

-40.2837 36.216
-40.2659 36.1621

-40.303 36.2744
-40.3217 36.3306

-40.3398 36.385
-40.3217 36.3306

-40.5645 37.0499
-40.5681 37.0605

-40.5681 37.0605
-40.5873 37.1167

-40.5873 37.1167
-40.6066 37.1729

-40.6206 37.2135
-40.626 37.229

-40.626 37.229
-40.6453 37.2852

-40.6206 37.2135
-40.6066 37.1729

-40.5083 36.8853
-40.5106 36.8921

-40.5106 36.8921
-40.5297 36.9482

-40.5083 36.8853
-40.4915 36.8359

-40.5297 36.9482
-40.5489 37.0044

-40.5645 37.0499
-40.5489 37.0044

-40.6768 37.3761
-40.6842 37.3975

-40.6842 37.3975
-40.7036 37.4536

-40.7036 37.4536
-40.7232 37.5098

-40.6453 37.2852
-40.6647 37.3413

-40.6768 37.3761
-40.6647 37.3413

-40.7329 37.5377
-40.7427 37.5659

-40.7427 37.5659
-40.7623 37.6221

-40.7329 37.5377
-40.7232 37.5098

-40.7623 37.6221
-40.782 37.6782

-40.7891 37.6984
-40.782 37.6782

-40.8017 37.7344
-40.8214 37.7905

-40.8214 37.7905
-40.8412 37.8467

-40.8452 37.8582
-40.861 37.9028

-40.8609 37.9028
-40.8808 37.959

-40.8452 37.8582
-40.8412 37.8467

-40.9014 38.0173
-40.9204 38.0713

-40.9575 38.1764
-40.9601 38.1836

-40.9204 38.0713
-40.9402 38.1274

-40.9575 38.1764
-40.9402 38.1274

-40.8808 37.959
-40.9006 38.0151

-40.9014 38.0174
-40.9006 38.0151

-41.0137 38.3358
-41.0391 38.4082

-41.0698 38.4957
-41.0785 38.5205

-41.0391 38.4082
-41.0588 38.4644

-41.0698 38.4957
-41.0588 38.4644

-41.0785 38.5205
-41.0982 38.5767

-41.0982 38.5767
-41.1179 38.6328

-40.9601 38.1836
-40.9798 38.2397

-40.9798 38.2397
-40.9996 38.2959

-41.0137 38.3358
-40.9996 38.2959

-41.2383 38.9755
-41.2561 39.0259

-41.2561 39.0259
-41.2759 39.082

-41.3506 39.292
-41.3558 39.3066

-41.2944 39.1342
-41.2958 39.1382

-41.2958 39.1382
-41.3158 39.1943

-41.2944 39.1342
-41.2759 39.082

-41.3158 39.1943
-41.3358 39.2505

-41.3506 39.2921
-41.3358 39.2505

-41.3558 39.3066
-41.3759 39.3628

-41.3759 39.3628
-41.396 39.4189

-41.4067 39.4488
-41.4162 39.4751

-41.4162 39.4751
-41.4364 39.5312

-41.4067 39.4488
-41.396 39.4189

-41.126 38.6559
-41.1376 38.689

-41.1376 38.689
-41.1573 38.7451

-41.1821 38.8159
-41.1967 38.8574

-41.1573 38.7451
-41.177 38.8013

-41.1821 38.8159
-41.177 38.8013

-41.126 38.6559
-41.1179 38.6328

-41.1967 38.8574
-41.2165 38.9136

-41.2165 38.9136
-41.2362 38.9697

-41.2383 38.9755
-41.2362 38.9697

-41.4629 39.6042
-41.4771 39.6436

-41.4771 39.6436
-41.4976 39.6997

-41.4976 39.6997
-41.5181 39.7559

-41.5752 39.9116
-41.6005 39.9805

-41.519 39.7585
-41.5386 39.812

-41.5386 39.812
-41.5592 39.8682

-41.519 39.7585
-41.5181 39.7559

-41.5752 39.9116
-41.5592 39.8682

-41.4364 39.5312
-41.4568 39.5874

-41.4629 39.6043
-41.4568 39.5874

-41.6313 40.0641
-41.6419 40.0928

-41.6005 39.9805
-41.6212 40.0366

-41.6313 40.0641
-41.6212 40.0366

-41.6419 40.0928
-41.6627 40.1489

-41.6627 40.1489
-41.6835 40.2051

-41.6875 40.2159
-41.6835 40.2051

-45.2812 49.0879
-45.8079 50.3125

-43.4844 44.8319
-43.5209 44.9219

-43.5215 44.9219
-43.8913 45.8203

-43.8914 45.8203
-44.267 46.7188

-43.0352 43.7033
-43.0506 43.7427

-43.0506 43.7427
-43.0725 43.7988

-43.1475 43.9907
-43.1602 44.0234

-43.0725 43.7988
-43.1163 43.9111

-43.1475 43.9907
-43.1164 43.9111

-42.8105 43.1337
-42.8293 43.1812

-42.8293 43.1812
-42.8516 43.2373

-42.8667 43.2756
-42.8738 43.2935

-42.8738 43.2935
-42.896 43.3496

-42.8667 43.2756
-42.8516 43.2373

-42.9229 43.4177
-42.9403 43.4619

-42.979 43.5602
-42.9845 43.5742

-42.9403 43.4619
-42.9624 43.5181

-42.979 43.5602
-42.9624 43.5181

-42.896 43.3496
-42.9181 43.4058

-42.9229 43.4177
-42.9181 43.4058

-42.8105 43.1337
-42.8071 43.125

-42.9845 43.5742
-43.0066 43.6304

-43.0065 43.6304
-43.0286 43.6865

-43.0352 43.7033
-43.0286 43.6865

-43.2598 44.2758
-43.3388 44.4727

-43.1599 44.0234
-43.2486 44.248

-43.2598 44.275
-43.2489 44.248

-43.4844 44.8304
-43.339 44.4727

-44.2658 46.7188
-45.0305 48.5156

-45.2812 49.083
-45.0372 48.5156

-47.0781 53.2532
-47.36 53.9062

-45.8061 50.3125
-46.5814 52.1094

-47.0781 53.2514
-46.5851 52.1094

-47.3569 53.9062
-48.1335 55.7031

-48.875 57.4088
-48.1373 55.7031

-77.625 114.607
-77.8343 115

-63.25 87.1978
-63.6757 88.0469

-63.6604 88.0469
-64.5656 89.8438

-65.0469 90.7515
-65.51 91.6406

-65.5165 91.6406
-66.4529 93.4375

-65.0469 90.7517
-64.574 89.8438

-66.8438 94.2118
-67.362 95.2344

-67.3462 95.2344
-68.2662 97.0312

-68.6406 97.7124
-69.235 98.8281

-69.2452 98.8281
-70.1962 100.625

-68.6406 97.7209
-68.2732 97.0312

-66.8438 94.1743
-66.4703 93.4375

-70.4375 101.109
-71.107 102.422

-71.089 102.422
-72.019 104.219

-72.2344 104.592
-73.009 106.016

-73.0292 106.016
-73.9899 107.812

-72.2344 104.619
-72.0164 104.219

-75.8281 111.401
-75.8306 111.406

-74.0312 107.917
-74.8953 109.609

-74.8686 109.609
-75.82 111.406

-75.8352 111.406
-76.8479 113.203

-77.625 114.573
-76.8953 113.203

-75.8281 111.468
-75.7933 111.406

-70.4375 101.046
-70.2227 100.625

-48.9128 57.5
-49.686 59.2969

-49.6811 59.2969
-50.4634 61.0938

-50.6719 61.5621
-51.263 62.8906

-51.2632 62.8906
-52.0797 64.6875

-50.6719 61.5555
-50.4664 61.0938

-52.4688 65.5298
-52.906 66.4844

-52.8974 66.4844
-53.7376 68.2812

-54.2656 69.3641
-54.6127 70.0781

-54.6151 70.0781
-55.5135 71.875

-54.2656 69.3592
-53.7417 68.2812

-52.4688 65.5175
-52.0886 64.6875

-56.0625 72.9581
-56.4194 73.6719

-56.4115 73.6719
-57.3109 75.4688

-57.8594 76.5399
-58.2287 77.2656

-58.2323 77.2656
-59.1482 79.0625

-57.8594 76.5348
-57.3168 75.4688

-59.6562 80.0746
-60.047 80.8594

-60.0335 80.8594
-60.9252 82.6562

-61.4531 83.6838
-61.8453 84.4531

-61.8505 84.4531
-62.7721 86.25

-61.4531 83.6802
-60.9311 82.6562

-59.6562 80.0561
-59.1616 79.0625

-56.0625 72.9447
-55.5276 71.875

-63.25 87.1733
-62.7871 86.25

-34.5 1.07239
-34.4438 1.06934

-34.4438 1.06926
-34.3877 1.06746

-34.3877 1.0674
-34.3315 1.06712

-34.3315 1.06707
-34.2754 1.06852

-34.2754 1.0685
-34.2192 1.07179

-34.2192 1.07179
-34.1631 1.07695

-34.1631 1.07696
-34.1069 1.08398

-34.1069 1.08396
-34.0508 1.09286

-34.0508 1.09279
-33.9946 1.10376

-33.9946 1.10351
-33.9385 1.1172

-33.9385 1.11702
-33.9177 1.12305

-33.9203 1.12305
-33.8823 1.13406

-33.8823 1.13377
-33.8262 1.15208

-33.8262 1.15211
-33.77 1.17244

-33.77 1.17187
-33.7507 1.1792

-33.7548 1.1792
-33.7139 1.19469

-33.7139 1.19389
-33.6577 1.21571

-33.6577 1.21538
-33.6092 1.23535

-33.6133 1.23535
-33.6016 1.24003

-33.6016 1.23946
-33.5454 1.26254

-33.5454 1.2618
-33.4893 1.28496

-33.4893 1.2845
-33.4724 1.2915

-33.4762 1.2915
-33.4331 1.30937

-33.4331 1.30854
-33.377 1.33132

-33.377 1.33108
-33.336 1.34766

-33.3402 1.34766
-33.2646 1.3758

-33.2646 1.3745
-33.2085 1.39242

-33.2085 1.39253
-33.1706 1.40381

-33.1733 1.40381
-33.1523 1.41005

-33.1523 1.40961
-33.0962 1.42409

-33.0962 1.4239
-33.04 1.43634

-33.04 1.43633
-32.9839 1.44714

-32.9839 1.44705
-32.9277 1.45646

-32.9277 1.45694
-32.9041 1.45996

-32.9105 1.45996
-32.8154 1.46865

-32.8154 1.46784
-32.7031 1.46674

-33.9946 2.6623
-34.0292 2.69531

-33.9385 2.61152
-33.9687 2.63916

-33.9946 2.66251
-33.9691 2.63916

-33.8823 2.56156
-33.9067 2.58301

-33.8262 2.51526
-33.84 2.52686

-33.8823 2.56177
-33.8406 2.52686

-33.9385 2.61179
-33.9057 2.58301

-33.77 2.46918
-33.7719 2.4707

-33.77 2.46926
-33.7139 2.42625

-33.6016 2.34615
-33.6188 2.3584

-33.6577 2.3864
-33.6966 2.41455

-33.7139 2.42734
-33.6962 2.41455

-33.6577 2.38642
-33.6176 2.3584

-33.8262 2.5155
-33.7707 2.4707

-33.77 2.47093
-33.7697 2.4707

-34.3877 3.09188
-34.4296 3.14453

-34.3315 3.02239
-34.3398 3.03223

-34.2754 2.95612
-34.2927 2.97607

-34.3315 3.02229
-34.2928 2.97607

-34.3396 3.03223
-34.3851 3.08838

-34.3877 3.09173
-34.3851 3.08838

-34.2192 2.89205
-34.2442 2.91992

-34.1631 2.83086
-34.1937 2.86377

-34.2192 2.89209
-34.1938 2.86377

-34.1069 2.77181
-34.142 2.80762

-34.0508 2.71648
-34.086 2.75146

-34.1069 2.77162
-34.0866 2.75146

-34.1631 2.83103
-34.1413 2.80762

-34.2754 2.95637
-34.2438 2.91992

-34.4438 3.16419
-34.4714 3.20068

-34.5 3.23941
-34.4716 3.20068

-34.4438 3.16399
-34.4291 3.14453

-34.0508 2.71685
-34.0282 2.69531

-33.377 2.20797
-33.4423 2.24609

-33.3208 2.1789
-33.3416 2.18994

-33.377 2.20935
-33.3405 2.18994

-33.3208 2.17904
-33.2646 2.15022

-33.2085 2.12226
-33.2319 2.13379

-33.2085 2.12203
-33.1523 2.09654

-33.2646 2.15074
-33.2303 2.13379

-33.6016 2.34696
-33.5454 2.30992

-33.4893 2.27486
-33.533 2.30225

-33.5454 2.31019
-33.5327 2.30225

-33.4893 2.27528
-33.4411 2.24609

-32.9277 2.00461
-32.9701 2.02148

-33.0962 2.07334
-33.1063 2.07764

-33.1523 2.09759
-33.1054 2.07764

-33.0962 2.07314
-33.04 2.05002

-33.04 2.05071
-32.9839 2.02802

-32.9839 2.02847
-32.9664 2.02148

-32.9277 2.00512
-32.8716 1.98387

-32.8154 1.96297
-32.8217 1.96533

-32.8716 1.98435
-32.8213 1.96533

-32.8154 1.96271
-32.7593 1.9414

-32.7593 1.94198
-32.7031 1.92022

-32.5908 1.45513
-32.6305 1.45996

-32.7031 1.46661
-32.6352 1.45996

-32.5908 1.45467
-32.5347 1.44569

-32.5347 1.44601
-32.4785 1.43483

-32.4785 1.43445
-32.4224 1.42117

-32.4224 1.41972
-32.3662 1.40801

-32.3101 1.40176
-32.3353 1.40381

-32.3662 1.40689
-32.3283 1.40381

-32.3101 1.40456
-32.2539 1.40491

-32.4224 1.77711
-32.4505 1.79688

-32.3662 1.7225
-32.3833 1.74072

-32.4224 1.77805
-32.3823 1.74072

-32.3101 1.65807
-32.3313 1.68457

-32.2539 1.57788
-32.2839 1.62842

-32.3101 1.65811
-32.2863 1.62842

-32.3662 1.72266
-32.3305 1.68457

-32.252 1.40381
-32.2151 1.45996

-32.2333 1.45996
-32.2392 1.51611

-32.2345 1.51611
-32.2498 1.57227

-32.2539 1.58197
-32.2481 1.57227

-32.647 1.89637
-32.6775 1.90918

-32.647 1.89649
-32.5908 1.87151

-32.7031 1.92077
-32.6755 1.90918

-32.5347 1.84518
-32.551 1.85303

-32.5908 1.87205
-32.5512 1.85303

-32.5347 1.84564
-32.4785 1.81444

-32.4785 1.81525
-32.4523 1.79688

-84.8125 127.952
-85.4815 129.375

-81.2188 121.297
-81.6762 122.188

-79.4219 118.149
-79.6642 118.594

-77.8066 115
-78.7039 116.797

-79.4219 118.175
-78.6717 116.797

-79.6926 118.594
-80.7312 120.391

-81.2188 121.187
-80.8099 120.391

-83.0156 124.886
-83.5326 125.781

-81.6206 122.188
-82.4938 123.984

-83.0156 124.971
-82.4459 123.984

-83.6099 125.781
-84.6533 127.578

-84.8125 127.719
-84.7463 127.578

-88.4062 134.52
-88.5477 134.766

-88.4342 134.766
-89.3468 136.562

-86.6094 131.67
-87.4163 132.969

-85.3856 129.375
-86.2568 131.172

-86.6094 131.868
-86.1769 131.172

-88.4062 134.471
-87.5398 132.969

-90.2031 137.612
-90.614 138.359

-92 140.012
-90.9027 138.359

-90.2031 138.198
-89.3033 136.562

