-34.5 53.1915
-34.8877 53.9062

-36.2969 56.5026
-36.8393 57.5

-34.8871 53.9062
-35.8622 55.7031

-36.2969 56.5089
-35.8587 55.7031

-63.25 104.831
-63.9191 106.016

-63.9188 106.016
-64.9344 107.812

-66.8438 111.188
-66.9672 111.406

-68.6406 114.361
-69.0024 115

-66.967 111.406
-67.9841 113.203

-68.6406 114.363
-67.9834 113.203

-65.0469 108.011
-65.9504 109.609

-66.8438 111.189
-65.9501 109.609

-65.0469 108.017
-64.9312 107.812

-52.4688 85.674
-52.7916 86.25

-50.6719 82.4662
-50.7782 82.6562

-48.875 79.2523
-49.7729 80.8594

-50.6719 82.4669
-49.7725 80.8594

-50.7781 82.6562
-51.784 84.4531

-52.4688 85.6763
-51.7832 84.4531

-41.6875 66.3299
-41.7729 66.4844

-41.7727 66.4844
-42.7677 68.2812

-43.4844 69.5718
-43.7653 70.0781

-43.7651 70.0781
-44.7634 71.875

-43.4844 69.5743
-42.7669 68.2812

-38.0938 59.7987
-38.8026 61.0938

-39.8906 63.074
-40.7796 64.6875

-38.8023 61.0938
-39.7895 62.8906

-39.8906 63.0842
-39.784 62.8906

-36.8389 57.5
-37.8191 59.2969

-38.0938 59.8069
-37.8146 59.2969

-41.6875 66.3307
-40.7793 64.6875

-45.2812 72.8051
-45.7635 73.6719

-45.7632 73.6719
-46.764 75.4688

-47.0781 76.0317
-47.7661 77.2656

-47.7657 77.2656
-48.7689 79.0625

-47.0781 76.0379
-46.7608 75.4688

-45.2812 72.8094
-44.7614 71.875

-48.875 79.2603
-48.7645 79.0625

-56.0625 92.0762
-56.8278 93.4375

-59.6562 98.4612
-59.863 98.8281

-59.8628 98.8281
-60.8758 100.625

-57.8594 95.2713
-58.8502 97.0312

-56.8274 93.4375
-57.8386 95.2344

-57.8594 95.2787
-57.8344 95.2344

-59.6562 98.4624
-58.8498 97.0312

-54.2656 88.8773
-54.8082 89.8438

-52.7913 86.25
-53.7991 88.0469

-54.2656 88.8812
-53.7972 88.0469

-54.8079 89.8438
-55.8175 91.6406

-56.0625 92.0819
-55.8144 91.6406

-61.4531 101.648
-61.8899 102.422

-61.8897 102.422
-62.904 104.219

-61.4531 101.65
-60.8746 100.625

-63.25 104.835
-62.9019 104.219

-20.125 27.6024
-20.8189 28.75

-11.2934 0
-11.293 0.0561523

-11.293 0.0561523
-11.2918 0.112305

-11.2918 0.112305
-11.2898 0.168457

-11.2898 0.168457
-11.2871 0.224609

-11.2871 0.224609
-11.2835 0.280762

-11.2835 0.280762
-11.2792 0.336914

-11.2792 0.336914
-11.274 0.393066

-11.274 0.393066
-11.2681 0.449219

-11.2681 0.449219
-11.2614 0.505371

-11.2614 0.505371
-11.254 0.561523

-11.2539 0.561523
-11.2529 0.568435

-11.2529 0.568474
-11.2457 0.617676

-11.2457 0.617676
-11.2366 0.673828

-11.2366 0.673828
-11.2268 0.72998

-11.2268 0.72998
-11.2162 0.786133

-11.2162 0.786133
-11.2048 0.842285

-11.2048 0.842285
-11.1968 0.879585

-11.1968 0.879621
-11.1927 0.898438

-11.1927 0.898438
-11.1798 0.95459

-11.1798 0.95459
-11.1661 1.01074

-11.1661 1.01074
-11.1517 1.06689

-11.1517 1.06689
-11.1406 1.1079

-11.1406 1.10794
-11.1365 1.12305

-11.1365 1.12305
-11.1206 1.1792

-11.1206 1.1792
-11.104 1.23535

-11.104 1.23535
-11.0866 1.2915

-11.0866 1.2915
-11.0845 1.29812

-11.0845 1.29815
-11.0685 1.34766

-11.0685 1.34766
-11.0497 1.40381

-11.0497 1.40381
-11.0303 1.45996

-11.0303 1.45996
-11.0283 1.46534

-11.0283 1.46537
-11.0101 1.51611

-11.0101 1.51611
-10.9893 1.57227

-10.9893 1.57227
-10.9722 1.61701

-10.9722 1.61704
-10.9678 1.62842

-10.9678 1.62842
-10.9457 1.68457

-10.9457 1.68457
-10.923 1.74072

-10.923 1.74072
-10.916 1.75745

-10.916 1.75748
-10.8997 1.79688

-10.8996 1.79688
-10.8757 1.85303

-10.8758 1.85303
-10.8599 1.88952

-10.8599 1.88954
-10.8513 1.90918

-10.8513 1.90918
-10.8263 1.96533

-10.8263 1.96533
-10.8037 2.01515

-10.8037 2.01516
-10.8008 2.02148

-10.8008 2.02148
-10.7749 2.07764

-10.7749 2.07764
-10.7484 2.13379

-10.7484 2.13379
-10.7476 2.13559

-10.7476 2.13561
-10.7216 2.18994

-10.7216 2.18994
-10.6943 2.24609

-10.6943 2.24609
-10.6914 2.25205

-10.6914 2.25207
-10.6667 2.30225

-10.6667 2.30225
-10.6388 2.3584

-10.6388 2.3584
-10.6353 2.36544

-10.6353 2.36545
-10.6106 2.41455

-10.6106 2.41455
-10.5821 2.4707

-10.5821 2.4707
-10.5791 2.47647

-10.5791 2.47649
-10.5533 2.52686

-10.5533 2.52686
-10.5244 2.58301

-10.5244 2.58301
-10.5229 2.58579

-10.5229 2.5858
-10.4953 2.63916

-10.4953 2.63916
-10.4668 2.69399

-10.4668 2.69396
-10.4661 2.69531

-10.4661 2.69531
-10.4368 2.75146

-10.4368 2.75146
-10.4106 2.80151

-10.4106 2.8015
-10.4074 2.80762

-10.4074 2.80762
-10.3781 2.86377

-10.3781 2.86377
-10.3545 2.90889

-10.3545 2.90887
-10.3487 2.91992

-10.3487 2.91992
-10.3194 2.97607

-10.3194 2.97607
-10.2983 3.01659

-10.2983 3.01657
-10.2902 3.03223

-10.2902 3.03223
-10.2611 3.08838

-10.2611 3.08838
-10.2422 3.12506

-10.2422 3.12503
-10.2321 3.14453

-10.2321 3.14453
-10.2033 3.20068

-10.2034 3.20068
-10.186 3.23477

-10.186 3.23475
-10.1748 3.25684

-10.1748 3.25684
-10.1465 3.31299

-10.1465 3.31299
-10.1299 3.34624

-10.1299 3.34621
-10.1184 3.36914

-10.1184 3.36914
-10.0906 3.42529

-10.0907 3.42529
-10.0737 3.45999

-10.0737 3.45996
-10.0632 3.48145

-10.0632 3.48145
-10.0361 3.5376

-10.0361 3.5376
-10.0176 3.57662

-10.0176 3.57657
-10.0094 3.59375

-10.0094 3.59375
-9.98304 3.6499

-9.98306 3.6499
-9.96143 3.69675

-9.96143 3.6967
-9.95711 3.70605

-9.9571 3.70605
-9.93159 3.76221

-9.93159 3.76221
-9.90652 3.81836

-9.90653 3.81836
-9.90527 3.82121

-9.90527 3.82118
-9.88188 3.87451

-9.88186 3.87451
-9.8577 3.93066

-9.85773 3.93066
-9.84912 3.95107

-9.84912 3.95103
-9.83402 3.98682

-9.834 3.98682
-9.81079 4.04297

-9.81082 4.04297
-9.79297 4.08713

-9.79297 4.08707
-9.7881 4.09912

-9.7881 4.09912
-9.76589 4.15527

-9.76589 4.15527
-9.74422 4.21143

-9.74424 4.21143
-9.73682 4.23112

-9.73682 4.23107
-9.72305 4.26758

-9.72303 4.26758
-9.70239 4.32373

-9.70241 4.32373
-9.68231 4.37988

-9.68232 4.37988
-9.68066 4.38462

-9.68066 4.38459
-9.66272 4.43604

-9.66271 4.43604
-9.64367 4.49219

-9.64368 4.49219
-9.62518 4.54834

-9.62519 4.54834
-9.62451 4.55047

-9.62451 4.55043
-9.60721 4.60449

-9.6072 4.60449
-9.58978 4.66064

-9.58979 4.66064
-9.57293 4.7168

-9.57294 4.7168
-9.56836 4.73255

-9.56836 4.73252
-9.55659 4.77295

-9.55658 4.77295
-9.54078 4.8291

-9.54078 4.8291
-9.52553 4.88525

-9.52554 4.88525
-9.51221 4.93612

-9.51221 4.93598
-9.51079 4.94141

-9.51082 4.94141
-9.49663 4.99756

-9.49662 4.99756
-9.48297 5.05371

-9.48297 5.05371
-9.46985 5.10986

-9.46986 5.10986
-9.45728 5.16602

-9.45728 5.16602
-9.45605 5.17173

-9.45605 5.17171
-9.44521 5.22217

-9.4452 5.22217
-9.43366 5.27832

-9.43366 5.27832
-9.42264 5.33447

-9.42264 5.33447
-9.41214 5.39062

-9.41215 5.39062
-9.40216 5.44678

-9.40216 5.44678
-9.3999 5.46012

-9.3999 5.46013
-9.39267 5.50293

-9.39267 5.50293
-9.38368 5.55908

-9.38368 5.55908
-9.37518 5.61523

-9.37519 5.61523
-9.3672 5.67139

-9.3672 5.67139
-9.35971 5.72754

-9.35971 5.72754
-9.35271 5.78369

-9.35272 5.78369
-9.3462 5.83984

-9.34619 5.83984
-9.34375 5.8625

-9.34375 5.86264
-9.34015 5.896

-9.34014 5.896
-9.33456 5.95215

-9.33456 5.95215
-9.32947 6.0083

-9.32947 6.0083
-9.32485 6.06445

-9.32485 6.06445
-9.3207 6.12061

-9.3207 6.12061
-9.31701 6.17676

-9.31702 6.17676
-9.31377 6.23291

-9.31377 6.23291
-9.31095 6.28906

-9.31095 6.28906
-9.30856 6.34521

-9.30856 6.34521
-9.30662 6.40137

-9.30662 6.40137
-9.30514 6.45752

-9.30514 6.45752
-9.30412 6.51367

-9.30413 6.51367
-9.30355 6.56982

-9.30355 6.56982
-9.3034 6.62598

-9.3034 6.62598
-9.30367 6.68213

-9.30368 6.68213
-9.30436 6.73828

-9.30436 6.73828
-9.30543 6.79443

-9.30543 6.79443
-9.3069 6.85059

-9.30688 6.85059
-9.30879 6.90674

-9.3088 6.90674
-9.31117 6.96289

-9.31118 6.96289
-9.31396 7.01904

-9.31396 7.01904
-9.31713 7.0752

-9.31713 7.0752
-9.32068 7.13135

-9.32068 7.13135
-9.32462 7.1875

-9.34375 7.40555
-9.3444 7.41211

-9.34439 7.41211
-9.3503 7.46826

-9.3503 7.46826
-9.35659 7.52441

-9.35658 7.52441
-9.36325 7.58057

-9.36326 7.58057
-9.3703 7.63672

-9.3703 7.63672
-9.37772 7.69287

-9.37771 7.69287
-9.3855 7.74902

-9.3999 7.84621
-9.40219 7.86133

-9.38551 7.74902
-9.39367 7.80518

-9.3999 7.84631
-9.39367 7.80518

-9.40218 7.86133
-9.41106 7.91748

-9.41106 7.91748
-9.42032 7.97363

-9.42032 7.97363
-9.42993 8.02979

-9.42992 8.02979
-9.4399 8.08594

-9.45605 8.17261
-9.46093 8.19824

-9.46092 8.19824
-9.47196 8.25439

-9.47197 8.25439
-9.48337 8.31055

-9.43991 8.08594
-9.45024 8.14209

-9.45605 8.1727
-9.45023 8.14209

-9.48336 8.31055
-9.49512 8.3667

-9.49512 8.3667
-9.50724 8.42285

-9.51221 8.44522
-9.51971 8.479

-9.5197 8.479
-9.53251 8.53516

-9.51221 8.44532
-9.50722 8.42285

-9.56836 8.68441
-9.57311 8.70361

-9.5731 8.70361
-9.58733 8.75977

-9.58732 8.75977
-9.60192 8.81592

-9.60193 8.81592
-9.61688 8.87207

-9.62451 8.90004
-9.63219 8.92822

-9.63218 8.92822
-9.64786 8.98438

-9.62451 8.90011
-9.61687 8.87207

-9.53251 8.53516
-9.54568 8.59131

-9.54569 8.59131
-9.55922 8.64746

-9.56836 8.68447
-9.55921 8.64746

-10.2422 10.5635
-10.2654 10.6128

-10.2654 10.6128
-10.2922 10.6689

-10.2983 10.6817
-10.3193 10.7251

-10.3193 10.7251
-10.3466 10.7812

-10.2983 10.6818
-10.2922 10.6689

-9.79297 9.45302
-9.80539 9.48975

-9.80538 9.48975
-9.82476 9.5459

-9.84912 9.61487
-9.86466 9.6582

-9.82477 9.5459
-9.84452 9.60205

-9.84912 9.61493
-9.8445 9.60205

-9.90527 9.76826
-9.90611 9.77051

-9.9061 9.77051
-9.9274 9.82666

-9.92741 9.82666
-9.9491 9.88281

-9.86466 9.6582
-9.88519 9.71436

-9.90527 9.76829
-9.88519 9.71436

-9.90527 9.77074
-9.90519 9.77051

-9.68066 9.09796
-9.69704 9.15283

-9.69703 9.15283
-9.71416 9.20898

-9.64786 8.98438
-9.66389 9.04053

-9.66389 9.04053
-9.68028 9.09668

-9.68066 9.09808
-9.68025 9.09668

-9.73682 9.28132
-9.74953 9.32129

-9.71417 9.20898
-9.73167 9.26514

-9.73682 9.2814
-9.73164 9.26514

-9.74953 9.32129
-9.76777 9.37744

-9.76777 9.37744
-9.78639 9.43359

-9.79297 9.45308
-9.78638 9.43359

-10.0176 10.0539
-10.0397 10.1074

-10.1299 10.317
-10.1365 10.332

-10.0737 10.1878
-10.0874 10.2197

-10.0397 10.1074
-10.0634 10.1636

-10.0737 10.1878
-10.0634 10.1636

-10.0874 10.2197
-10.1117 10.2759

-10.1299 10.3171
-10.1117 10.2759

-9.96143 9.91415
-9.97118 9.93896

-9.97117 9.93896
-9.99364 9.99512

-9.96143 9.9142
-9.94909 9.88281

-9.99365 9.99512
-10.0165 10.0513

-10.0176 10.054
-10.0165 10.0513

-10.186 10.4421
-10.187 10.4443

-10.1365 10.332
-10.1616 10.3882

-10.186 10.4421
-10.1616 10.3882

-10.187 10.4443
-10.2128 10.5005

-10.2128 10.5005
-10.239 10.5566

-10.186 10.4446
-10.1859 10.4443

-10.2422 10.5636
-10.2389 10.5566

-11.1406 12.2598
-11.1616 12.2974

-11.1616 12.2974
-11.193 12.3535

-11.2529 12.4612
-11.2555 12.4658

-11.3091 12.5624
-11.3178 12.5781

-11.2555 12.4658
-11.2867 12.522

-11.3091 12.5624
-11.2867 12.522

-11.1968 12.3603
-11.2243 12.4097

-11.2529 12.4611
-11.2243 12.4097

-11.1968 12.3604
-11.1929 12.3535

-12.0391 13.9496
-12.0555 13.9819

-12.0555 13.9819
-12.0841 14.0381

-12.0952 14.06
-12.1126 14.0942

-12.1126 14.0942
-12.1411 14.1504

-12.0952 14.0601
-12.084 14.0381

-12.1514 14.1705
-12.1697 14.2065

-12.1697 14.2065
-12.1982 14.2627

-12.2075 14.281
-12.2267 14.3188

-12.2267 14.3188
-12.2552 14.375

-12.2075 14.281
-12.1982 14.2627

-12.1514 14.1705
-12.1411 14.1504

-11.5898 13.0807
-11.5914 13.0835

-11.5914 13.0835
-11.6211 13.1396

-11.646 13.1869
-11.6507 13.1958

-11.6507 13.1958
-11.6801 13.252

-11.646 13.1869
-11.6211 13.1396

-11.7021 13.294
-11.7095 13.3081

-11.7095 13.3081
-11.7387 13.3643

-11.7583 13.4019
-11.7679 13.4204

-11.7679 13.4204
-11.797 13.4766

-11.7583 13.4019
-11.7387 13.3643

-11.7021 13.2941
-11.6801 13.252

-11.3652 12.6643
-11.3796 12.6904

-11.4214 12.767
-11.4408 12.8027

-11.3796 12.6904
-11.4102 12.7466

-11.4214 12.7671
-11.4102 12.7466

-11.4775 12.8706
-11.5015 12.915

-11.5337 12.9752
-11.5615 13.0273

-11.5015 12.915
-11.5316 12.9712

-11.5337 12.9753
-11.5315 12.9712

-11.4408 12.8027
-11.4712 12.8589

-11.4775 12.8707
-11.4712 12.8589

-11.3178 12.5781
-11.3487 12.6343

-11.3652 12.6644
-11.3487 12.6343

-11.5898 13.0806
-11.5615 13.0273

-11.5898 13.0837
-11.5898 13.0835

-11.8145 13.5104
-11.8259 13.5327

-11.8259 13.5327
-11.8548 13.5889

-11.8706 13.6196
-11.8837 13.645

-11.8837 13.645
-11.9124 13.7012

-11.8706 13.6196
-11.8548 13.5889

-11.9268 13.7292
-11.9411 13.7573

-11.9411 13.7573
-11.9698 13.8135

-11.9829 13.8392
-11.9984 13.8696

-11.9984 13.8696
-12.027 13.9258

-11.9829 13.8393
-11.9698 13.8135

-11.9268 13.7292
-11.9124 13.7012

-11.8145 13.5105
-11.7969 13.4766

-12.0391 13.9496
-12.0269 13.9258

-10.6914 11.4492
-10.6946 11.4551

-10.8037 11.6553
-10.8171 11.6797

-10.7476 11.5528
-10.7555 11.5674

-10.6946 11.4551
-10.725 11.5112

-10.7476 11.5528
-10.7249 11.5112

-10.7555 11.5674
-10.7862 11.6235

-10.8037 11.6554
-10.7862 11.6235

-10.4668 11.0215
-10.4875 11.062

-10.4875 11.062
-10.5164 11.1182

-10.5229 11.1307
-10.5456 11.1743

-10.5456 11.1743
-10.575 11.2305

-10.5229 11.1308
-10.5164 11.1182

-10.3545 10.7972
-10.3743 10.8374

-10.3743 10.8374
-10.4022 10.8936

-10.4106 10.9104
-10.4304 10.9497

-10.4304 10.9497
-10.4588 11.0059

-10.4106 10.9105
-10.4022 10.8936

-10.3545 10.7973
-10.3466 10.7812

-10.4668 11.0215
-10.4588 11.0059

-10.5791 11.2383
-10.6046 11.2866

-10.6046 11.2866
-10.6344 11.3428

-10.6353 11.3444
-10.6644 11.3989

-10.6914 11.4492
-10.6644 11.3989

-10.6353 11.3445
-10.6343 11.3428

-10.5791 11.2384
-10.5749 11.2305

-10.916 11.8582
-10.9417 11.9043

-11.0283 12.0593
-11.0359 12.0728

-11.0359 12.0728
-11.0673 12.1289

-10.9722 11.959
-10.973 11.9604

-10.973 11.9604
-11.0044 12.0166

-10.9722 11.9589
-10.9417 11.9043

-10.9722 11.9607
-10.972 11.9604

-11.0283 12.0593
-11.0044 12.0166

-10.8599 11.7571
-10.8792 11.792

-10.8171 11.6797
-10.8481 11.7358

-10.8599 11.7572
-10.848 11.7358

-10.8792 11.792
-10.9104 11.8481

-10.916 11.8583
-10.9103 11.8481

-11.0845 12.1595
-11.0988 12.1851

-11.0988 12.1851
-11.1302 12.2412

-11.0845 12.1596
-11.0673 12.1289

-11.1406 12.2599
-11.1302 12.2412

-9.32461 7.1875
-9.32897 7.24365

-9.32899 7.24365
-9.33375 7.2998

-9.33374 7.2998
-9.33887 7.35596

-9.34375 7.4056
-9.33887 7.35596

-12.9375 15.7453
-13.1618 16.1719

-13.8359 17.3895
-14.1744 17.9688

-13.1659 16.1719
-13.6572 17.0703

-13.8359 17.3843
-13.6525 17.0703

-14.7344 18.8668
-15.2728 19.7656

-15.2627 19.7656
-16.3675 21.5625

-14.7344 18.8822
-14.1872 17.9688

-18.3281 24.6846
-18.6217 25.1562

-16.5312 21.8033
-17.5027 23.3594

-18.3281 24.693
-17.498 23.3594

-18.623 25.1562
-19.7297 26.9531

-20.125 27.6188
-19.7225 26.9531

-16.5312 21.8293
-16.3647 21.5625

-12.4883 14.8371
-12.5099 14.8804

-12.5099 14.8804
-12.5379 14.9365

-12.5379 14.9365
-12.5937 15.0488

-12.5937 15.0488
-12.705 15.2734

-12.2637 14.3916
-12.2837 14.4312

-12.2837 14.4312
-12.3121 14.4873

-12.3198 14.5025
-12.3405 14.5435

-12.3405 14.5435
-12.3689 14.5996

-12.3198 14.5026
-12.3121 14.4873

-12.376 14.6137
-12.3972 14.6558

-12.3972 14.6558
-12.4255 14.7119

-12.4321 14.7251
-12.4537 14.7681

-12.4537 14.7681
-12.4819 14.8242

-12.4321 14.7252
-12.4255 14.7119

-12.376 14.6137
-12.3688 14.5996

-12.2637 14.3917
-12.2552 14.375

-12.4883 14.8372
-12.4818 14.8242

-12.7042 15.2734
-12.9293 15.7227

-12.9375 15.7426
-12.927 15.7227

-27.3125 40.0853
-28.0057 41.3281

-28.0049 41.3281
-29.0019 43.125

-23.7188 33.7207
-23.9601 34.1406

-23.9585 34.1406
-24.9805 35.9375

-21.9219 30.6163
-22.9277 32.3438

-20.8163 28.75
-21.8823 30.5469

-21.9219 30.6387
-21.8684 30.5469

-23.7188 33.7249
-22.925 32.3438

-25.5156 36.884
-25.9958 37.7344

-25.9948 37.7344
-27.0031 39.5312

-25.5156 36.8925
-24.9763 35.9375

-27.3125 40.0975
-26.9967 39.5312

-30.9062 46.5858
-30.9792 46.7188

-32.7031 49.8802
-32.9384 50.3125

-30.9788 46.7188
-31.9601 48.5156

-32.7031 49.8831
-31.9589 48.5156

-29.1094 43.3198
-29.993 44.9219

-30.9062 46.5867
-29.9923 44.9219

-29.1094 43.3349
-28.9936 43.125

-32.9377 50.3125
-33.913 52.1094

-34.5 53.1962
-33.9105 52.1094

-84.8125 142.857
-85.3187 143.75

-81.2188 136.511
-81.2479 136.562

-77.625 130.182
-78.1874 131.172

-78.1868 131.172
-79.2078 132.969

-79.4219 133.344
-80.2293 134.766

-81.2188 136.511
-80.2298 134.766

-79.4219 133.35
-79.2055 132.969

-83.0156 139.688
-83.2808 140.156

-81.247 136.562
-82.2627 138.359

-83.0156 139.691
-82.2609 138.359

-83.2819 140.156
-84.3016 141.953

-84.8125 142.855
-84.3009 141.953

-70.4375 117.532
-71.0397 118.594

-72.2344 120.699
-73.0796 122.188

-71.0394 118.594
-72.0591 120.391

-72.2344 120.704
-72.0565 120.391

-74.0312 123.863
-74.1004 123.984

-74.1002 123.984
-75.1213 125.781

-75.8281 127.023
-76.1437 127.578

-76.1438 127.578
-77.1659 129.375

-75.8281 127.025
-75.1207 125.781

-74.0312 123.863
-73.0794 122.188

-69.0022 115
-70.0206 116.797

-70.4375 117.535
-70.019 116.797

-77.625 130.184
-77.165 129.375

-88.4062 149.052
-88.459 149.141

-88.4569 149.141
-89.5437 150.938

-86.6094 145.995
-87.3964 147.344

-85.3149 143.75
-86.3452 145.547

-86.6094 146.006
-86.3416 145.547

-88.4062 149.05
-87.3948 147.344

-90.2031 151.983
-90.6746 152.734

-90.6784 152.734
-91.8337 154.531

-90.2031 152.01
-89.53 150.938

-92 154.84
-91.8139 154.531

