-34.5 49.4194
-34.9673 50.3125

-38.0938 56.2724
-38.7417 57.5

-36.2969 52.8529
-36.8491 53.9062

-34.967 50.3125
-35.9075 52.1094

-36.2969 52.8601
-35.9033 52.1094

-36.8488 53.9062
-37.7936 55.7031

-38.0938 56.2805
-37.789 55.7031

-63.25 102.277
-63.3309 102.422

-63.3307 102.422
-64.333 104.219

-65.0469 105.496
-65.3368 106.016

-65.3366 106.016
-66.3408 107.812

-65.0469 105.498
-64.3324 104.219

-66.8438 108.711
-67.3461 109.609

-67.3458 109.609
-68.3518 111.406

-68.6406 111.922
-69.3587 113.203

-69.3585 113.203
-70.3663 115

-68.6406 111.926
-68.3495 111.406

-66.8438 108.714
-66.3394 107.812

-48.875 76.2735
-49.4177 77.2656

-49.4176 77.2656
-50.4023 79.0625

-54.2656 86.0841
-54.3571 86.25

-52.4688 82.8235
-53.366 84.4531

-54.2656 86.0847
-53.3657 84.4531

-50.6719 79.5533
-51.3887 80.8594

-51.3885 80.8594
-52.3766 82.6562

-50.6719 79.5596
-50.399 79.0625

-52.4688 82.8313
-52.3724 82.6562

-41.6875 63.0281
-42.5793 64.6875

-45.2812 69.6808
-45.4969 70.0781

-45.4967 70.0781
-46.4739 71.875

-43.4844 66.3645
-43.5491 66.4844

-43.549 66.4844
-44.5213 68.2812

-43.4844 66.3651
-42.5792 64.6875

-45.2812 69.6827
-44.5207 68.2812

-39.8906 59.6653
-40.6516 61.0938

-38.7415 57.5
-39.6945 59.2969

-39.8906 59.6744
-39.6895 59.2969

-40.6515 61.0938
-41.6135 62.8906

-41.6875 63.0385
-41.608 62.8906

-47.0781 72.983
-47.4536 73.6719

-47.4534 73.6719
-48.4346 75.4688

-47.0781 72.9863
-46.4724 71.875

-48.875 76.2782
-48.4322 75.4688

-56.0625 89.3359
-56.3433 89.8438

-57.8594 92.5807
-58.3343 93.4375

-56.3432 89.8438
-57.338 91.6406

-57.8594 92.584
-57.3364 91.6406

-59.6562 95.8189
-60.3298 97.0312

-61.4531 99.051
-62.3293 100.625

-60.3295 97.0312
-61.329 98.8281

-61.4531 99.0572
-61.3256 98.8281

-58.3341 93.4375
-59.3314 95.2344

-59.6562 95.8236
-59.3289 95.2344

-54.357 86.25
-55.3492 88.0469

-56.0625 89.3379
-55.3486 88.0469

-63.25 102.277
-62.3291 100.625

-20.125 22.6807
-20.5083 23.3594

-20.4969 23.3594
-21.5068 25.1562

-21.9219 25.8759
-22.5259 26.9531

-22.5204 26.9531
-23.5136 28.75

-21.9219 25.8893
-21.5108 25.1562

-17.6588 0
-17.6583 0.0561523

-17.6583 0.0561523
-17.6568 0.112305

-17.6568 0.112305
-17.6544 0.168457

-17.6544 0.168457
-17.6543 0.170694

-17.6543 0.170722
-17.6511 0.224609

-17.6511 0.224609
-17.6467 0.280762

-17.6467 0.280762
-17.6414 0.336914

-17.6414 0.336914
-17.6352 0.393066

-17.6352 0.393066
-17.628 0.449219

-17.628 0.449219
-17.6198 0.505371

-17.6198 0.505371
-17.6107 0.561523

-17.6107 0.561523
-17.6006 0.617676

-17.6006 0.617676
-17.5981 0.630398

-17.5981 0.630421
-17.5896 0.673828

-17.5896 0.673828
-17.5776 0.72998

-17.5776 0.72998
-17.5647 0.786133

-17.5647 0.786133
-17.5508 0.842285

-17.5508 0.842285
-17.542 0.875403

-17.542 0.875426
-17.5359 0.898438

-17.5359 0.898438
-17.5201 0.95459

-17.5201 0.95459
-17.5032 1.01074

-17.5032 1.01074
-17.4858 1.06569

-17.4858 1.06571
-17.4855 1.06689

-17.4855 1.06689
-17.4667 1.12305

-17.4667 1.12305
-17.447 1.1792

-17.447 1.1792
-17.4297 1.22603

-17.4297 1.22605
-17.4263 1.23535

-17.4262 1.23535
-17.4045 1.2915

-17.4045 1.2915
-17.3819 1.34766

-17.3819 1.34766
-17.3735 1.36738

-17.3735 1.36741
-17.3582 1.40381

-17.3582 1.40381
-17.3335 1.45996

-17.3335 1.45996
-17.3174 1.49525

-17.3174 1.49527
-17.3079 1.51611

-17.3079 1.51611
-17.2812 1.57227

-17.2812 1.57227
-17.2612 1.6128

-17.2612 1.61282
-17.2536 1.62842

-17.2535 1.62842
-17.2249 1.68457

-17.2249 1.68457
-17.2051 1.7221

-17.2051 1.72213
-17.1953 1.74072

-17.1953 1.74072
-17.1646 1.79688

-17.1646 1.79688
-17.1489 1.82473

-17.1489 1.82475
-17.133 1.85303

-17.133 1.85303
-17.1004 1.90918

-17.1004 1.90918
-17.0928 1.92188

-17.0928 1.9219
-17.0668 1.96533

-17.0668 1.96533
-17.0366 2.01435

-17.0366 2.01438
-17.0322 2.02148

-17.0322 2.02148
-16.9967 2.07764

-16.9967 2.07764
-16.9805 2.10262

-16.9805 2.10264
-16.9602 2.13379

-16.9602 2.13379
-16.9243 2.18768

-16.9243 2.18771
-16.9228 2.18994

-16.9228 2.18994
-16.8845 2.24609

-16.8845 2.24609
-16.8682 2.26941

-16.8682 2.26943
-16.8452 2.30225

-16.8452 2.30225
-16.812 2.34871

-16.812 2.34873
-16.8051 2.3584

-16.8051 2.3584
-16.7641 2.41455

-16.7641 2.41455
-16.7559 2.42557

-16.7559 2.42559
-16.7223 2.4707

-16.7222 2.4707
-16.6997 2.50038

-16.6997 2.5004
-16.6796 2.52686

-16.6796 2.52686
-16.6436 2.57348

-16.6436 2.5735
-16.6362 2.58301

-16.6362 2.58301
-16.592 2.63916

-16.592 2.63916
-16.5874 2.64491

-16.5874 2.64493
-16.5472 2.69531

-16.5471 2.69531
-16.5312 2.71491

-16.5312 2.71492
-16.5016 2.75146

-16.5016 2.75146
-16.4751 2.78372

-16.4751 2.78373
-16.4555 2.80762

-16.4554 2.80762
-16.4189 2.85149

-16.4189 2.85151
-16.4087 2.86377

-16.4087 2.86377
-16.3628 2.91835

-16.3628 2.91837
-16.3615 2.91992

-16.3615 2.91992
-16.3137 2.97607

-16.3137 2.97607
-16.3066 2.98432

-16.3066 2.98434
-16.2656 3.03223

-16.2656 3.03223
-16.2505 3.04968

-16.2505 3.04969
-16.2171 3.08838

-16.217 3.08838
-16.1943 3.1145

-16.1943 3.11451
-16.1682 3.14453

-16.1682 3.14453
-16.1382 3.17891

-16.1382 3.17892
-16.1192 3.20068

-16.1191 3.20068
-16.082 3.24299

-16.082 3.24301
-16.0699 3.25684

-16.0699 3.25684
-16.0259 3.30687

-16.0259 3.30688
-16.0205 3.31299

-16.0205 3.31299
-15.971 3.36914

-15.971 3.36914
-15.9697 3.37059

-15.9697 3.37061
-15.9216 3.42529

-15.9215 3.42529
-15.9136 3.43435

-15.9136 3.43436
-15.8721 3.48145

-15.8721 3.48145
-15.8574 3.4982

-15.8574 3.4982
-15.8228 3.5376

-15.8228 3.5376
-15.8013 3.56223

-15.8013 3.56223
-15.7737 3.59375

-15.7737 3.59375
-15.7451 3.62654

-15.7451 3.62654
-15.7248 3.6499

-15.7248 3.6499
-15.689 3.69122

-15.689 3.69122
-15.6761 3.70605

-15.6761 3.70605
-15.6328 3.75638

-15.6328 3.75638
-15.6278 3.76221

-15.6278 3.76221
-15.5799 3.81836

-15.5798 3.81836
-15.5767 3.82212

-15.5767 3.82212
-15.5323 3.87451

-15.5323 3.87451
-15.5205 3.88864

-15.5205 3.88863
-15.4853 3.93066

-15.4853 3.93066
-15.4644 3.95594

-15.4644 3.95593
-15.4388 3.98682

-15.4388 3.98682
-15.4082 4.02413

-15.4082 4.02412
-15.3928 4.04297

-15.3928 4.04297
-15.3521 4.09332

-15.3521 4.09331
-15.3474 4.09912

-15.3473 4.09912
-15.3026 4.15527

-15.3026 4.15527
-15.2959 4.16376

-15.2959 4.16375
-15.2584 4.21143

-15.2584 4.21143
-15.2397 4.23556

-15.2397 4.23554
-15.2149 4.26758

-15.215 4.26758
-15.1836 4.30874

-15.1836 4.30871
-15.1722 4.32373

-15.1722 4.32373
-15.1301 4.37988

-15.1301 4.37988
-15.1274 4.3835

-15.1274 4.38348
-15.0888 4.43604

-15.0888 4.43604
-15.0713 4.46025

-15.0713 4.46022
-15.0482 4.49219

-15.0482 4.49219
-15.0151 4.53881

-15.0151 4.53877
-15.0084 4.54834

-15.0084 4.54834
-14.9693 4.60449

-14.9694 4.60449
-14.959 4.61972

-14.959 4.61968
-14.9311 4.66064

-14.9311 4.66064
-14.9028 4.70302

-14.9028 4.70297
-14.8936 4.7168

-14.8936 4.7168
-14.857 4.77295

-14.857 4.77295
-14.8467 4.78911

-14.8467 4.78906
-14.8211 4.8291

-14.8211 4.8291
-14.7905 4.87811

-14.7905 4.87805
-14.786 4.88525

-14.7861 4.88525
-14.7518 4.94141

-14.7519 4.94141
-14.7344 4.97076

-14.7344 4.9707
-14.7184 4.99756

-14.7184 4.99756
-14.6858 5.05371

-14.6858 5.05371
-14.6782 5.06711

-14.6782 5.06705
-14.654 5.10986

-14.654 5.10986
-14.623 5.16602

-14.623 5.16602
-14.6221 5.16771

-14.6221 5.16766
-14.5927 5.22217

-14.5928 5.22217
-14.5659 5.27339

-14.5659 5.2733
-14.5633 5.27832

-14.5633 5.27832
-14.5347 5.33447

-14.5347 5.33447
-14.5098 5.38479

-14.5098 5.3847
-14.5068 5.39062

-14.5069 5.39062
-14.4798 5.44678

-14.4798 5.44678
-14.4536 5.50272

-14.4536 5.50265
-14.4535 5.50293

-14.4537 5.50293
-14.4536 5.50308

-14.4535 5.50293
-14.428 5.55908

-14.428 5.55908
-14.4032 5.61523

-14.4033 5.61523
-14.3975 5.6288

-14.3975 5.62873
-14.3792 5.67139

-14.3792 5.67139
-14.3559 5.72754

-14.356 5.72754
-14.3413 5.76411

-14.3413 5.76403
-14.3334 5.78369

-14.3334 5.78369
-14.3116 5.83984

-14.3116 5.83984
-14.2905 5.896

-14.2906 5.896
-14.2852 5.91095

-14.2852 5.91087
-14.2702 5.95215

-14.2702 5.95215
-14.2505 6.0083

-14.2505 6.0083
-14.2316 6.06445

-14.2316 6.06445
-14.229 6.07237

-14.229 6.07231
-14.2133 6.12061

-14.2133 6.12061
-14.1957 6.17676

-14.1957 6.17676
-14.1788 6.23291

-14.1788 6.23291
-14.1729 6.25341

-14.1729 6.25334
-14.1625 6.28906

-14.1625 6.28906
-14.1469 6.34521

-14.1469 6.34521
-14.132 6.40137

-14.132 6.40137
-14.1177 6.45752

-14.1177 6.45752
-14.1167 6.46179

-14.1167 6.46173
-14.1041 6.51367

-14.104 6.51367
-14.091 6.56982

-14.091 6.56982
-14.0786 6.62598

-14.0786 6.62598
-14.0668 6.68213

-14.0668 6.68213
-14.0605 6.71373

-14.0605 6.71368
-14.0557 6.73828

-14.0557 6.73828
-14.0451 6.79443

-14.0451 6.79443
-14.0351 6.85059

-14.0352 6.85059
-14.0258 6.90674

-14.0258 6.90674
-14.0171 6.96289

-14.0171 6.96289
-14.0089 7.01904

-14.0089 7.01904
-14.0044 7.0521

-14.0044 7.05215
-14.0013 7.0752

-14.0013 7.0752
-13.9942 7.13135

-13.9942 7.13135
-13.9877 7.1875

-13.9877 7.1875
-13.9818 7.24365

-13.9818 7.24365
-13.9765 7.2998

-13.9765 7.2998
-13.9718 7.35596

-13.9718 7.35596
-13.9676 7.41211

-13.9676 7.41211
-13.964 7.46826

-13.964 7.46826
-13.9609 7.52441

-13.9609 7.52441
-13.9583 7.58057

-13.9583 7.58057
-13.9562 7.63672

-13.9562 7.63672
-13.9548 7.69287

-13.9548 7.69287
-13.9539 7.74902

-13.9539 7.74902
-13.9535 7.80518

-13.9535 7.80518
-13.9536 7.86133

-13.9536 7.86133
-13.9543 7.91748

-13.9543 7.91748
-13.9556 7.97363

-13.9556 7.97363
-13.9573 8.02979

-13.9573 8.02979
-13.9596 8.08594

-13.9596 8.08594
-13.9625 8.14209

-13.9625 8.14209
-13.9658 8.19824

-13.9658 8.19824
-13.9697 8.25439

-13.9697 8.25439
-13.9741 8.31055

-13.9741 8.31055
-13.9791 8.3667

-13.9791 8.3667
-13.9845 8.42285

-13.9845 8.42285
-13.9904 8.479

-13.9905 8.479
-13.9969 8.53516

-14.0605 8.95484
-14.0659 8.98438

-14.0044 8.59535
-14.0113 8.64746

-13.9969 8.53516
-14.0039 8.59131

-14.0044 8.5955
-14.0038 8.59131

-14.0113 8.64746
-14.0192 8.70361

-14.0192 8.70361
-14.0277 8.75977

-14.0276 8.75977
-14.0365 8.81592

-14.0365 8.81592
-14.0459 8.87207

-14.0459 8.87207
-14.0557 8.92822

-14.0605 8.95493
-14.0557 8.92822

-14.0659 8.98438
-14.0766 9.04053

-14.0766 9.04053
-14.0877 9.09668

-14.0877 9.09668
-14.0993 9.15283

-14.0993 9.15283
-14.1112 9.20898

-14.1167 9.2338
-14.1236 9.26514

-14.1236 9.26514
-14.1363 9.32129

-14.1167 9.23389
-14.1112 9.20898

-14.1363 9.32129
-14.1495 9.37744

-14.1495 9.37744
-14.163 9.43359

-14.1729 9.47353
-14.1769 9.48975

-14.1768 9.48975
-14.1911 9.5459

-14.1911 9.5459
-14.2057 9.60205

-14.2057 9.60205
-14.2206 9.6582

-14.1729 9.47359
-14.163 9.43359

-14.229 9.68919
-14.2358 9.71436

-14.2358 9.71436
-14.2514 9.77051

-14.229 9.68926
-14.2206 9.6582

-14.2514 9.77051
-14.2673 9.82666

-14.2673 9.82666
-14.2835 9.88281

-14.2852 9.8886
-14.2999 9.93896

-14.2999 9.93896
-14.3167 9.99512

-14.3413 10.076
-14.351 10.1074

-14.3167 9.99512
-14.3337 10.0513

-14.3413 10.0761
-14.3337 10.0513

-14.3975 10.2547
-14.4042 10.2759

-14.4042 10.2759
-14.4224 10.332

-14.351 10.1074
-14.3685 10.1636

-14.3685 10.1636
-14.3862 10.2197

-14.3975 10.2548
-14.3862 10.2197

-14.5098 10.5944
-14.516 10.6128

-14.516 10.6128
-14.5351 10.6689

-14.5659 10.7583
-14.5739 10.7812

-14.5351 10.6689
-14.5544 10.7251

-14.5659 10.7583
-14.5544 10.7251

-14.4536 10.427
-14.4593 10.4443

-14.4224 10.332
-14.4408 10.3882

-14.4536 10.4271
-14.4408 10.3882

-14.4593 10.4443
-14.4781 10.5005

-14.4781 10.5005
-14.4969 10.5566

-14.5098 10.5945
-14.4969 10.5566

-14.2852 9.88869
-14.2834 9.88281

-14.7344 11.2374
-14.7519 11.2866

-14.7519 11.2866
-14.7719 11.3428

-14.7905 11.395
-14.7919 11.3989

-14.7919 11.3989
-14.812 11.4551

-14.7905 11.395
-14.7719 11.3428

-14.8467 11.5521
-14.8521 11.5674

-14.8521 11.5674
-14.8722 11.6235

-14.8722 11.6235
-14.8923 11.6797

-14.812 11.4551
-14.832 11.5112

-14.8467 11.5522
-14.832 11.5112

-15.1836 12.488
-15.196 12.522

-15.1959 12.522
-15.2164 12.5781

-14.959 11.8655
-14.9729 11.9043

-14.9729 11.9043
-14.9931 11.9604

-14.9931 11.9604
-15.0133 12.0166

-15.0151 12.0218
-15.0335 12.0728

-15.0335 12.0728
-15.0537 12.1289

-15.0151 12.0219
-15.0132 12.0166

-14.9028 11.709
-14.9125 11.7358

-14.9124 11.7358
-14.9326 11.792

-14.9028 11.709
-14.8923 11.6797

-14.9326 11.792
-14.9527 11.8481

-14.959 11.8656
-14.9527 11.8481

-15.0713 12.1777
-15.0739 12.1851

-15.0739 12.1851
-15.0942 12.2412

-15.1274 12.3331
-15.1348 12.3535

-15.0942 12.2412
-15.1145 12.2974

-15.1274 12.3332
-15.1145 12.2974

-15.0713 12.1777
-15.0537 12.1289

-15.1348 12.3535
-15.1552 12.4097

-15.1552 12.4097
-15.1755 12.4658

-15.1836 12.488
-15.1755 12.4658

-15.6328 13.7027
-15.6534 13.7573

-15.6534 13.7573
-15.6747 13.8135

-15.689 13.851
-15.6961 13.8696

-15.696 13.8696
-15.7175 13.9258

-15.689 13.851
-15.6747 13.8135

-15.8574 14.2849
-15.871 14.3188

-15.871 14.3188
-15.8935 14.375

-15.7451 13.9978
-15.7607 14.0381

-15.8013 14.1426
-15.8043 14.1504

-15.7606 14.0381
-15.7824 14.0942

-15.8013 14.1426
-15.7824 14.0942

-15.7175 13.9258
-15.739 13.9819

-15.7451 13.9978
-15.739 13.9819

-15.8043 14.1504
-15.8264 14.2065

-15.8264 14.2065
-15.8486 14.2627

-15.8574 14.2849
-15.8486 14.2627

-15.2959 12.7957
-15.2985 12.8027

-15.2397 12.6422
-15.2574 12.6904

-15.2164 12.5781
-15.2369 12.6343

-15.2397 12.6422
-15.2368 12.6343

-15.2574 12.6904
-15.2779 12.7466

-15.2959 12.7957
-15.2779 12.7466

-15.2985 12.8027
-15.3191 12.8589

-15.3191 12.8589
-15.3397 12.915

-15.3521 12.9485
-15.3604 12.9712

-15.3604 12.9712
-15.3811 13.0273

-15.3521 12.9485
-15.3397 12.915

-15.4082 13.1006
-15.4226 13.1396

-15.4226 13.1396
-15.4434 13.1958

-15.4434 13.1958
-15.4643 13.252

-15.5205 13.403
-15.527 13.4204

-15.527 13.4204
-15.5479 13.4766

-15.4644 13.2522
-15.4851 13.3081

-15.4851 13.3081
-15.506 13.3643

-15.4644 13.2523
-15.4642 13.252

-15.5205 13.4031
-15.506 13.3643

-15.3811 13.0273
-15.4019 13.0835

-15.4082 13.1007
-15.4018 13.0835

-15.5767 13.5533
-15.59 13.5889

-15.548 13.4766
-15.569 13.5327

-15.5767 13.5533
-15.5689 13.5327

-15.59 13.5889
-15.6111 13.645

-15.6111 13.645
-15.6322 13.7012

-15.6328 13.7028
-15.6322 13.7012

-14.6221 10.9195
-14.6326 10.9497

-14.6326 10.9497
-14.6524 11.0059

-14.5738 10.7812
-14.5934 10.8374

-14.5934 10.8374
-14.613 10.8936

-14.6221 10.9196
-14.6129 10.8936

-14.6782 11.079
-14.6921 11.1182

-14.6524 11.0059
-14.6722 11.062

-14.6782 11.0791
-14.6722 11.062

-14.692 11.1182
-14.712 11.1743

-14.712 11.1743
-14.7319 11.2305

-14.7344 11.2375
-14.7319 11.2305

-16.5312 15.8527
-16.6791 16.1719

-17.4297 17.7255
-17.5503 17.9688

-16.6826 16.1719
-17.1104 17.0703

-17.4297 17.7182
-17.1085 17.0703

-18.3281 19.4648
-18.4837 19.7656

-18.4766 19.7656
-19.4673 21.5625

-18.3281 19.467
-17.5533 17.9688

-16.082 14.8288
-16.1039 14.8804

-16.1039 14.8804
-16.1278 14.9365

-16.1279 14.9365
-16.1759 15.0488

-16.1754 15.0488
-16.2734 15.2734

-15.9697 14.5616
-15.9855 14.5996

-15.9136 14.4245
-15.9163 14.4312

-15.9163 14.4312
-15.9392 14.4873

-15.9136 14.4245
-15.8935 14.375

-15.9392 14.4873
-15.9622 14.5435

-15.9697 14.5616
-15.9622 14.5435

-16.0259 14.6961
-16.0325 14.7119

-15.9855 14.5996
-16.0089 14.6558

-16.0259 14.6962
-16.0089 14.6558

-16.0325 14.7119
-16.0562 14.7681

-16.0563 14.7681
-16.0801 14.8242

-16.082 14.8289
-16.08 14.8242

-16.274 15.2734
-16.4736 15.7227

-16.5312 15.8506
-16.472 15.7227

-20.125 22.685
-19.491 21.5625

-27.3125 35.7942
-27.389 35.9375

-30.9062 42.5717
-31.1982 43.125

-29.1094 39.1737
-29.2991 39.5312

-27.389 35.9375
-28.3452 37.7344

-29.1094 39.1769
-28.3438 37.7344

-29.2989 39.5312
-30.2497 41.3281

-30.9062 42.5763
-30.2476 41.3281

-23.7188 29.1195
-24.4986 30.5469

-24.4948 30.5469
-25.4659 32.3438

-25.5156 32.4356
-26.4304 34.1406

-27.3125 35.7957
-26.4286 34.1406

-25.5156 32.4559
-25.4555 32.3438

-23.7188 29.1374
-23.5071 28.75

-32.7031 45.9882
-33.0865 46.7188

-31.198 43.125
-32.1434 44.9219

-32.7031 45.9939
-32.1405 44.9219

-33.0863 46.7188
-34.0274 48.5156

-34.5 49.4259
-34.0237 48.5156

-77.625 127.897
-78.4583 129.375

-84.8125 140.649
-85.5468 141.953

-85.542 141.953
-86.5669 143.75

-81.2188 134.267
-81.4993 134.766

-81.4979 134.766
-82.5085 136.562

-79.4219 131.083
-79.4721 131.172

-79.4727 131.172
-80.4871 132.969

-79.4219 131.083
-78.4575 129.375

-81.2188 134.267
-80.4876 132.969

-83.0156 137.46
-83.5232 138.359

-83.5247 138.359
-84.5381 140.156

-83.0156 137.465
-82.5062 136.562

-84.8125 140.646
-84.5368 140.156

-74.0312 121.521
-74.4064 122.188

-72.2344 118.327
-72.3845 118.594

-70.4375 115.127
-71.3747 116.797

-72.2344 118.327
-71.3743 116.797

-72.3844 118.594
-73.3949 120.391

-74.0312 121.522
-73.3943 120.391

-75.8281 124.711
-76.4316 125.781

-74.4061 122.188
-75.418 123.984

-75.8281 124.715
-75.4164 123.984

-76.4317 125.781
-77.4454 127.578

-77.625 127.9
-77.4433 127.578

-70.4375 115.132
-70.3632 115

-88.4062 146.905
-88.6636 147.344

-90.2031 149.87
-90.8717 150.938

-88.6592 147.344
-89.74 149.141

-90.2031 149.912
-89.7204 149.141

-86.6094 143.816
-87.6122 145.547

-88.4062 146.905
-87.6096 145.547

-86.6094 143.831
-86.5624 143.75

-92 152.695
-90.8741 150.938

-92 152.755
-91.9876 152.734

