-63.25 112.842
-63.4616 113.203

-63.4613 113.203
-64.5136 115

-34.5 64.1476
-34.8221 64.6875

-38.0938 70.1758
-39.105 71.875

-36.2969 67.1601
-36.9654 68.2812

-34.8215 64.6875
-35.8932 66.4844

-36.2969 67.1665
-35.8902 66.4844

-36.9645 68.2812
-38.0354 70.0781

-38.0938 70.1858
-38.0297 70.0781

-41.6875 76.2214
-42.3068 77.2656

-42.3061 77.2656
-43.3709 79.0625

-45.2812 82.2905
-45.4976 82.6562

-47.0781 85.3313
-47.6206 86.25

-45.4972 82.6562
-46.559 84.4531

-47.0781 85.3353
-46.5572 84.4531

-43.4844 79.254
-44.4345 80.8594

-45.2812 82.292
-44.4338 80.8594

-43.4844 79.2621
-43.3662 79.0625

-39.8906 73.1953
-40.174 73.6719

-40.1735 73.6719
-41.2404 75.4688

-39.8906 73.1976
-39.1041 71.875

-41.6875 76.2266
-41.238 75.4688

-56.0625 100.589
-56.0834 100.625

-48.875 88.3765
-49.7401 89.8438

-50.6719 91.4251
-50.7989 91.6406

-50.7987 91.6406
-51.8567 93.4375

-50.6719 91.4259
-49.7394 89.8438

-52.4688 94.4764
-52.9149 95.2344

-52.9144 95.2344
-53.9713 97.0312

-54.2656 97.5313
-55.0279 98.8281

-56.0625 100.59
-55.0273 98.8281

-54.2656 97.5364
-53.9687 97.0312

-52.4688 94.4793
-51.8556 93.4375

-59.6562 106.711
-60.3024 107.812

-57.8594 103.649
-58.194 104.219

-56.0834 100.625
-57.1386 102.422

-57.8594 103.651
-57.138 102.422

-58.1936 104.219
-59.248 106.016

-59.6562 106.715
-59.2462 106.016

-61.4531 109.776
-62.4086 111.406

-60.3019 107.812
-61.3555 109.609

-61.4531 109.782
-61.3522 109.609

-63.25 112.843
-62.4081 111.406

-47.62 86.25
-48.6804 88.0469

-48.875 88.383
-48.6768 88.0469

-5.75 21.3044
-5.96882 21.5625

-11.1406 27.9791
-11.742 28.75

-9.34375 25.7064
-10.3372 26.9531

-11.1406 27.9919
-10.3304 26.9531

-7.54688 23.4845
-8.90167 25.1562

-5.96178 21.5625
-7.44534 23.3594

-7.54688 23.5135
-7.42201 23.3594

-9.34375 25.728
-8.88813 25.1562

-20.125 40.7249
-20.5205 41.3281

-20.5183 41.3281
-21.6807 43.125

-27.3125 52.1441
-28.3796 53.9062

-29.1094 55.1188
-29.4609 55.7031

-29.4595 55.7031
-30.535 57.5

-29.1094 55.1226
-28.3776 53.9062

-23.7188 46.3303
-23.9641 46.7188

-25.5156 49.2115
-26.1954 50.3125

-23.963 46.7188
-25.0848 48.5156

-25.5156 49.2208
-25.0803 48.5156

-21.9219 43.5008
-22.8296 44.9219

-23.7188 46.3335
-22.827 44.9219

-21.9219 43.5149
-21.6728 43.125

-26.1933 50.3125
-27.2918 52.1094

-27.3125 52.1586
-27.2827 52.1094

-16.5312 35.3507
-16.9367 35.9375

-12.9375 30.3287
-13.103 30.5469

-13.1018 30.5469
-14.4205 32.3438

-14.7344 32.7838
-15.6978 34.1406

-16.5312 35.3569
-15.6908 34.1406

-14.7344 32.802
-14.409 32.3438

-18.3281 38.005
-19.3427 39.5312

-16.9325 35.9375
-18.1478 37.7344

-18.3281 38.0223
-18.1368 37.7344

-20.125 40.7307
-19.3387 39.5312

-12.9375 30.3322
-11.7375 28.75

0.314453 14.2488
0.214454 14.375

0.539062 13.9624
0.39191 14.1504

0.314453 14.2485
0.392221 14.1504

0.932129 13.4549
0.915455 13.4766

0.988281 13.382
0.958714 13.4204

0.932129 13.4549
0.958734 13.4204

1.4375 12.792
1.42943 12.8027

1.26904 13.0151
1.25974 13.0273

1.3252 12.941
1.30234 12.9712

1.26904 13.0151
1.30235 12.9712

1.38135 12.8666
1.34482 12.915

1.42944 12.8027
1.38719 12.8589

1.38135 12.8667
1.38723 12.8589

1.3252 12.941
1.34485 12.915

1.10059 13.2358
1.08817 13.252

1.21289 13.0889
1.17418 13.1396

1.15674 13.1624
1.13121 13.1958

1.10059 13.2358
1.13123 13.1958

1.15674 13.1625
1.17421 13.1396

1.04443 13.3089
1.00192 13.3643

1.08819 13.252
1.04508 13.3081

1.04443 13.309
1.04516 13.3081

0.988281 13.382
1.00196 13.3643

1.25975 13.0273
1.21703 13.0835

1.21289 13.089
1.21707 13.0835

0.763672 13.673
0.741864 13.7012

0.651367 13.8184
0.56796 13.9258

0.741803 13.7012
0.654915 13.8135

0.651367 13.8183
0.65512 13.8135

0.875977 13.5278
0.872169 13.5327

0.872171 13.5327
0.828804 13.5889

0.819824 13.6005
0.785364 13.645

0.763672 13.6731
0.78541 13.645

0.819824 13.6005
0.828845 13.5889

0.875977 13.5278
0.915476 13.4766

0.539062 13.9634
0.568501 13.9258

5.03125 7.09671
5.0142 7.13135

5.01421 7.13135
4.98639 7.1875

6.82812 0.415276
6.82727 0.449219

6.82726 0.449219
6.8256 0.505371

6.8256 0.505371
6.82374 0.561523

6.82374 0.561523
6.82165 0.617676

6.82165 0.617676
6.81935 0.673828

6.81935 0.673828
6.81683 0.72998

6.81682 0.72998
6.81409 0.786133

6.81408 0.786133
6.81115 0.842285

6.81117 0.842285
6.80803 0.898438

6.80804 0.898438
6.80465 0.95459

6.80465 0.95459
6.80102 1.01074

6.80102 1.01074
6.79717 1.06689

6.79716 1.06689
6.79309 1.12305

6.7931 1.12305
6.78882 1.1792

6.78882 1.1792
6.7843 1.23535

6.78429 1.23535
6.77952 1.2915

6.77951 1.2915
6.77454 1.34766

6.77197 1.37555
6.76936 1.40381

6.76936 1.40381
6.76392 1.45996

6.77197 1.37566
6.77456 1.34766

6.76391 1.45996
6.75824 1.51611

6.75824 1.51611
6.75234 1.57227

6.75234 1.57227
6.74619 1.62842

6.74619 1.62842
6.73981 1.68457

6.73982 1.68457
6.7332 1.74072

6.7332 1.74072
6.72633 1.79688

6.71582 1.87894
6.71186 1.90918

6.71186 1.90918
6.70426 1.96533

6.70426 1.96533
6.69642 2.02148

6.72631 1.79688
6.7192 1.85303

6.71582 1.87906
6.71923 1.85303

6.69641 2.02148
6.68832 2.07764

6.68832 2.07764
6.67998 2.13379

6.67998 2.13379
6.67138 2.18994

6.67137 2.18994
6.66254 2.24609

6.60352 2.58749
6.5938 2.63916

6.59381 2.63916
6.58299 2.69531

6.65967 2.26394
6.65348 2.30225

6.65347 2.30225
6.64414 2.3584

6.65967 2.26405
6.66257 2.24609

6.64415 2.3584
6.63458 2.41455

6.63458 2.41455
6.62476 2.4707

6.62476 2.4707
6.61468 2.52686

6.61468 2.52686
6.60436 2.58301

6.60352 2.58763
6.60439 2.58301

6.37891 3.58461
6.37651 3.59375

6.58299 2.69531
6.57192 2.75146

6.57192 2.75146
6.5606 2.80762

6.54736 2.87173
6.53723 2.91992

6.5606 2.80762
6.54904 2.86377

6.54736 2.87186
6.54906 2.86377

6.49121 3.12843
6.48755 3.14453

6.53724 2.91992
6.52519 2.97607

6.52519 2.97607
6.51289 3.03223

6.51288 3.03223
6.50033 3.08838

6.49121 3.12851
6.50035 3.08838

6.48756 3.14453
6.47452 3.20068

6.47452 3.20068
6.46124 3.25684

6.43506 3.36468
6.43397 3.36914

6.46124 3.25684
6.44772 3.31299

6.43506 3.36467
6.44772 3.31299

6.43397 3.36914
6.41996 3.42529

6.41996 3.42529
6.40571 3.48145

6.40571 3.48145
6.39123 3.5376

6.37891 3.58465
6.39124 3.5376

6.83307 0
6.83301 0.0561523

6.83303 0.0561523
6.83281 0.112305

6.8328 0.112305
6.83237 0.168457

6.83236 0.168457
6.83172 0.224609

6.83172 0.224609
6.83088 0.280762

6.83088 0.280762
6.82987 0.336914

6.82987 0.336914
6.82867 0.393066

6.82812 0.415507
6.82869 0.393066

5.92969 5.00931
5.91344 5.05371

5.87354 5.16112
5.87171 5.16602

5.91344 5.05371
5.89268 5.10986

5.87354 5.16113
5.89268 5.10986

5.81738 5.30885
5.80753 5.33447

5.80755 5.33447
5.78575 5.39062

5.87171 5.16602
5.85053 5.22217

5.85053 5.22217
5.82914 5.27832

5.81738 5.30893
5.82915 5.27832

6.37652 3.59375
6.36157 3.6499

6.36157 3.6499
6.34637 3.70605

6.32275 3.79149
6.31526 3.81836

6.34636 3.70605
6.33093 3.76221

6.32275 3.7916
6.33095 3.76221

6.2666 3.98776
6.25029 4.04297

6.31528 3.81836
6.29938 3.87451

6.29938 3.87451
6.28325 3.93066

6.28325 3.93066
6.26688 3.98682

6.2666 3.98794
6.26693 3.98682

6.1543 4.35373
6.14594 4.37988

6.14595 4.37988
6.12778 4.43604

6.12778 4.43604
6.10938 4.49219

6.25029 4.04297
6.23347 4.09912

6.23346 4.09912
6.21641 4.15527

6.21045 4.17462
6.19913 4.21143

6.19914 4.21143
6.18164 4.26758

6.21045 4.17473
6.21644 4.15527

6.18163 4.26758
6.1639 4.32373

6.1543 4.35383
6.16392 4.32373

6.04199 4.69228
6.03358 4.7168

6.09814 4.52602
6.09075 4.54834

6.09077 4.54834
6.07193 4.60449

6.09814 4.52612
6.10939 4.49219

6.07192 4.60449
6.05287 4.66064

6.04199 4.69238
6.05288 4.66064

6.0336 4.7168
6.01411 4.77295

6.0141 4.77295
5.99439 4.8291

5.98584 4.85318
5.97446 4.88525

5.97448 4.88525
5.95434 4.94141

5.98584 4.85329
5.99442 4.8291

5.95434 4.94141
5.93399 4.99756

5.92969 5.00941
5.93403 4.99756

5.48047 6.12935
5.45974 6.17676

5.42432 6.25696
5.41007 6.28906

5.45975 6.17676
5.43501 6.23291

5.42432 6.25703
5.43502 6.23291

5.70508 5.59399
5.69653 5.61523

5.69655 5.61523
5.67374 5.67139

5.67374 5.67139
5.65074 5.72754

5.64893 5.73194
5.62755 5.78369

5.62755 5.78369
5.60416 5.83984

5.64893 5.73205
5.65079 5.72754

5.76123 5.45314
5.74155 5.50293

5.78574 5.39062
5.76374 5.44678

5.76123 5.45325
5.76379 5.44678

5.74155 5.50293
5.71915 5.55908

5.70508 5.59407
5.71916 5.55908

5.59277 5.86691
5.58055 5.896

5.58056 5.896
5.55678 5.95215

5.53662 5.99936
5.5328 6.0083

5.53282 6.0083
5.50865 6.06445

5.53662 5.9994
5.55679 5.95215

5.59277 5.86699
5.60418 5.83984

5.50864 6.06445
5.48429 6.12061

5.48047 6.12944
5.48433 6.12061

5.25586 6.62762
5.23041 6.68213

5.23041 6.68213
5.20401 6.73828

5.36816 6.38249
5.35966 6.40137

5.31201 6.50601
5.30851 6.51367

5.35967 6.40137
5.33418 6.45752

5.31201 6.50603
5.33419 6.45752

5.41008 6.28906
5.38497 6.34521

5.36816 6.38254
5.38498 6.34521

5.30852 6.51367
5.28267 6.56982

5.28266 6.56982
5.25663 6.62598

5.25586 6.62775
5.25669 6.62598

5.14355 6.86541
5.12373 6.90674

5.12373 6.90674
5.09662 6.96289

5.19971 6.74737
5.17743 6.79443

5.17743 6.79443
5.15067 6.85059

5.19971 6.74746
5.20405 6.73828

5.14355 6.8655
5.15071 6.85059

5.0874 6.98183
5.06931 7.01904

5.06932 7.01904
5.04185 7.0752

5.0874 6.98191
5.09664 6.96289

5.03125 7.09678
5.04188 7.0752

3.17822 10.318
3.16909 10.332

3.23438 10.2317
3.20571 10.2759

3.17822 10.318
3.20571 10.2759

2.89746 10.7422
2.87126 10.7812

2.95361 10.6583
2.94654 10.6689

3.00977 10.574
2.98399 10.6128

2.95361 10.6584
2.98399 10.6128

2.94655 10.6689
2.90898 10.7251

2.89746 10.7423
2.90901 10.7251

3.12207 10.4038
3.09547 10.4443

3.06592 10.4891
3.05844 10.5005

3.05845 10.5005
3.02129 10.5566

3.06592 10.4892
3.09548 10.4443

3.1691 10.332
3.13236 10.3882

3.12207 10.4039
3.13239 10.3882

3.00977 10.574
3.02132 10.5566

4.02051 8.96264
4.00771 8.98438

4.07666 8.86705
4.07373 8.87207

4.13281 8.77056
4.10648 8.81592

4.07666 8.86702
4.10648 8.81592

4.07371 8.87207
4.04079 8.92822

4.02051 8.96269
4.04081 8.92822

4.58203 7.96784
4.57891 7.97363

4.52588 8.07143
4.51799 8.08594

4.5789 7.97363
4.54853 8.02979

4.52588 8.07147
4.54854 8.02979

4.80664 7.54215
4.78678 7.58057

4.78679 7.58057
4.7576 7.63672

4.91895 7.32213
4.90187 7.35596

4.90188 7.35596
4.87337 7.41211

4.9751 7.21012
4.95838 7.24365

4.95839 7.24365
4.93022 7.2998

4.9751 7.21019
4.98641 7.1875

4.91895 7.32219
4.93025 7.2998

4.86279 7.43278
4.84467 7.46826

4.84468 7.46826
4.81582 7.52441

4.86279 7.43285
4.87339 7.41211

4.80664 7.54224
4.81585 7.52441

4.69434 7.75727
4.669 7.80518

4.669 7.80518
4.63913 7.86133

4.75049 7.6503
4.72822 7.69287

4.72823 7.69287
4.6987 7.74902

4.75049 7.65038
4.75763 7.63672

4.69434 7.75735
4.69874 7.74902

4.63818 7.8631
4.6091 7.91748

4.58203 7.9678
4.60909 7.91748

4.63818 7.86321
4.63919 7.86133

4.35742 8.3765
4.33142 8.42285

4.30127 8.47636
4.29978 8.479

4.29976 8.479
4.26794 8.53516

4.30127 8.47633
4.33142 8.42285

4.30127 8.47918
4.30137 8.479

4.46973 8.17407
4.45645 8.19824

4.41357 8.27574
4.39425 8.31055

4.45646 8.19824
4.42544 8.25439

4.41357 8.27581
4.42547 8.25439

4.518 8.08594
4.48731 8.14209

4.46973 8.17412
4.48733 8.14209

4.39426 8.31055
4.36292 8.3667

4.35742 8.37658
4.36296 8.3667

4.24512 8.57521
4.23595 8.59131

4.23596 8.59131
4.20383 8.64746

4.18896 8.67328
4.17152 8.70361

4.17153 8.70361
4.13908 8.75977

4.18896 8.67334
4.20385 8.64746

4.24512 8.57525
4.26795 8.53516

4.13281 8.77063
4.13912 8.75977

3.45898 9.88127
3.45801 9.88281

3.68359 9.52156
3.6686 9.5459

3.62744 9.61241
3.59899 9.6582

3.66861 9.5459
3.63388 9.60205

3.62744 9.61248
3.63392 9.60205

3.57129 9.7026
3.56395 9.71436

3.56397 9.71436
3.52879 9.77051

3.51514 9.79219
3.49346 9.82666

3.45898 9.88126
3.49347 9.82666

3.51514 9.79226
3.52882 9.77051

3.57129 9.70263
3.599 9.6582

3.9082 9.15182
3.9076 9.15283

3.90758 9.15283
3.87389 9.20898

3.73975 9.43017
3.73766 9.43359

3.7959 9.33801
3.77193 9.37744

3.73975 9.43015
3.77193 9.37744

3.85205 9.24521
3.84004 9.26514

3.84006 9.26514
3.80607 9.32129

3.85205 9.24525
3.8739 9.20898

3.7959 9.33807
3.8061 9.32129

3.96436 9.05758
3.94111 9.09668

4.00772 8.98438
3.9745 9.04053

3.96436 9.05764
3.97453 9.04053

3.9082 9.1518
3.94112 9.09668

3.9082 9.15309
3.90836 9.15283

3.73764 9.43359
3.7032 9.48975

3.68359 9.5216
3.70322 9.48975

3.73975 9.43372
3.73982 9.43359

3.34668 10.0576
3.31468 10.1074

3.40283 9.96965
3.38662 9.99512

3.458 9.88281
3.42238 9.93896

3.40283 9.9697
3.4224 9.93896

3.38663 9.99512
3.35074 10.0513

3.34668 10.0577
3.35078 10.0513

3.29053 10.1449
3.27849 10.1636

3.2785 10.1636
3.24218 10.2197

3.29053 10.1449
3.31469 10.1074

3.23438 10.2318
3.24222 10.2197

3.45898 9.88304
3.45913 9.88281

2.33594 11.5583
2.32953 11.5674

2.27979 11.6378
2.2501 11.6797

2.32954 11.5674
2.28988 11.6235

2.27979 11.6378
2.28992 11.6235

1.60596 12.5664
1.59727 12.5781

1.66211 12.4907
1.63894 12.522

1.60596 12.5664
1.63896 12.522

1.77441 12.3384
1.76328 12.3535

1.88672 12.1849
1.8866 12.1851

1.8866 12.1851
1.84561 12.2412

1.83057 12.2618
1.80451 12.2974

1.77441 12.3384
1.80452 12.2974

1.83057 12.2618
1.84564 12.2412

1.71826 12.4147
1.68051 12.4658

1.7633 12.3535
1.72197 12.4097

1.71826 12.4147
1.722 12.4097

1.66211 12.4907
1.68054 12.4658

2.11133 11.8742
2.08974 11.9043

1.94287 12.1077
1.92746 12.1289

1.99902 12.0302
1.96821 12.0728

1.94287 12.1077
1.96823 12.0728

2.05518 11.9524
2.04936 11.9604

2.04936 11.9604
2.00885 12.0166

2.05518 11.9524
2.08975 11.9043

1.99902 12.0302
2.00889 12.0166

2.22363 11.7169
2.21018 11.7358

2.2102 11.7358
2.17018 11.792

2.16748 11.7958
2.13002 11.8481

2.11133 11.8742
2.13005 11.8481

2.16748 11.7958
2.17022 11.792

2.22363 11.7169
2.25011 11.6797

1.88672 12.1849
1.92747 12.1289

1.88672 12.1853
1.88692 12.1851

2.729 10.9913
2.71907 11.0059

2.78516 10.9087
2.75733 10.9497

2.729 10.9913
2.75734 10.9497

2.67285 11.0735
2.64222 11.1182

2.6167 11.1552
2.60357 11.1743

2.60359 11.1743
2.56482 11.2305

2.6167 11.1553
2.64223 11.1182

2.71909 11.0059
2.68072 11.062

2.67285 11.0735
2.68076 11.062

2.44824 11.3982
2.44775 11.3989

2.44775 11.3989
2.40847 11.4551

2.50439 11.3176
2.48689 11.3428

2.56055 11.2366
2.52592 11.2866

2.50439 11.3176
2.52594 11.2866

2.44824 11.3982
2.4869 11.3428

2.44824 11.3992
2.44842 11.3989

2.39209 11.4784
2.36905 11.5112

2.33594 11.5583
2.36907 11.5112

2.39209 11.4785
2.4085 11.4551

2.56055 11.2367
2.56486 11.2305

2.84131 10.8257
2.83341 10.8374

2.83343 10.8374
2.79545 10.8936

2.84131 10.8257
2.87128 10.7812

2.78516 10.9088
2.79548 10.8936

1.5498 12.6419
1.51358 12.6904

1.49365 12.717
1.47155 12.7466

1.4375 12.792
1.47157 12.7466

1.49365 12.7171
1.51361 12.6904

1.59728 12.5781
1.55549 12.6343

1.5498 12.6419
1.55552 12.6343

-2.15625 17.1349
-2.88343 17.9688

-3.95312 19.1986
-4.44483 19.7656

-5.75 21.3079
-4.44256 19.7656

-3.95312 19.2132
-2.8739 17.9688

-1.25781 16.1427
-1.28298 16.1719

-0.359375 15.0836
-0.514232 15.2734

-1.25781 16.1384
-0.51199 15.2734

-2.15625 17.1601
-1.29451 16.1719

0.0898438 14.5294
-0.146353 14.8242

-0.359375 15.0881
-0.141723 14.8242

0.0898438 14.5312
0.215009 14.375

-30.9062 58.1216
-31.6078 59.2969

-31.6063 59.2969
-32.6782 61.0938

-32.7031 61.1357
-33.7494 62.8906

-34.5 64.1506
-33.7484 62.8906

-32.7031 61.1474
-32.6711 61.0938

-30.9062 58.1293
-30.5306 57.5

-81.2188 143.65
-81.2762 143.75

-77.625 137.434
-78.1622 138.359

-78.1617 138.359
-79.2021 140.156

-79.4219 140.536
-80.2404 141.953

-81.2188 143.65
-80.2399 141.953

-79.4219 140.54
-79.1999 140.156

-70.4375 125.121
-70.8236 125.781

-72.2344 128.194
-72.9251 129.375

-70.8232 125.781
-71.8741 127.578

-72.2344 128.197
-71.8725 127.578

-68.6406 122.05
-68.7209 122.188

-66.8438 118.98
-67.6695 120.391

-68.6406 122.051
-67.6691 120.391

-65.0469 115.91
-65.5662 116.797

-65.5658 116.797
-66.6177 118.594

-65.0469 115.913
-64.5125 115

-66.8438 118.984
-66.6153 118.594

-68.7208 122.188
-69.772 123.984

-70.4375 125.123
-69.7714 123.984

-74.0312 131.268
-75.0243 132.969

-75.8281 134.346
-76.0728 134.766

-76.0727 134.766
-77.1186 136.562

-75.8281 134.347
-75.024 132.969

-72.9248 129.375
-73.975 131.172

-74.0312 131.273
-73.9723 131.172

-77.625 137.436
-77.1178 136.562

-84.8125 149.82
-85.4761 150.938

-88.4062 155.708
-88.7927 156.328

-88.7927 156.328
-89.9241 158.125

-86.6094 152.806
-87.6717 154.531

-85.4743 150.938
-86.5622 152.734

-86.6094 152.815
-86.5597 152.734

-88.4062 155.712
-87.6702 154.531

-83.0156 146.758
-83.3564 147.344

-81.2751 143.75
-82.3127 145.547

-83.0156 146.759
-82.3109 145.547

-83.3561 147.344
-84.4106 149.141

-84.8125 149.82
-84.4089 149.141

-90.2031 158.557
-91.0656 159.922

-92 161.434
-91.0862 159.922

-90.2031 158.582
-89.9144 158.125

