-42.1076 0
-42.1072 0.0561523

-42.1072 0.0561523
-42.1057 0.112305

-42.1057 0.112305
-42.1033 0.168457

-42.1033 0.168457
-42.0999 0.224609

-42.0999 0.224609
-42.0956 0.280762

-42.0956 0.280762
-42.0903 0.336914

-42.0903 0.336914
-42.0841 0.393066

-42.0841 0.393066
-42.0806 0.4205

-42.0806 0.420494
-42.0769 0.449219

-42.0769 0.449219
-42.0687 0.505371

-42.0687 0.505371
-42.0596 0.561523

-42.0596 0.561523
-42.0494 0.617676

-42.0494 0.617676
-42.0384 0.673828

-42.0384 0.673828
-42.0263 0.72998

-42.0263 0.72998
-42.0244 0.738028

-42.0244 0.738051
-42.0132 0.786133

-42.0132 0.786133
-41.9992 0.842285

-41.9992 0.842285
-41.9841 0.898438

-41.9841 0.898438
-41.9683 0.954024

-41.9683 0.954024
-41.9681 0.95459

-41.9681 0.95459
-41.951 1.01074

-41.951 1.01074
-41.933 1.06689

-41.933 1.06689
-41.9139 1.12305

-41.9139 1.12305
-41.9121 1.12795

-41.9121 1.12796
-41.8937 1.1792

-41.8937 1.1792
-41.8725 1.23535

-41.8725 1.23535
-41.856 1.27721

-41.856 1.27721
-41.8503 1.2915

-41.8503 1.2915
-41.827 1.34766

-41.827 1.34766
-41.8026 1.40381

-41.8026 1.40381
-41.7998 1.40986

-41.7998 1.40988
-41.777 1.45996

-41.777 1.45996
-41.7504 1.51611

-41.7504 1.51611
-41.7437 1.5298

-41.7437 1.52981
-41.7227 1.57227

-41.7227 1.57227
-41.6937 1.62842

-41.6937 1.62842
-41.6875 1.64008

-41.6875 1.64009
-41.6637 1.68457

-41.6637 1.68457
-41.6324 1.74072

-41.6324 1.74072
-41.6313 1.74253

-41.6313 1.74254
-41.5999 1.79688

-41.5999 1.79688
-41.5752 1.83805

-41.5752 1.83805
-41.5662 1.85303

-41.5662 1.85303
-41.5312 1.90918

-41.5312 1.90918
-41.519 1.92805

-41.519 1.92806
-41.495 1.96533

-41.495 1.96533
-41.4629 2.01328

-41.4629 2.01329
-41.4574 2.02148

-41.4574 2.02148
-41.4185 2.07764

-41.4185 2.07764
-41.4067 2.09404

-41.4067 2.09405
-41.3782 2.13379

-41.3782 2.13379
-41.3506 2.17105

-41.3506 2.17106
-41.3366 2.18994

-41.3366 2.18994
-41.2944 2.24484

-41.2944 2.24485
-41.2935 2.24609

-41.2935 2.24609
-41.2489 2.30225

-41.2489 2.30225
-41.2383 2.31521

-41.2383 2.31522
-41.2029 2.3584

-41.2029 2.3584
-41.1821 2.38285

-41.1821 2.38286
-41.1553 2.41455

-41.1553 2.41455
-41.126 2.448

-41.126 2.448
-41.1061 2.4707

-41.1061 2.4707
-41.0698 2.51081

-41.0698 2.51082
-41.0553 2.52686

-41.0553 2.52686
-41.0137 2.57144

-41.0137 2.57145
-41.0029 2.58301

-41.0029 2.58301
-40.9575 2.63005

-40.9575 2.63006
-40.9487 2.63916

-40.9488 2.63916
-40.9014 2.68681

-40.9014 2.68673
-40.8926 2.69531

-40.8927 2.69531
-40.8452 2.74176

-40.8452 2.74163
-40.8349 2.75146

-40.835 2.75146
-40.7891 2.79504

-40.7891 2.79493
-40.7753 2.80762

-40.7754 2.80762
-40.7329 2.84674

-40.7329 2.84667
-40.7138 2.86377

-40.7139 2.86377
-40.6768 2.897

-40.6768 2.89698
-40.6504 2.91992

-40.6504 2.91992
-40.6206 2.94588

-40.6206 2.94589
-40.585 2.97607

-40.585 2.97607
-40.5645 2.99347

-40.5645 2.9935
-40.5176 3.03223

-40.5174 3.03223
-40.5083 3.03978

-40.5083 3.03988
-40.4521 3.08513

-40.4521 3.08503
-40.4479 3.08838

-40.448 3.08838
-40.396 3.12926

-40.396 3.12922
-40.376 3.14453

-40.3761 3.14453
-40.3398 3.17234

-40.3398 3.17235
-40.3021 3.20068

-40.302 3.20068
-40.2837 3.21441

-40.2837 3.21444
-40.2275 3.25561

-40.2275 3.2555
-40.2257 3.25684

-40.2258 3.25684
-40.1714 3.29585

-40.1714 3.29583
-40.1469 3.31299

-40.1469 3.31299
-40.1152 3.33523

-40.1152 3.33524
-40.0659 3.36914

-40.0658 3.36914
-40.0591 3.37372

-40.0591 3.3738
-40.0029 3.41159

-40.0029 3.41157
-39.9821 3.42529

-39.9821 3.42529
-39.9468 3.44861

-39.9468 3.44862
-39.896 3.48145

-39.8959 3.48145
-39.8906 3.48484

-39.8906 3.48492
-39.8345 3.52054

-39.8345 3.52055
-39.8071 3.5376

-39.8071 3.5376
-39.7783 3.5555

-39.7783 3.55551
-39.7222 3.58983

-39.7222 3.58979
-39.7156 3.59375

-39.7156 3.59375
-39.666 3.62355

-39.666 3.62356
-39.6214 3.6499

-39.6213 3.6499
-39.6099 3.65664

-39.6099 3.65668
-39.5537 3.68926

-39.5537 3.68927
-39.5243 3.70605

-39.5243 3.70605
-39.4976 3.72129

-39.4976 3.7213
-39.4414 3.75282

-39.4414 3.75281
-39.4244 3.76221

-39.4244 3.76221
-39.3853 3.78384

-39.3853 3.78385
-39.3291 3.81441

-39.3291 3.81437
-39.3217 3.81836

-39.3217 3.81836
-39.2729 3.84449

-39.2729 3.8445
-39.2168 3.87415

-39.2168 3.87411
-39.216 3.87451

-39.2161 3.87451
-39.1606 3.90337

-39.1606 3.90338
-39.1075 3.93066

-39.1074 3.93066
-39.1045 3.93214

-39.1045 3.93219
-39.0483 3.96063

-39.0483 3.96065
-38.996 3.98682

-38.9959 3.98682
-38.9922 3.98865

-38.9922 3.98869
-38.936 4.0164

-38.936 4.01642
-38.8815 4.04297

-38.8814 4.04297
-38.8799 4.04371

-38.8799 4.04375
-38.8237 4.07078

-38.8237 4.0708
-38.7676 4.09752

-38.7676 4.0975
-38.7641 4.09912

-38.7641 4.09912
-38.7114 4.1239

-38.7114 4.12392
-38.6553 4.15004

-38.6553 4.15003
-38.6439 4.15527

-38.6439 4.15527
-38.5991 4.17586

-38.5991 4.17587
-38.543 4.20144

-38.543 4.20144
-38.5208 4.21143

-38.5208 4.21143
-38.4868 4.22673

-38.4868 4.22674
-38.4307 4.25181

-38.4307 4.25183
-38.3951 4.26758

-38.395 4.26758
-38.3745 4.27662

-38.3745 4.27663
-38.3184 4.30125

-38.3184 4.30127
-38.2667 4.32373

-38.2665 4.32373
-38.2622 4.32561

-38.2622 4.32563
-38.2061 4.34983

-38.2061 4.34984
-38.1499 4.37385

-38.1499 4.37385
-38.1357 4.37988

-38.1356 4.37988
-38.0938 4.39764

-38.0938 4.39764
-38.0376 4.42129

-38.0376 4.42131
-38.0024 4.43604

-38.0023 4.43604
-37.9814 4.44474

-37.9814 4.44474
-37.9253 4.46806

-37.9253 4.46808
-37.8691 4.49125

-37.8691 4.49124
-37.8668 4.49219

-37.8668 4.49219
-37.813 4.51424

-37.813 4.51425
-37.7568 4.53715

-37.7568 4.53717
-37.7293 4.54834

-37.7292 4.54834
-37.7007 4.55989

-37.7007 4.55989
-37.6445 4.58255

-37.6445 4.58257
-37.5899 4.60449

-37.5898 4.60449
-37.5884 4.60506

-37.5884 4.60508
-37.5322 4.62751

-37.5322 4.62753
-37.4761 4.64988

-37.4761 4.64989
-37.4489 4.66064

-37.4488 4.66064
-37.4199 4.6721

-37.4199 4.67211
-37.3638 4.69429

-37.3638 4.69431
-37.3076 4.71641

-37.3076 4.71641
-37.3066 4.7168

-37.3066 4.7168
-37.2515 4.73841

-37.2515 4.73842
-37.1953 4.7604

-37.1953 4.76042
-37.1632 4.77295

-37.1631 4.77295
-37.1392 4.78229

-37.1392 4.78229
-37.083 4.80417

-37.083 4.8042
-37.0269 4.82603

-37.0269 4.82604
-37.019 4.8291

-37.0189 4.8291
-36.9707 4.84779

-36.9707 4.8478
-36.9146 4.86958

-36.9146 4.8696
-36.8741 4.88525

-36.874 4.88525
-36.8584 4.8913

-36.8584 4.8913
-36.8022 4.91303

-36.8022 4.91306
-36.7461 4.93479

-36.7461 4.9348
-36.729 4.94141

-36.7289 4.94141
-36.6899 4.95647

-36.6899 4.95647
-36.6338 4.9782

-36.6338 4.97823
-36.5838 4.99756

-36.5837 4.99756
-36.5776 4.99991

-36.5776 4.99991
-36.5215 5.02165

-36.5215 5.02167
-36.4653 5.04344

-36.4653 5.04346
-36.4389 5.05371

-36.4388 5.05371
-36.4092 5.0652

-36.4092 5.0652
-36.353 5.08702

-36.353 5.08705
-36.2969 5.10891

-36.2969 5.10892
-36.2944 5.10986

-36.2943 5.10986
-36.2407 5.13077

-36.2407 5.13078
-36.1846 5.15274

-36.1846 5.15276
-36.1507 5.16602

-36.1506 5.16602
-36.1284 5.17472

-36.1284 5.17472
-36.0723 5.19679

-36.0723 5.19682
-36.0161 5.21896

-36.0161 5.21897
-36.008 5.22217

-36.0079 5.22217
-35.96 5.24113

-35.96 5.24114
-35.9038 5.26344

-35.9038 5.26346
-35.8665 5.27832

-35.8664 5.27832
-35.8477 5.2858

-35.8477 5.28579
-35.7915 5.30826

-35.7915 5.30829
-35.7354 5.33086

-35.7354 5.33087
-35.7264 5.33447

-35.7263 5.33447
-35.6792 5.35349

-35.6792 5.3535
-35.623 5.3763

-35.623 5.37632
-35.588 5.39062

-35.5879 5.39062
-35.5669 5.39918

-35.5669 5.39918
-35.5107 5.42221

-35.5107 5.42224
-35.4546 5.4454

-35.4546 5.44542
-35.4513 5.44678

-35.4512 5.44678
-35.3984 5.46866

-35.3984 5.46867
-35.3423 5.49213

-35.3423 5.49215
-35.3166 5.50293

-35.3166 5.50293
-35.2861 5.51571

-35.2861 5.51571
-35.23 5.53948

-35.23 5.5395
-35.184 5.55908

-35.184 5.55908
-35.1738 5.56341

-35.1738 5.5634
-35.1177 5.58751

-35.1177 5.58754
-35.0615 5.61184

-35.0615 5.61187
-35.0538 5.61523

-35.0537 5.61523
-35.0054 5.63629

-35.0054 5.6363
-34.9492 5.661

-34.9492 5.66103
-34.9259 5.67139

-34.9258 5.67139
-34.8931 5.68589

-34.8931 5.68589
-34.8369 5.71102

-34.8369 5.71104
-34.8004 5.72754

-34.8003 5.72754
-34.7808 5.73637

-34.7808 5.73636
-34.7246 5.76196

-34.7246 5.76198
-34.6774 5.78369

-34.6774 5.78369
-34.6685 5.78781

-34.6685 5.78779
-34.6123 5.81389

-34.6123 5.81392
-34.5571 5.83984

-34.5571 5.83984
-34.5562 5.84028

-34.5562 5.84025
-34.5 5.8669

-34.5 30.5004
-34.5179 30.5469

-34.5562 30.6457
-34.5614 30.6592

-34.5179 30.5469
-34.5396 30.603

-34.5562 30.6457
-34.5396 30.603

-34.5614 30.6592
-34.5831 30.7153

-34.5831 30.7153
-34.6049 30.7715

-34.6123 30.7905
-34.6267 30.8276

-34.6267 30.8276
-34.6486 30.8838

-34.6685 30.9348
-34.6704 30.9399

-34.6704 30.9399
-34.6923 30.9961

-34.6685 30.9348
-34.6486 30.8838

-34.6123 30.7905
-34.6049 30.7715

-34.7246 31.0789
-34.7361 31.1084

-34.7361 31.1084
-34.7581 31.1646

-34.7581 31.1646
-34.78 31.2207

-34.8369 31.3664
-34.8458 31.3892

-34.8458 31.3892
-34.8677 31.4453

-34.7808 31.2227
-34.8019 31.2769

-34.8019 31.2769
-34.8239 31.333

-34.7808 31.2227
-34.78 31.2207

-34.8369 31.3664
-34.8239 31.333

-34.6923 30.9961
-34.7142 31.0522

-34.7246 31.0789
-34.7142 31.0522

-34.9492 31.6538
-34.9555 31.6699

-34.9555 31.6699
-34.9774 31.7261

-34.9774 31.7261
-34.9993 31.7822

-35.0054 31.7977
-35.0213 31.8384

-35.0213 31.8384
-35.0432 31.8945

-35.0054 31.7977
-34.9993 31.7822

-35.1738 32.2295
-35.1746 32.2314

-35.1746 32.2314
-35.1965 32.2876

-35.1965 32.2876
-35.2184 32.3438

-35.0615 31.9416
-35.0651 31.9507

-35.0651 31.9507
-35.087 32.0068

-35.1177 32.0856
-35.1308 32.1191

-35.087 32.0068
-35.1089 32.063

-35.1177 32.0856
-35.1089 32.063

-35.0615 31.9416
-35.0432 31.8945

-35.1308 32.1191
-35.1527 32.1753

-35.1738 32.2295
-35.1527 32.1753

-34.8931 31.5101
-34.9116 31.5576

-34.8678 31.4453
-34.8897 31.5015

-34.8931 31.5101
-34.8897 31.5015

-34.9116 31.5576
-34.9336 31.6138

-34.9492 31.6538
-34.9336 31.6138

-36.2969 35.0688
-36.3075 35.0952

-36.3075 35.0952
-36.3302 35.1514

-36.353 35.2079
-36.3755 35.2637

-36.3302 35.1514
-36.3529 35.2075

-36.353 35.208
-36.3528 35.2075

-36.4092 35.347
-36.4209 35.376

-36.4653 35.4861
-36.4662 35.4883

-36.4209 35.376
-36.4436 35.4321

-36.4653 35.4861
-36.4436 35.4321

-36.3755 35.2637
-36.3982 35.3198

-36.4092 35.347
-36.3982 35.3198

-36.5215 35.6251
-36.5343 35.6567

-36.5343 35.6567
-36.557 35.7129

-36.6338 35.9025
-36.648 35.9375

-36.5776 35.7639
-36.5797 35.769

-36.5797 35.769
-36.6025 35.8252

-36.5776 35.7639
-36.557 35.7129

-36.6025 35.8252
-36.6252 35.8813

-36.6338 35.9025
-36.6252 35.8813

-36.4662 35.4883
-36.4889 35.5444

-36.4889 35.5444
-36.5116 35.6006

-36.5215 35.6251
-36.5116 35.6006

-35.3984 32.803
-35.4166 32.8491

-35.4166 32.8491
-35.4387 32.9053

-35.4546 32.9458
-35.4608 32.9614

-35.4608 32.9614
-35.4829 33.0176

-35.4546 32.9458
-35.4387 32.9053

-35.5107 33.0884
-35.5271 33.1299

-35.5669 33.2309
-35.5713 33.2422

-35.5271 33.1299
-35.5492 33.186

-35.5669 33.2309
-35.5492 33.186

-35.4829 33.0176
-35.505 33.0737

-35.5107 33.0884
-35.505 33.0737

-35.8477 33.9412
-35.8599 33.9722

-35.8599 33.9722
-35.8822 34.0283

-35.9038 34.0829
-35.9044 34.0845

-35.9044 34.0845
-35.9267 34.1406

-35.9038 34.0829
-35.8822 34.0283

-35.623 33.3733
-35.6378 33.4106

-35.6378 33.4106
-35.6599 33.4668

-35.7354 33.6576
-35.7487 33.6914

-35.6792 33.5155
-35.6821 33.5229

-35.6821 33.5229
-35.7043 33.5791

-35.6792 33.5156
-35.6599 33.4668

-35.7043 33.5791
-35.7265 33.6353

-35.7354 33.6576
-35.7265 33.6353

-35.5713 33.2422
-35.5935 33.2983

-35.5935 33.2983
-35.6156 33.3545

-35.623 33.3733
-35.6156 33.3545

-35.7915 33.7995
-35.7932 33.8037

-35.7487 33.6914
-35.7709 33.7476

-35.7915 33.7995
-35.7709 33.7476

-35.7932 33.8037
-35.8154 33.8599

-35.8154 33.8599
-35.8377 33.916

-35.8477 33.9412
-35.8377 33.916

-35.2861 32.5168
-35.3063 32.5684

-35.23 32.3733
-35.2404 32.3999

-35.2404 32.3999
-35.2623 32.4561

-35.23 32.3733
-35.2184 32.3438

-35.2623 32.4561
-35.2843 32.5122

-35.2861 32.5168
-35.2843 32.5122

-35.3423 32.66
-35.3504 32.6807

-35.3063 32.5684
-35.3283 32.6245

-35.3423 32.66
-35.3283 32.6245

-35.3504 32.6807
-35.3724 32.7368

-35.3724 32.7368
-35.3945 32.793

-35.3984 32.803
-35.3945 32.793

-36.0723 34.5074
-36.0827 34.5337

-36.0827 34.5337
-36.105 34.5898

-35.96 34.2245
-35.9712 34.2529

-35.9712 34.2529
-35.9935 34.3091

-35.9935 34.3091
-36.0158 34.3652

-35.9267 34.1406
-35.949 34.1968

-35.96 34.2245
-35.949 34.1968

-36.0161 34.366
-36.0381 34.4214

-36.0381 34.4214
-36.0604 34.4775

-36.0161 34.3661
-36.0158 34.3652

-36.0723 34.5074
-36.0604 34.4775

-36.1846 34.7892
-36.1947 34.8145

-36.1284 34.6486
-36.1498 34.7021

-36.105 34.5898
-36.1274 34.646

-36.1284 34.6486
-36.1274 34.646

-36.1498 34.7021
-36.1722 34.7583

-36.1846 34.7892
-36.1722 34.7583

-36.1947 34.8145
-36.2172 34.8706

-36.2172 34.8706
-36.2397 34.9268

-36.2407 34.9292
-36.2623 34.9829

-36.2623 34.9829
-36.2849 35.0391

-36.2407 34.9292
-36.2397 34.9268

-36.2969 35.0688
-36.2849 35.0391

-38.0938 39.4547
-38.1256 39.5312

-38.1263 39.5312
-38.5042 40.4297

-38.5055 40.4297
-38.8856 41.3281

-38.8833 41.3281
-39.6499 43.125

-37.1953 37.2797
-37.1976 37.2852

-37.1975 37.2852
-37.2207 37.3413

-37.2207 37.3413
-37.244 37.3975

-37.2515 37.4156
-37.2672 37.4536

-37.2672 37.4536
-37.2904 37.5098

-37.2515 37.4156
-37.244 37.3975

-37.3076 37.5513
-37.3137 37.5659

-37.3137 37.5659
-37.3369 37.6221

-37.3638 37.6872
-37.3832 37.7344

-37.3369 37.6221
-37.3601 37.6782

-37.3638 37.6872
-37.36 37.6782

-37.3076 37.5513
-37.2904 37.5098

-36.7461 36.1791
-36.762 36.2183

-36.762 36.2183
-36.7849 36.2744

-36.8022 36.3171
-36.8077 36.3306

-36.8077 36.3306
-36.8306 36.3867

-36.8022 36.3171
-36.7849 36.2744

-36.9707 36.7313
-36.9904 36.7798

-36.9904 36.7798
-37.0133 36.8359

-36.8584 36.455
-36.8763 36.499

-36.9146 36.5932
-36.9219 36.6113

-36.8763 36.499
-36.8991 36.5552

-36.9146 36.5932
-36.8991 36.5552

-36.8306 36.3867
-36.8534 36.4429

-36.8584 36.4551
-36.8534 36.4429

-36.9219 36.6113
-36.9448 36.6675

-36.9448 36.6675
-36.9676 36.7236

-36.9707 36.7313
-36.9676 36.7236

-36.6899 36.0409
-36.6936 36.0498

-36.648 35.9375
-36.6708 35.9937

-36.6899 36.0409
-36.6708 35.9937

-36.6936 36.0498
-36.7164 36.106

-36.7164 36.106
-36.7392 36.1621

-36.7461 36.1791
-36.7392 36.1621

-37.083 37.0065
-37.1052 37.0605

-37.0269 36.8691
-37.0362 36.8921

-37.0362 36.8921
-37.0592 36.9482

-37.0269 36.8691
-37.0133 36.8359

-37.0592 36.9482
-37.0821 37.0044

-37.083 37.0065
-37.0821 37.0044

-37.1392 37.1434
-37.1513 37.1729

-37.1052 37.0605
-37.1282 37.1167

-37.1392 37.1434
-37.1282 37.1167

-37.1513 37.1729
-37.1744 37.229

-37.1953 37.2797
-37.1744 37.229

-37.6445 38.3678
-37.6612 38.4082

-37.6612 38.4082
-37.7541 38.6328

-37.4199 37.8234
-37.4295 37.8467

-37.4295 37.8467
-37.4527 37.9028

-37.4527 37.9028
-37.4758 37.959

-37.5322 38.0958
-37.5453 38.1274

-37.5453 38.1274
-37.5685 38.1836

-37.4761 37.9597
-37.499 38.0151

-37.499 38.0151
-37.5221 38.0713

-37.4761 37.9597
-37.4758 37.959

-37.5322 38.0958
-37.5221 38.0713

-37.3832 37.7344
-37.4064 37.7905

-37.4199 37.8234
-37.4064 37.7905

-37.5685 38.1836
-37.6148 38.2959

-37.6445 38.3678
-37.6148 38.2959

-37.7543 38.6328
-37.94 39.082

-38.0938 39.4536
-37.9392 39.082

-41.6875 47.7977
-42.0043 48.5156

-42.0047 48.5156
-42.8066 50.3125

-45.2812 55.7339
-46.1065 57.5

-43.4844 51.817
-43.6163 52.1094

-43.6169 52.1094
-44.4375 53.9062

-43.4844 51.8191
-42.8046 50.3125

-44.4365 53.9062
-45.2661 55.7031

-45.2812 55.7462
-45.2611 55.7031

-39.8906 43.6784
-40.4281 44.9219

-40.4279 44.9219
-41.2119 46.7188

-39.8906 43.6882
-39.6472 43.125

-41.6875 47.8032
-41.209 46.7188

-63.25 91.6421
-64.1916 93.4375

-66.8438 98.4651
-67.0358 98.8281

-67.0357 98.8281
-67.9887 100.625

-65.0469 95.0629
-65.1371 95.2344

-65.1371 95.2344
-66.085 97.0312

-65.0469 95.0635
-64.1914 93.4375

-66.8438 98.4664
-66.0845 97.0312

-70.4375 105.22
-70.8625 106.016

-70.8625 106.016
-71.8248 107.812

-74.0312 111.915
-74.7255 113.203

-74.7252 113.203
-75.6967 115

-72.2344 108.575
-72.7896 109.609

-72.7898 109.609
-73.7568 111.406

-72.2344 108.579
-71.8229 107.812

-74.0312 111.919
-73.7547 111.406

-68.6406 101.851
-68.9444 102.422

-68.9444 102.422
-69.9023 104.219

-68.6406 101.853
-67.9878 100.625

-70.4375 105.223
-69.901 104.219

-48.875 63.2951
-49.5515 64.6875

-52.4688 70.5984
-53.1059 71.875

-50.6719 66.9722
-51.3173 68.2812

-49.5516 64.6875
-50.4313 66.4844

-50.6719 66.9797
-50.4277 66.4844

-51.3175 68.2812
-52.2091 70.0781

-52.4688 70.6053
-52.2056 70.0781

-56.0625 77.7309
-56.7407 79.0625

-59.6562 84.7363
-60.4397 86.25

-57.8594 81.2476
-58.5829 82.6562

-56.7408 79.0625
-57.66 80.8594

-57.8594 81.2542
-57.6566 80.8594

-58.583 82.6562
-59.5097 84.4531

-59.6562 84.7432
-59.5061 84.4531

-54.2656 74.1827
-54.9144 75.4688

-53.1061 71.875
-54.008 73.6719

-54.2656 74.1893
-54.0046 73.6719

-54.9146 75.4688
-55.8256 77.2656

-56.0625 77.7375
-55.8222 77.2656

-47.0781 59.5543
-47.8128 61.0938

-46.1064 57.5
-46.9548 59.2969

-47.0781 59.5643
-46.9505 59.2969

-47.8128 61.0938
-48.6782 62.8906

-48.875 63.3036
-48.6743 62.8906

-61.4531 88.2003
-62.3096 89.8438

-60.4396 86.25
-61.3731 88.0469

-61.4531 88.2076
-61.3694 88.0469

-62.3095 89.8438
-63.2492 91.6406

-63.25 91.6498
-63.2452 91.6406

-34.5 5.86692
-34.4438 5.89387

-34.4438 5.89391
-34.4396 5.896

-34.4394 5.896
-34.3877 5.92108

-34.3877 5.92109
-34.3315 5.94865

-34.3315 5.9487
-34.3246 5.95215

-34.3245 5.95215
-34.2754 5.97651

-34.2754 5.97653
-34.2192 6.00474

-34.2192 6.00479
-34.2123 6.0083

-34.2122 6.0083
-34.1631 6.03328

-34.1631 6.03331
-34.1069 6.06224

-34.1069 6.0623
-34.1028 6.06445

-34.1026 6.06445
-34.0508 6.09152

-34.0508 6.09155
-33.9958 6.12061

-33.9959 6.12061
-33.9946 6.12126

-33.9946 6.12122
-33.9385 6.15132

-33.9385 6.15134
-33.8917 6.17676

-33.8917 6.17676
-33.8823 6.18186

-33.8823 6.18184
-33.8262 6.2128

-33.8262 6.21282
-33.7903 6.23291

-33.7902 6.23291
-33.77 6.24421

-33.77 6.2442
-33.7139 6.27608

-33.7139 6.27612
-33.6914 6.28906

-33.6913 6.28906
-33.6577 6.30843

-33.6577 6.30845
-33.6016 6.34131

-33.6016 6.34138
-33.5951 6.34521

-33.595 6.34521
-33.5454 6.37467

-33.5454 6.37469
-33.5012 6.40137

-33.5012 6.40137
-33.4893 6.4086

-33.4893 6.40858
-33.4331 6.44305

-33.4331 6.4431
-33.41 6.45752

-33.4099 6.45752
-33.377 6.4781

-33.377 6.47813
-33.321 6.51367

-33.321 6.51367
-33.3208 6.51381

-33.3208 6.51375
-33.2646 6.55002

-33.2646 6.55005
-33.2346 6.56982

-33.2345 6.56982
-33.2085 6.58691

-33.2085 6.58694
-33.1523 6.6245

-33.1523 6.62462
-33.1504 6.62598

-33.1501 6.62598
-33.0962 6.66274

-33.0962 6.66278
-33.0683 6.68213

-33.0682 6.68213
-33.04 6.70171

-33.04 6.70173
-32.9883 6.73828

-32.9884 6.73828
-32.9839 6.74148

-32.9839 6.74141
-32.9277 6.78189

-32.9277 6.78196
-32.9108 6.79443

-32.9106 6.79443
-32.8716 6.82315

-32.8716 6.82318
-32.835 6.85059

-32.835 6.85059
-32.8154 6.86524

-32.8154 6.86525
-32.7612 6.90674

-32.7613 6.90674
-32.7593 6.90826

-32.7593 6.90817
-32.7031 6.95199

-32.7031 6.95208
-32.6896 6.96289

-32.6894 6.96289
-32.647 6.99671

-32.647 6.99677
-32.6196 7.01904

-32.6195 7.01904
-32.5908 7.04241

-32.5908 7.04242
-32.5514 7.0752

-32.5514 7.0752
-32.5347 7.0891

-32.5347 7.08909
-32.4849 7.13135

-32.485 7.13135
-32.4785 7.13684

-32.4785 7.13678
-32.4224 7.18554

-32.4224 7.18571
-32.4203 7.1875

-32.4201 7.1875
-32.3662 7.23538

-32.3662 7.23552
-32.3573 7.24365

-32.3571 7.24365
-32.3101 7.28637

-32.3101 7.2865
-32.2957 7.2998

-32.2956 7.2998
-32.2539 7.33858

-32.2539 7.33869
-32.2358 7.35596

-32.2356 7.35596
-32.1978 7.39201

-32.1978 7.39211
-32.1772 7.41211

-32.1771 7.41211
-32.1416 7.44672

-32.1416 7.44682
-32.1201 7.46826

-32.12 7.46826
-32.0854 7.50306

-32.0854 7.50306
-32.0643 7.52441

-32.0643 7.52441
-32.0293 7.56054

-32.0293 7.56054
-32.0099 7.58057

-32.0099 7.58057
-31.9731 7.61948

-31.9731 7.61948
-31.9569 7.63672

-31.9569 7.63672
-31.917 7.67994

-31.917 7.67993
-31.9051 7.69287

-31.9051 7.69287
-31.8608 7.74197

-31.8608 7.74196
-31.8545 7.74902

-31.8545 7.74902
-31.8051 7.80518

-31.8051 7.80518
-31.8047 7.80566

-31.8047 7.80567
-31.7569 7.86133

-31.7569 7.86133
-31.7485 7.87124

-31.7485 7.87126
-31.7097 7.91748

-31.7097 7.91748
-31.6924 7.93863

-31.6924 7.93866
-31.6637 7.97363

-31.6637 7.97363
-31.6362 8.00791

-31.6362 8.00792
-31.6187 8.02979

-31.6187 8.02979
-31.5801 8.07913

-31.5801 8.07912
-31.5747 8.08594

-31.5748 8.08594
-31.5318 8.14209

-31.5318 8.14209
-31.5239 8.15258

-31.5239 8.1526
-31.4898 8.19824

-31.4898 8.19824
-31.4678 8.22831

-31.4678 8.22834
-31.4487 8.25439

-31.4487 8.25439
-31.4116 8.30631

-31.4116 8.3063
-31.4086 8.31055

-31.4086 8.31055
-31.3694 8.3667

-31.3693 8.3667
-31.3555 8.38699

-31.3555 8.38703
-31.331 8.42285

-31.331 8.42285
-31.2993 8.47026

-31.2993 8.47026
-31.2935 8.479

-31.2935 8.479
-31.2568 8.53516

-31.2568 8.53516
-31.2432 8.55645

-31.2432 8.5565
-31.2209 8.59131

-31.2209 8.59131
-31.187 8.64559

-31.187 8.64558
-31.1858 8.64746

-31.1859 8.64746
-31.1515 8.70361

-31.1515 8.70361
-31.1309 8.73821

-31.1309 8.73826
-31.118 8.75977

-31.118 8.75977
-31.0852 8.81592

-31.0852 8.81592
-31.0747 8.83431

-31.0747 8.83436
-31.0532 8.87207

-31.0532 8.87207
-31.0218 8.92822

-31.0218 8.92822
-31.0186 8.93423

-31.0186 8.93425
-30.9912 8.98438

-30.9912 8.98438
-30.9624 9.0384

-30.9624 9.03841
-30.9613 9.04053

-30.9613 9.04053
-30.932 9.09668

-30.932 9.09668
-30.9062 9.14726

-30.9062 9.14728
-30.9034 9.15283

-30.9034 9.15283
-30.8755 9.20898

-30.8755 9.20898
-30.8501 9.26121

-30.8501 9.26123
-30.8482 9.26514

-30.8482 9.26514
-30.8215 9.32129

-30.8215 9.32129
-30.7955 9.37744

-30.7955 9.37744
-30.7939 9.38087

-30.7939 9.38088
-30.7701 9.43359

-30.7701 9.43359
-30.7453 9.48975

-30.7452 9.48975
-30.7378 9.50701

-30.7378 9.50708
-30.721 9.5459

-30.7211 9.5459
-30.6974 9.60205

-30.6974 9.60205
-30.6816 9.64036

-30.6816 9.64044
-30.6743 9.6582

-30.6743 9.6582
-30.6518 9.71436

-30.6518 9.71436
-30.6299 9.77051

-30.6298 9.77051
-30.6255 9.78194

-30.6255 9.78202
-30.6085 9.82666

-30.6085 9.82666
-30.5876 9.88281

-30.5876 9.88281
-30.5693 9.93316

-30.5693 9.93325
-30.5673 9.93896

-30.5672 9.93896
-30.5474 9.99512

-30.5474 9.99512
-30.5281 10.0513

-30.5281 10.0513
-30.5132 10.0956

-30.5132 10.0957
-30.5092 10.1074

-30.5092 10.1074
-30.4909 10.1636

-30.4909 10.1636
-30.473 10.2197

-30.473 10.2197
-30.457 10.271

-30.457 10.2711
-30.4555 10.2759

-30.4555 10.2759
-30.4385 10.332

-30.4386 10.332
-30.422 10.3882

-30.422 10.3882
-30.4058 10.4443

-30.4058 10.4443
-30.4009 10.4619

-30.4009 10.462
-30.3901 10.5005

-30.3901 10.5005
-30.3747 10.5566

-30.3747 10.5566
-30.3597 10.6128

-30.3597 10.6128
-30.3451 10.6689

-30.345 10.6689
-30.3447 10.6702

-30.3447 10.6703
-30.3308 10.7251

-30.3308 10.7251
-30.3168 10.7812

-30.3168 10.7812
-30.3031 10.8374

-30.3031 10.8374
-30.2898 10.8936

-30.2897 10.8936
-30.2886 10.8986

-30.2886 10.8987
-30.2767 10.9497

-30.2767 10.9497
-30.2639 11.0059

-30.2639 11.0059
-30.2514 11.062

-30.2514 11.062
-30.2392 11.1182

-30.2392 11.1182
-30.2324 11.1497

-30.2324 11.1498
-30.2272 11.1743

-30.2272 11.1743
-30.2155 11.2305

-30.2155 11.2305
-30.204 11.2866

-30.204 11.2866
-30.1927 11.3428

-30.1927 11.3428
-30.1817 11.3989

-30.1817 11.3989
-30.1763 11.4273

-30.1763 11.4275
-30.171 11.4551

-30.171 11.4551
-30.1604 11.5112

-30.1604 11.5112
-30.1501 11.5674

-30.1501 11.5674
-30.14 11.6235

-30.14 11.6235
-30.1301 11.6797

-30.1301 11.6797
-30.1205 11.7358

-30.1204 11.7358
-30.1201 11.7377

-30.1201 11.7379
-30.111 11.792

-30.111 11.792
-30.1018 11.8481

-30.1018 11.8481
-30.0928 11.9043

-30.0928 11.9043
-30.084 11.9604

-30.084 11.9604
-30.0754 12.0166

-30.0754 12.0166
-30.067 12.0728

-30.067 12.0728
-30.064 12.0938

-30.064 12.094
-30.0589 12.1289

-30.0589 12.1289
-30.051 12.1851

-30.051 12.1851
-30.0432 12.2412

-30.0432 12.2412
-30.0357 12.2974

-30.0357 12.2974
-30.0284 12.3535

-30.0284 12.3535
-30.0213 12.4097

-30.0213 12.4097
-30.0145 12.4658

-30.0145 12.4658
-30.0078 12.5218

-30.0078 12.522
-30.0013 12.5781

-30.0013 12.5781
-29.9951 12.6343

-29.9951 12.6343
-29.9891 12.6904

-29.9891 12.6904
-29.9832 12.7466

-29.9832 12.7466
-29.9777 12.8027

-29.9777 12.8027
-29.9723 12.8589

-29.9723 12.8589
-29.9672 12.915

-29.9672 12.915
-29.9623 12.9712

-29.9623 12.9712
-29.9576 13.0273

-29.9576 13.0273
-29.9532 13.0835

-29.9532 13.0835
-29.9517 13.1034

-29.9517 13.1037
-29.949 13.1396

-29.949 13.1396
-29.945 13.1958

-29.945 13.1958
-29.9413 13.252

-29.9413 13.252
-29.9378 13.3081

-29.9378 13.3081
-29.9345 13.3643

-29.9345 13.3643
-29.9315 13.4204

-29.9315 13.4204
-29.9287 13.4766

-29.9287 13.4766
-29.9262 13.5327

-29.9262 13.5327
-29.9239 13.5889

-29.9239 13.5889
-29.9219 13.645

-29.9219 13.645
-29.9201 13.7012

-29.9201 13.7012
-29.9186 13.7573

-29.9186 13.7573
-29.9173 13.8135

-29.9173 13.8135
-29.9163 13.8696

-29.9163 13.8696
-29.9155 13.9258

-29.9155 13.9258
-29.9149 13.9819

-29.9149 13.9819
-29.9145 14.0381

-29.9145 14.0381
-29.9144 14.0942

-29.9144 14.0942
-29.9144 14.1504

-29.9144 14.1504
-29.9147 14.2065

-29.9147 14.2065
-29.9152 14.2627

-29.9152 14.2627
-29.9158 14.3188

-29.9158 14.3188
-29.9167 14.375

-30.9062 20.0011
-30.9193 20.0464

-30.9193 20.0464
-30.9354 20.1025

-30.9624 20.197
-30.9675 20.2148

-30.9354 20.1025
-30.9515 20.1587

-30.9624 20.197
-30.9515 20.1587

-31.0186 20.3942
-31.0314 20.4395

-30.9675 20.2148
-30.9835 20.271

-30.9835 20.271
-30.9995 20.3271

-30.9995 20.3271
-31.0155 20.3833

-31.0186 20.3943
-31.0154 20.3833

-31.0314 20.4395
-31.0473 20.4956

-31.0473 20.4956
-31.0632 20.5518

-31.0747 20.5925
-31.0791 20.6079

-31.0791 20.6079
-31.0949 20.6641

-31.0747 20.5925
-31.0632 20.5518

-31.1309 20.7917
-31.1424 20.8325

-31.1424 20.8325
-31.1582 20.8887

-31.187 20.9911
-31.1898 21.001

-31.1582 20.8887
-31.174 20.9448

-31.187 20.9911
-31.174 20.9448

-31.1898 21.001
-31.2056 21.0571

-31.2056 21.0571
-31.2215 21.1133

-31.0949 20.6641
-31.1107 20.7202

-31.1107 20.7202
-31.1265 20.7764

-31.1309 20.7917
-31.1265 20.7764

-31.2432 21.1895
-31.2535 21.2256

-31.2534 21.2256
-31.2695 21.2817

-31.2695 21.2817
-31.2856 21.3379

-31.2215 21.1133
-31.2375 21.1694

-31.2432 21.1895
-31.2374 21.1694

-31.2993 21.3852
-31.3019 21.394

-31.3019 21.394
-31.3182 21.4502

-31.2993 21.3852
-31.2856 21.3379

-31.3182 21.4502
-31.3346 21.5063

-31.3346 21.5063
-31.3511 21.5625

-30.0078 15.8689
-30.0101 15.8911

-30.0101 15.8911
-30.0159 15.9473

-30.0159 15.9473
-30.022 16.0034

-30.022 16.0034
-30.0282 16.0596

-30.0282 16.0596
-30.0346 16.1157

-30.0346 16.1157
-30.0412 16.1719

-29.9167 14.375
-29.9178 14.4312

-29.9178 14.4312
-29.9191 14.4873

-29.9191 14.4873
-29.9205 14.5435

-29.9205 14.5435
-29.9222 14.5996

-29.9222 14.5996
-29.924 14.6558

-29.924 14.6558
-29.9261 14.7119

-29.9261 14.7119
-29.9283 14.7681

-29.9283 14.7681
-29.9307 14.8242

-29.9307 14.8242
-29.9333 14.8804

-29.9333 14.8804
-29.9361 14.9365

-29.9361 14.9365
-29.939 14.9927

-29.939 14.9927
-29.9422 15.0488

-29.9422 15.0488
-29.9455 15.105

-29.9455 15.105
-29.9489 15.1611

-29.9517 15.2024
-29.9526 15.2173

-29.9526 15.2173
-29.9565 15.2734

-29.9517 15.2028
-29.9489 15.1611

-29.9565 15.2734
-29.9605 15.3296

-29.9605 15.3296
-29.9647 15.3857

-29.9647 15.3857
-29.969 15.4419

-29.969 15.4419
-29.9735 15.498

-29.9735 15.498
-29.9783 15.5542

-29.9783 15.5542
-29.9831 15.6104

-29.9831 15.6104
-29.9882 15.6665

-29.9882 15.6665
-29.9934 15.7227

-29.9934 15.7227
-29.9988 15.7788

-29.9988 15.7788
-30.0043 15.835

-30.0078 15.869
-30.0043 15.835

-30.0412 16.1719
-30.0479 16.228

-30.0479 16.228
-30.0548 16.2842

-30.064 16.3563
-30.0691 16.3965

-30.0548 16.2842
-30.0619 16.3403

-30.064 16.3565
-30.0619 16.3403

-30.0691 16.3965
-30.0765 16.4526

-30.0765 16.4526
-30.0841 16.5088

-30.0841 16.5088
-30.0919 16.5649

-30.0919 16.5649
-30.0998 16.6211

-30.1201 16.7588
-30.1248 16.7896

-30.1248 16.7896
-30.1334 16.8457

-30.0998 16.6211
-30.1079 16.6772

-30.1079 16.6772
-30.1163 16.7334

-30.1201 16.759
-30.1162 16.7334

-30.1334 16.8457
-30.1423 16.9019

-30.1423 16.9019
-30.1514 16.958

-30.1514 16.958
-30.1607 17.0142

-30.1607 17.0142
-30.1702 17.0703

-30.2324 17.4126
-30.2423 17.4634

-30.2423 17.4634
-30.2534 17.5195

-30.1763 17.1054
-30.1799 17.1265

-30.1799 17.1265
-30.1898 17.1826

-30.1763 17.1055
-30.1702 17.0703

-30.1898 17.1826
-30.1999 17.2388

-30.1999 17.2388
-30.2102 17.2949

-30.2102 17.2949
-30.2207 17.3511

-30.2207 17.3511
-30.2314 17.4072

-30.2324 17.4127
-30.2314 17.4072

-30.2534 17.5195
-30.2647 17.5757

-30.2647 17.5757
-30.2762 17.6318

-30.2886 17.6908
-30.2999 17.7441

-30.2762 17.6318
-30.288 17.688

-30.2886 17.6909
-30.288 17.688

-30.3447 17.9472
-30.3496 17.9688

-30.2999 17.7441
-30.312 17.8003

-30.312 17.8003
-30.3243 17.8564

-30.3243 17.8564
-30.3369 17.9126

-30.3447 17.9473
-30.3369 17.9126

-30.457 18.4123
-30.4585 18.418

-30.4585 18.418
-30.4729 18.4741

-30.4729 18.4741
-30.4875 18.5303

-30.5132 18.6271
-30.5173 18.6426

-30.4875 18.5303
-30.5023 18.5864

-30.5132 18.6271
-30.5023 18.5864

-30.5693 18.8331
-30.5788 18.8672

-30.5173 18.6426
-30.5324 18.6987

-30.5324 18.6987
-30.5477 18.7549

-30.5477 18.7549
-30.5632 18.811

-30.5693 18.8332
-30.5632 18.811

-30.3496 17.9688
-30.3625 18.0249

-30.3625 18.0249
-30.3756 18.0811

-30.4009 18.1866
-30.4025 18.1934

-30.3756 18.0811
-30.389 18.1372

-30.4009 18.1867
-30.389 18.1372

-30.4025 18.1934
-30.4162 18.2495

-30.4162 18.2495
-30.4301 18.3057

-30.4301 18.3057
-30.4442 18.3618

-30.457 18.4124
-30.4442 18.3618

-30.6816 19.2275
-30.6911 19.2603

-30.6911 19.2603
-30.7075 19.3164

-30.5788 18.8672
-30.5945 18.9233

-30.5945 18.9233
-30.6104 18.9795

-30.6255 19.0325
-30.6264 19.0356

-30.6264 19.0356
-30.6425 19.0918

-30.6255 19.0325
-30.6104 18.9795

-30.6425 19.0918
-30.6586 19.1479

-30.6586 19.1479
-30.6749 19.2041

-30.6816 19.2275
-30.6748 19.2041

-30.7378 19.4205
-30.7402 19.4287

-30.7075 19.3164
-30.7238 19.3726

-30.7378 19.4206
-30.7238 19.3726

-30.7402 19.4287
-30.7565 19.4849

-30.7565 19.4849
-30.7729 19.541

-30.7939 19.6133
-30.8056 19.6533

-30.8056 19.6533
-30.8219 19.7095

-30.8219 19.7095
-30.8382 19.7656

-30.7729 19.541
-30.7893 19.5972

-30.7939 19.6133
-30.7893 19.5972

-30.8501 19.8066
-30.8545 19.8218

-30.8545 19.8218
-30.8707 19.8779

-30.8501 19.8066
-30.8382 19.7656

-30.8707 19.8779
-30.8869 19.9341

-30.887 19.9341
-30.9031 19.9902

-30.9062 20.0011
-30.9031 19.9902

-31.8047 22.9814
-31.8187 23.0225

-31.8187 23.0225
-31.8378 23.0786

-31.8378 23.0786
-31.857 23.1348

-31.917 23.3099
-31.9339 23.3594

-31.8608 23.1459
-31.8762 23.1909

-31.8762 23.1909
-31.8955 23.2471

-31.8608 23.1459
-31.857 23.1348

-31.8955 23.2471
-31.9147 23.3032

-31.917 23.3099
-31.9147 23.3032

-31.3555 21.5772
-31.3677 21.6187

-31.3677 21.6187
-31.3845 21.6748

-31.4116 21.7652
-31.4182 21.7871

-31.3845 21.6748
-31.4013 21.731

-31.4116 21.7652
-31.4013 21.731

-31.4678 21.9491
-31.4698 21.9556

-31.4698 21.9556
-31.4872 22.0117

-31.4182 21.7871
-31.4353 21.8433

-31.4353 21.8433
-31.4525 21.8994

-31.4678 21.9491
-31.4525 21.8994

-31.5801 22.3054
-31.594 22.3486

-31.594 22.3486
-31.6122 22.4048

-31.6122 22.4048
-31.6305 22.4609

-31.4872 22.0117
-31.5047 22.0679

-31.5047 22.0679
-31.5223 22.124

-31.5239 22.1291
-31.5401 22.1802

-31.5401 22.1802
-31.5579 22.2363

-31.5239 22.1292
-31.5223 22.124

-31.5579 22.2363
-31.5759 22.2925

-31.5801 22.3055
-31.5759 22.2925

-31.3555 21.5772
-31.3511 21.5625

-31.6924 22.6484
-31.7048 22.6855

-31.6362 22.4784
-31.6489 22.5171

-31.6489 22.5171
-31.6674 22.5732

-31.6362 22.4784
-31.6305 22.4609

-31.6674 22.5732
-31.6861 22.6294

-31.6924 22.6484
-31.686 22.6294

-31.7048 22.6855
-31.7236 22.7417

-31.7236 22.7417
-31.7425 22.7979

-31.7485 22.8158
-31.7614 22.854

-31.7614 22.854
-31.7804 22.9102

-31.7485 22.8159
-31.7425 22.7979

-31.7804 22.9102
-31.7995 22.9663

-31.8047 22.9815
-31.7995 22.9663

-32.0293 23.638
-32.03 23.6401

-32.03 23.6401
-32.0492 23.6963

-32.0854 23.8027
-32.0875 23.8086

-32.0492 23.6963
-32.0683 23.7524

-32.0854 23.8027
-32.0683 23.7524

-31.9339 23.3594
-31.9532 23.4155

-31.9532 23.4155
-31.9724 23.4717

-31.9731 23.4738
-31.9916 23.5278

-31.9916 23.5278
-32.0108 23.584

-31.9731 23.4739
-31.9724 23.4717

-32.0293 23.638
-32.0108 23.584

-32.1416 23.9679
-32.1447 23.9771

-32.1447 23.9771
-32.1638 24.0332

-32.0875 23.8086
-32.1066 23.8647

-32.1066 23.8647
-32.1257 23.9209

-32.1416 23.9679
-32.1257 23.9209

-32.1978 24.1337
-32.2018 24.1455

-32.1638 24.0332
-32.1828 24.0894

-32.1978 24.1337
-32.1828 24.0894

-32.2018 24.1455
-32.2207 24.2017

-32.2207 24.2017
-32.2397 24.2578

-32.2539 24.3001
-32.2586 24.314

-32.2586 24.314
-32.2775 24.3701

-32.3101 24.467
-32.3152 24.4824

-32.2775 24.3701
-32.2964 24.4263

-32.3101 24.467
-32.2964 24.4263

-32.3662 24.6343
-32.3718 24.6509

-32.3718 24.6509
-32.3906 24.707

-32.3152 24.4824
-32.3341 24.5386

-32.3341 24.5386
-32.3529 24.5947

-32.3662 24.6343
-32.3529 24.5947

-32.4785 24.9683
-32.4851 24.9878

-32.4851 24.9878
-32.504 25.0439

-32.5347 25.1343
-32.5421 25.1562

-32.504 25.0439
-32.5231 25.1001

-32.5347 25.1344
-32.523 25.1001

-32.4224 24.8016
-32.4283 24.8193

-32.3906 24.707
-32.4095 24.7632

-32.4224 24.8016
-32.4095 24.7632

-32.4283 24.8193
-32.4472 24.8755

-32.4472 24.8755
-32.4661 24.9316

-32.4785 24.9684
-32.4661 24.9316

-32.2539 24.3001
-32.2397 24.2578

-32.7031 25.6262
-32.7154 25.6616

-32.7154 25.6616
-32.7349 25.7178

-32.7593 25.7877
-32.7741 25.8301

-32.7349 25.7178
-32.7545 25.7739

-32.7593 25.7877
-32.7545 25.7739

-32.8154 25.948
-32.8332 25.9985

-32.8332 25.9985
-32.8531 26.0547

-32.7741 25.8301
-32.7937 25.8862

-32.7937 25.8862
-32.8135 25.9424

-32.8154 25.948
-32.8134 25.9424

-33.1523 26.8846
-33.1569 26.897

-33.1569 26.897
-33.1776 26.9531

-32.9277 26.2648
-32.9329 26.2793

-32.9329 26.2793
-32.953 26.3354

-32.953 26.3354
-32.9731 26.3916

-32.9839 26.4216
-32.9933 26.4478

-32.9933 26.4478
-33.0135 26.5039

-32.9839 26.4216
-32.9731 26.3916

-32.8716 26.107
-32.8729 26.1108

-32.8729 26.1108
-32.8929 26.167

-32.8716 26.107
-32.8531 26.0547

-32.8929 26.167
-32.9129 26.2231

-32.9277 26.2649
-32.9129 26.2231

-33.04 26.5771
-33.0542 26.6162

-33.0542 26.6162
-33.0746 26.6724

-33.0746 26.6724
-33.0951 26.7285

-33.0135 26.5039
-33.0339 26.5601

-33.04 26.5771
-33.0338 26.5601

-33.0962 26.7315
-33.1156 26.7847

-33.1156 26.7847
-33.1362 26.8408

-33.0962 26.7315
-33.0951 26.7285

-33.1523 26.8846
-33.1362 26.8408

-33.6016 28.0994
-33.6137 28.1323

-33.6137 28.1323
-33.6344 28.1885

-33.6577 28.2519
-33.6757 28.3008

-33.6344 28.1885
-33.655 28.2446

-33.6577 28.2519
-33.655 28.2446

-33.8262 28.7095
-33.8411 28.75

-33.7139 28.4045
-33.717 28.4131

-33.717 28.4131
-33.7377 28.4692

-33.7377 28.4692
-33.7584 28.5254

-33.6757 28.3008
-33.6964 28.3569

-33.7139 28.4045
-33.6964 28.3569

-33.77 28.5571
-33.779 28.5815

-33.779 28.5815
-33.7997 28.6377

-33.77 28.5571
-33.7583 28.5254

-33.7997 28.6377
-33.8204 28.6938

-33.8262 28.7095
-33.8204 28.6938

-33.2085 27.0368
-33.2191 27.0654

-33.1776 26.9531
-33.1983 27.0093

-33.2085 27.0369
-33.1983 27.0093

-33.2191 27.0654
-33.2399 27.1216

-33.2399 27.1216
-33.2607 27.1777

-33.2646 27.1885
-33.2815 27.2339

-33.2815 27.2339
-33.3023 27.29

-33.3208 27.34
-33.3231 27.3462

-33.3231 27.3462
-33.3439 27.4023

-33.3208 27.34
-33.3023 27.29

-33.2646 27.1885
-33.2606 27.1777

-33.377 27.4915
-33.3855 27.5146

-33.3855 27.5146
-33.4063 27.5708

-33.4063 27.5708
-33.4271 27.627

-33.4893 27.7951
-33.4894 27.7954

-33.4894 27.7954
-33.5101 27.8516

-33.4331 27.6432
-33.4479 27.6831

-33.4479 27.6831
-33.4686 27.7393

-33.4331 27.6432
-33.4271 27.627

-33.4893 27.7951
-33.4686 27.7393

-33.3439 27.4023
-33.3647 27.4585

-33.377 27.4915
-33.3647 27.4585

-33.5454 27.9471
-33.5516 27.9639

-33.5101 27.8516
-33.5309 27.9077

-33.5454 27.9472
-33.5309 27.9077

-33.5516 27.9639
-33.5723 28.02

-33.5723 28.02
-33.593 28.0762

-33.6016 28.0994
-33.593 28.0762

-32.5908 25.2994
-32.5995 25.3247

-32.5995 25.3247
-32.6187 25.3809

-32.5421 25.1562
-32.5612 25.2124

-32.5612 25.2124
-32.5803 25.2686

-32.5908 25.2994
-32.5803 25.2686

-32.647 25.4634
-32.6572 25.4932

-32.6187 25.3809
-32.6379 25.437

-32.647 25.4634
-32.6379 25.437

-32.6572 25.4932
-32.6766 25.5493

-32.6766 25.5493
-32.696 25.6055

-32.7031 25.6262
-32.696 25.6055

-34.0508 29.3152
-34.0704 29.3677

-34.0704 29.3677
-34.0914 29.4238

-34.1631 29.615
-34.1756 29.6484

-34.1069 29.4654
-34.1124 29.48

-34.1124 29.48
-34.1334 29.5361

-34.1069 29.4654
-34.0914 29.4238

-34.1334 29.5361
-34.1545 29.5923

-34.1631 29.6151
-34.1545 29.5923

-33.8823 28.8616
-33.8826 28.8623

-33.8411 28.75
-33.8618 28.8062

-33.8823 28.8616
-33.8618 28.8062

-33.8826 28.8623
-33.9034 28.9185

-33.9034 28.9185
-33.9242 28.9746

-33.9385 29.0132
-33.945 29.0308

-33.945 29.0308
-33.9658 29.0869

-33.9946 29.1644
-34.0076 29.1992

-33.9658 29.0869
-33.9867 29.1431

-33.9946 29.1645
-33.9867 29.1431

-33.9385 29.0133
-33.9242 28.9746

-34.0076 29.1992
-34.0285 29.2554

-34.0285 29.2554
-34.0494 29.3115

-34.0508 29.3152
-34.0494 29.3115

-34.2754 29.9127
-34.2816 29.9292

-34.2816 29.9292
-34.3029 29.9854

-34.3315 30.0607
-34.3456 30.0977

-34.3029 29.9854
-34.3243 30.0415

-34.3315 30.0607
-34.3243 30.0415

-34.1756 29.6484
-34.1968 29.7046

-34.1968 29.7046
-34.2179 29.7607

-34.2192 29.7642
-34.2391 29.8169

-34.2391 29.8169
-34.2604 29.873

-34.2192 29.7642
-34.2179 29.7607

-34.2754 29.9127
-34.2604 29.873

-34.3877 30.2079
-34.3885 30.21

-34.3885 30.21
-34.4099 30.2661

-34.4099 30.2661
-34.4315 30.3223

-34.3456 30.0977
-34.367 30.1538

-34.3877 30.2079
-34.367 30.1538

-34.4438 30.3545
-34.453 30.3784

-34.453 30.3784
-34.4746 30.4346

-34.4438 30.3545
-34.4315 30.3223

-34.4746 30.4346
-34.4963 30.4907

-34.5 30.5005
-34.4962 30.4907

-77.625 118.552
-77.6474 118.594

-79.4219 121.852
-79.6054 122.188

-77.647 118.594
-78.6242 120.391

-79.4219 121.853
-78.623 120.391

-81.2188 125.131
-81.5749 125.781

-83.0156 128.403
-83.5536 129.375

-81.5729 125.781
-82.5586 127.578

-83.0156 128.411
-82.5551 127.578

-79.6063 122.188
-80.5909 123.984

-81.2188 125.13
-80.5915 123.984

-84.8125 131.652
-85.5371 132.969

-86.6094 134.885
-87.5647 136.562

-85.5296 132.969
-86.5338 134.766

-86.6094 134.91
-86.5273 134.766

-88.4062 138.035
-88.5924 138.359

-88.5855 138.359
-89.6373 140.156

-90.2031 141.054
-90.7643 141.953

-90.7689 141.953
-91.9426 143.75

-90.2031 141.12
-89.6011 140.156

-88.4062 138.033
-87.5637 136.562

-83.5569 129.375
-84.5514 131.172

-84.8125 131.646
-84.5515 131.172

-75.8281 115.242
-76.6711 116.797

-77.625 118.552
-76.6715 116.797

-75.8281 115.248
-75.6936 115

-92 143.952
-91.8785 143.75

