-43.1624 0
-43.1619 0.0561523

-43.1619 0.0561523
-43.1605 0.112305

-43.1605 0.112305
-43.1581 0.168457

-43.1581 0.168457
-43.1548 0.224609

-43.1548 0.224609
-43.1505 0.280762

-43.1505 0.280762
-43.1475 0.312802

-43.1475 0.312793
-43.1452 0.336914

-43.1452 0.336914
-43.139 0.393066

-43.139 0.393066
-43.1318 0.449219

-43.1318 0.449219
-43.1237 0.505371

-43.1237 0.505371
-43.1145 0.561523

-43.1145 0.561523
-43.1045 0.617676

-43.1045 0.617676
-43.0934 0.673828

-43.0934 0.673828
-43.0913 0.683661

-43.0913 0.683685
-43.0814 0.72998

-43.0814 0.72998
-43.0684 0.786133

-43.0684 0.786133
-43.0544 0.842285

-43.0544 0.842285
-43.0394 0.898438

-43.0394 0.898438
-43.0352 0.913298

-43.0352 0.91332
-43.0234 0.95459

-43.0234 0.95459
-43.0064 1.01074

-43.0064 1.01074
-42.9884 1.06689

-42.9884 1.06689
-42.979 1.09456

-42.979 1.09456
-42.9693 1.12305

-42.9693 1.12305
-42.9493 1.1792

-42.9493 1.1792
-42.9281 1.23535

-42.9281 1.23535
-42.9229 1.24874

-42.9229 1.24876
-42.906 1.2915

-42.906 1.2915
-42.8827 1.34766

-42.8827 1.34766
-42.8667 1.3846

-42.8667 1.3846
-42.8584 1.40381

-42.8584 1.40381
-42.8329 1.45996

-42.8329 1.45996
-42.8105 1.50732

-42.8105 1.50732
-42.8064 1.51611

-42.8064 1.51611
-42.7787 1.57227

-42.7787 1.57227
-42.7544 1.61962

-42.7544 1.61962
-42.7499 1.62842

-42.7499 1.62842
-42.7199 1.68457

-42.7199 1.68457
-42.6982 1.72353

-42.6982 1.72353
-42.6887 1.74072

-42.6887 1.74072
-42.6563 1.79688

-42.6563 1.79688
-42.6421 1.8206

-42.6421 1.82061
-42.6227 1.85303

-42.6227 1.85303
-42.5878 1.90918

-42.5878 1.90918
-42.5859 1.91205

-42.5859 1.91206
-42.5516 1.96533

-42.5516 1.96533
-42.5298 1.99807

-42.5298 1.99808
-42.5142 2.02148

-42.5142 2.02148
-42.4754 2.07764

-42.4754 2.07764
-42.4736 2.08004

-42.4736 2.08005
-42.4352 2.13379

-42.4352 2.13379
-42.4175 2.15771

-42.4175 2.15772
-42.3936 2.18994

-42.3936 2.18994
-42.3613 2.23211

-42.3613 2.23212
-42.3506 2.24609

-42.3506 2.24609
-42.3062 2.30225

-42.3062 2.30225
-42.3052 2.30345

-42.3052 2.30346
-42.2602 2.3584

-42.2602 2.3584
-42.249 2.37162

-42.249 2.37163
-42.2127 2.41455

-42.2127 2.41455
-42.1929 2.43726

-42.1929 2.43727
-42.1636 2.4707

-42.1637 2.4707
-42.1367 2.50054

-42.1367 2.50054
-42.113 2.52686

-42.113 2.52686
-42.0806 2.5616

-42.0806 2.56161
-42.0606 2.58301

-42.0606 2.58301
-42.0244 2.62062

-42.0244 2.62062
-42.0066 2.63916

-42.0067 2.63916
-41.9683 2.67777

-41.9683 2.67783
-41.9505 2.69531

-41.9506 2.69531
-41.9121 2.73314

-41.9121 2.73307
-41.8928 2.75146

-41.8929 2.75146
-41.856 2.78673

-41.856 2.78668
-41.8334 2.80762

-41.8334 2.80762
-41.7998 2.83871

-41.7998 2.83869
-41.7719 2.86377

-41.7719 2.86377
-41.7437 2.88923

-41.7437 2.88923
-41.7086 2.91992

-41.7085 2.91992
-41.6875 2.93834

-41.6875 2.93837
-41.6433 2.97607

-41.6431 2.97607
-41.6313 2.9861

-41.6313 2.98619
-41.5759 3.03223

-41.5757 3.03223
-41.5752 3.03261

-41.5752 3.03277
-41.519 3.07818

-41.519 3.07811
-41.506 3.08838

-41.5061 3.08838
-41.4629 3.12246

-41.4629 3.12245
-41.4342 3.14453

-41.4342 3.14453
-41.4067 3.16568

-41.4067 3.16567
-41.3602 3.20068

-41.3601 3.20068
-41.3506 3.2078

-41.3506 3.20788
-41.2944 3.24914

-41.2944 3.24908
-41.2836 3.25684

-41.2837 3.25684
-41.2383 3.28945

-41.2383 3.28945
-41.2048 3.31299

-41.2047 3.31299
-41.1821 3.32888

-41.1821 3.3289
-41.126 3.36751

-41.126 3.36743
-41.1234 3.36914

-41.1235 3.36914
-41.0698 3.40531

-41.0698 3.40531
-41.0395 3.42529

-41.0395 3.42529
-41.0137 3.44234

-41.0137 3.44235
-40.9575 3.47865

-40.9575 3.47859
-40.953 3.48145

-40.9531 3.48145
-40.9014 3.51425

-40.9014 3.51425
-40.8638 3.5376

-40.8638 3.5376
-40.8452 3.54915

-40.8452 3.54917
-40.7891 3.58345

-40.7891 3.58343
-40.7718 3.59375

-40.7719 3.59375
-40.7329 3.61709

-40.7329 3.6171
-40.6772 3.6499

-40.677 3.6499
-40.6768 3.65006

-40.6768 3.65014
-40.6206 3.68262

-40.6206 3.68264
-40.5794 3.70605

-40.5793 3.70605
-40.5645 3.71452

-40.5645 3.71455
-40.5083 3.74596

-40.5083 3.74596
-40.4788 3.76221

-40.4787 3.76221
-40.4521 3.77684

-40.4521 3.77684
-40.396 3.80724

-40.396 3.80724
-40.3751 3.81836

-40.3751 3.81836
-40.3398 3.83717

-40.3398 3.83717
-40.2837 3.86665

-40.2837 3.86664
-40.2685 3.87451

-40.2685 3.87451
-40.2275 3.89568

-40.2275 3.89569
-40.1714 3.92431

-40.1714 3.9243
-40.1587 3.93066

-40.1587 3.93066
-40.1152 3.95252

-40.1152 3.95253
-40.0591 3.98036

-40.0591 3.98035
-40.0459 3.98682

-40.0459 3.98682
-40.0029 4.00781

-40.0029 4.00782
-39.9468 4.03492

-39.9468 4.03491
-39.9299 4.04297

-39.9299 4.04297
-39.8906 4.06166

-39.8906 4.06167
-39.8345 4.0881

-39.8345 4.0881
-39.8108 4.09912

-39.8107 4.09912
-39.7783 4.11419

-39.7783 4.1142
-39.7222 4.14001

-39.7222 4.14002
-39.6886 4.15527

-39.6885 4.15527
-39.666 4.1655

-39.666 4.16551
-39.6099 4.19075

-39.6099 4.19077
-39.5634 4.21143

-39.5633 4.21143
-39.5537 4.21567

-39.5537 4.2157
-39.4976 4.2404

-39.4976 4.24042
-39.4414 4.26488

-39.4414 4.26487
-39.4351 4.26758

-39.4351 4.26758
-39.3853 4.28908

-39.3853 4.28909
-39.3291 4.31308

-39.3291 4.31309
-39.304 4.32373

-39.3039 4.32373
-39.2729 4.33684

-39.2729 4.33684
-39.2168 4.36042

-39.2168 4.36044
-39.1701 4.37988

-39.17 4.37988
-39.1606 4.38376

-39.1606 4.38378
-39.1045 4.40696

-39.1045 4.40698
-39.0483 4.42998

-39.0483 4.42999
-39.0335 4.43604

-39.0334 4.43604
-38.9922 4.45279

-38.9922 4.4528
-38.936 4.47547

-38.936 4.47549
-38.8944 4.49219

-38.8943 4.49219
-38.8799 4.49796

-38.8799 4.49796
-38.8237 4.52034

-38.8237 4.52036
-38.7676 4.5426

-38.7676 4.5426
-38.753 4.54834

-38.7529 4.54834
-38.7114 4.56466

-38.7114 4.56467
-38.6553 4.58665

-38.6553 4.58667
-38.6095 4.60449

-38.6094 4.60449
-38.5991 4.60848

-38.5991 4.60849
-38.543 4.63024

-38.543 4.63026
-38.4868 4.65192

-38.4868 4.65194
-38.4641 4.66064

-38.464 4.66064
-38.4307 4.67345

-38.4307 4.67345
-38.3745 4.69493

-38.3745 4.69495
-38.3184 4.71633

-38.3184 4.71633
-38.3171 4.7168

-38.3171 4.7168
-38.2622 4.73761

-38.2622 4.73762
-38.2061 4.75888

-38.2061 4.7589
-38.1688 4.77295

-38.1687 4.77295
-38.1499 4.78003

-38.1499 4.78003
-38.0938 4.80116

-38.0938 4.80119
-38.0376 4.82228

-38.0376 4.82229
-38.0194 4.8291

-38.0193 4.8291
-37.9814 4.84328

-37.9814 4.84328
-37.9253 4.86429

-37.9253 4.86431
-37.8692 4.88525

-37.8691 4.88525
-37.813 4.90618

-37.813 4.90619
-37.7568 4.92712

-37.7568 4.92714
-37.7185 4.94141

-37.7184 4.94141
-37.7007 4.948

-37.7007 4.948
-37.6445 4.9689

-37.6445 4.96893
-37.5884 4.98984

-37.5884 4.98985
-37.5677 4.99756

-37.5676 4.99756
-37.5322 5.0107

-37.5322 5.0107
-37.4761 5.03162

-37.4761 5.03164
-37.4199 5.05257

-37.4199 5.05257
-37.4169 5.05371

-37.4168 5.05371
-37.3638 5.07347

-37.3638 5.07348
-37.3076 5.09446

-37.3076 5.09448
-37.2665 5.10986

-37.2664 5.10986
-37.2515 5.11544

-37.2515 5.11544
-37.1953 5.13647

-37.1953 5.13649
-37.1392 5.15758

-37.1392 5.1576
-37.1168 5.16602

-37.1167 5.16602
-37.083 5.17868

-37.083 5.17868
-37.0269 5.19986

-37.0269 5.19989
-36.9707 5.22113

-36.9707 5.22114
-36.968 5.22217

-36.9679 5.22217
-36.9146 5.24239

-36.9146 5.2424
-36.8584 5.26379

-36.8584 5.26381
-36.8204 5.27832

-36.8203 5.27832
-36.8022 5.28522

-36.8022 5.28521
-36.7461 5.30674

-36.7461 5.30677
-36.6899 5.3284

-36.6899 5.32841
-36.6743 5.33447

-36.6742 5.33447
-36.6338 5.35007

-36.6338 5.35008
-36.5776 5.3719

-36.5776 5.37192
-36.5297 5.39062

-36.5296 5.39062
-36.5215 5.39381

-36.5215 5.3938
-36.4653 5.41583

-36.4653 5.41585
-36.4092 5.438

-36.4092 5.43802
-36.3871 5.44678

-36.387 5.44678
-36.353 5.46025

-36.353 5.46025
-36.2969 5.48266

-36.2969 5.48269
-36.2465 5.50293

-36.2464 5.50293
-36.2407 5.50521

-36.2407 5.5052
-36.1846 5.52788

-36.1846 5.5279
-36.1284 5.55075

-36.1284 5.55077
-36.1081 5.55908

-36.108 5.55908
-36.0723 5.57372

-36.0723 5.57373
-36.0161 5.5969

-36.0161 5.59692
-35.972 5.61523

-35.972 5.61523
-35.96 5.62023

-35.96 5.62022
-35.9038 5.64374

-35.9038 5.64376
-35.8477 5.66748

-35.8477 5.66751
-35.8385 5.67139

-35.8384 5.67139
-35.7915 5.69135

-35.7915 5.69136
-35.7354 5.71548

-35.7354 5.7155
-35.7076 5.72754

-35.7075 5.72754
-35.6792 5.73979

-35.6792 5.73979
-35.623 5.76434

-35.623 5.76437
-35.5792 5.78369

-35.5792 5.78369
-35.5669 5.78912

-35.5669 5.7891
-35.5107 5.81412

-35.5107 5.81415
-35.4546 5.83942

-35.4546 5.83946
-35.4537 5.83984

-35.4536 5.83984
-35.3984 5.86492

-35.3984 5.86493
-35.3423 5.89073

-35.3423 5.89076
-35.331 5.896

-35.3309 5.896
-35.2861 5.91677

-35.2861 5.91678
-35.23 5.94315

-35.23 5.94318
-35.2111 5.95215

-35.211 5.95215
-35.1738 5.96979

-35.1738 5.9698
-35.1177 5.99677

-35.1177 5.9968
-35.094 6.0083

-35.0939 6.0083
-35.0615 6.02404

-35.0615 6.02405
-35.0054 6.05167

-35.0054 6.0517
-34.9798 6.06445

-34.9797 6.06445
-34.9492 6.07962

-34.9492 6.07963
-34.8931 6.10795

-34.8931 6.10799
-34.8684 6.12061

-34.8683 6.12061
-34.8369 6.13663

-34.8369 6.13664
-34.7808 6.16571

-34.7808 6.16575
-34.7598 6.17676

-34.7597 6.17676
-34.7246 6.19516

-34.7246 6.19518
-34.6685 6.22505

-34.6685 6.2251
-34.654 6.23291

-34.6539 6.23291
-34.6123 6.25533

-34.6123 6.25535
-34.5562 6.28608

-34.5562 6.28615
-34.5509 6.28906

-34.5507 6.28906
-34.5 6.31724

-34.5 29.3271
-34.5149 29.3677

-34.5149 29.3677
-34.5355 29.4238

-34.6123 29.632
-34.6184 29.6484

-34.5562 29.4798
-34.5562 29.48

-34.5562 29.48
-34.5769 29.5361

-34.5562 29.4799
-34.5355 29.4238

-34.5769 29.5361
-34.5976 29.5923

-34.6123 29.632
-34.5976 29.5923

-34.9492 30.5305
-34.9554 30.5469

-34.7246 29.9343
-34.7437 29.9854

-34.7808 30.0844
-34.7857 30.0977

-34.7437 29.9854
-34.7647 30.0415

-34.7808 30.0844
-34.7647 30.0415

-34.6184 29.6484
-34.6392 29.7046

-34.6392 29.7046
-34.66 29.7607

-34.6685 29.7835
-34.6809 29.8169

-34.6809 29.8169
-34.7018 29.873

-34.6685 29.7835
-34.66 29.7607

-34.7018 29.873
-34.7227 29.9292

-34.7246 29.9343
-34.7227 29.9292

-34.8369 30.2337
-34.8491 30.2661

-34.8491 30.2661
-34.8703 30.3223

-34.7857 30.0977
-34.8068 30.1538

-34.8068 30.1538
-34.828 30.21

-34.8369 30.2337
-34.828 30.21

-34.8931 30.3824
-34.9128 30.4346

-34.8703 30.3223
-34.8915 30.3784

-34.8931 30.3824
-34.8915 30.3784

-34.9128 30.4346
-34.9341 30.4907

-34.9492 30.5305
-34.9341 30.4907

-35.3984 31.7049
-35.4065 31.7261

-35.4065 31.7261
-35.428 31.7822

-35.4546 31.8515
-35.4711 31.8945

-35.428 31.7822
-35.4496 31.8384

-35.4546 31.8515
-35.4495 31.8384

-35.623 32.2907
-35.6435 32.3438

-35.5107 31.9981
-35.5141 32.0068

-35.5141 32.0068
-35.5356 32.063

-35.5356 32.063
-35.5572 32.1191

-35.4711 31.8945
-35.4926 31.9507

-35.5107 31.9981
-35.4926 31.9507

-35.5669 32.1445
-35.5787 32.1753

-35.5787 32.1753
-35.6003 32.2314

-35.5669 32.1445
-35.5572 32.1191

-35.6003 32.2314
-35.6219 32.2876

-35.623 32.2907
-35.6218 32.2876

-34.9554 30.5469
-34.9768 30.603

-34.9768 30.603
-34.9982 30.6592

-35.0054 30.6781
-35.0196 30.7153

-35.0196 30.7153
-35.041 30.7715

-35.0054 30.6781
-34.9982 30.6592

-35.0615 30.8252
-35.0625 30.8276

-35.0624 30.8276
-35.0839 30.8838

-35.1177 30.9721
-35.1269 30.9961

-35.0839 30.8838
-35.1054 30.9399

-35.1177 30.9721
-35.1054 30.9399

-35.0615 30.8252
-35.041 30.7715

-35.1738 31.1187
-35.1914 31.1646

-35.1914 31.1646
-35.2129 31.2207

-35.2861 31.4118
-35.299 31.4453

-35.23 31.2653
-35.2344 31.2769

-35.2344 31.2769
-35.2559 31.333

-35.23 31.2653
-35.2129 31.2207

-35.2559 31.333
-35.2775 31.3892

-35.2861 31.4118
-35.2775 31.3892

-35.1269 30.9961
-35.1484 31.0522

-35.1484 31.0522
-35.1699 31.1084

-35.1738 31.1187
-35.1699 31.1084

-35.299 31.4453
-35.3205 31.5015

-35.3205 31.5015
-35.342 31.5576

-35.3423 31.5583
-35.3635 31.6138

-35.3635 31.6138
-35.385 31.6699

-35.3423 31.5584
-35.342 31.5576

-35.3984 31.7049
-35.385 31.6699

-36.2969 34.0288
-36.3186 34.0845

-36.3186 34.0845
-36.3405 34.1406

-36.4092 34.3163
-36.4283 34.3652

-36.353 34.1727
-36.3624 34.1968

-36.3624 34.1968
-36.3844 34.2529

-36.353 34.1727
-36.3405 34.1406

-36.3844 34.2529
-36.4063 34.3091

-36.4092 34.3164
-36.4063 34.3091

-36.4653 34.4597
-36.4723 34.4775

-36.4283 34.3652
-36.4503 34.4214

-36.4653 34.4597
-36.4503 34.4214

-36.4723 34.4775
-36.4944 34.5337

-36.4944 34.5337
-36.5165 34.5898

-36.5215 34.6026
-36.5386 34.646

-36.5386 34.646
-36.5607 34.7021

-36.5776 34.745
-36.5829 34.7583

-36.5829 34.7583
-36.6051 34.8145

-36.5776 34.745
-36.5607 34.7021

-36.6338 34.8868
-36.6496 34.9268

-36.6899 35.0284
-36.6942 35.0391

-36.6496 34.9268
-36.6719 34.9829

-36.6899 35.0284
-36.6719 34.9829

-36.6051 34.8145
-36.6274 34.8706

-36.6338 34.8868
-36.6274 34.8706

-36.5215 34.6026
-36.5165 34.5898

-36.7461 35.1697
-36.7611 35.2075

-36.7611 35.2075
-36.7834 35.2637

-36.8584 35.4522
-36.8728 35.4883

-36.8022 35.311
-36.8058 35.3198

-36.8058 35.3198
-36.8281 35.376

-36.8022 35.311
-36.7834 35.2637

-36.8281 35.376
-36.8504 35.4321

-36.8584 35.4522
-36.8504 35.4321

-36.9707 35.7339
-36.9848 35.769

-36.9847 35.769
-37.0072 35.8252

-37.0269 35.8744
-37.0296 35.8813

-37.0296 35.8813
-37.0521 35.9375

-37.0269 35.8744
-37.0072 35.8252

-36.9146 35.5931
-36.9175 35.6006

-36.8728 35.4883
-36.8951 35.5444

-36.9146 35.5931
-36.8951 35.5444

-36.9175 35.6006
-36.9399 35.6567

-36.9399 35.6567
-36.9623 35.7129

-36.9707 35.7339
-36.9623 35.7129

-36.6942 35.0391
-36.7165 35.0952

-36.7165 35.0952
-36.7388 35.1514

-36.7461 35.1697
-36.7388 35.1514

-35.8477 32.8728
-35.8602 32.9053

-35.8602 32.9053
-35.8819 32.9614

-35.8819 32.9614
-35.9037 33.0176

-35.96 33.1628
-35.969 33.186

-35.969 33.186
-35.9907 33.2422

-35.9038 33.0179
-35.9254 33.0737

-35.9254 33.0737
-35.9472 33.1299

-35.9038 33.0179
-35.9037 33.0176

-35.96 33.1628
-35.9472 33.1299

-35.6792 32.4366
-35.6867 32.4561

-35.6435 32.3438
-35.6651 32.3999

-35.6792 32.4366
-35.6651 32.3999

-35.6867 32.4561
-35.7083 32.5122

-35.7083 32.5122
-35.73 32.5684

-35.7354 32.5822
-35.7517 32.6245

-35.7517 32.6245
-35.7734 32.6807

-35.7915 32.7276
-35.7951 32.7368

-35.7951 32.7368
-35.8168 32.793

-35.7915 32.7276
-35.7734 32.6807

-35.7354 32.5822
-35.73 32.5684

-35.8168 32.793
-35.8385 32.8491

-35.8477 32.8728
-35.8385 32.8491

-36.0723 33.4522
-36.078 33.4668

-36.0779 33.4668
-36.0998 33.5229

-36.0998 33.5229
-36.1216 33.5791

-36.1284 33.5965
-36.1435 33.6353

-36.1435 33.6353
-36.1654 33.6914

-36.1284 33.5965
-36.1216 33.5791

-36.0161 33.3076
-36.0343 33.3545

-35.9907 33.2422
-36.0125 33.2983

-36.0161 33.3076
-36.0125 33.2983

-36.0343 33.3545
-36.0561 33.4106

-36.0723 33.4522
-36.0561 33.4106

-36.1846 33.7407
-36.1872 33.7476

-36.1872 33.7476
-36.2091 33.8037

-36.2407 33.8848
-36.2529 33.916

-36.2091 33.8037
-36.231 33.8599

-36.2407 33.8848
-36.231 33.8599

-36.1846 33.7407
-36.1654 33.6914

-36.2529 33.916
-36.2748 33.9722

-36.2748 33.9722
-36.2967 34.0283

-36.2969 34.0288
-36.2967 34.0283

-38.0938 38.5091
-38.0984 38.5205

-38.0984 38.5205
-38.1213 38.5767

-38.1213 38.5767
-38.1441 38.6328

-38.3184 39.0589
-38.3279 39.082

-38.2061 38.7843
-38.236 38.8574

-38.1499 38.6469
-38.1671 38.689

-38.1671 38.689
-38.19 38.7451

-38.1499 38.6469
-38.1441 38.6328

-38.2061 38.7843
-38.19 38.7451

-38.3184 39.0586
-38.2359 38.8574

-38.3277 39.082
-38.5133 39.5312

-39.8906 42.8191
-40.0198 43.125

-38.9922 40.6816
-39.2619 41.3281

-38.543 39.6011
-38.7006 39.9805

-38.7004 39.9805
-38.8872 40.4297

-38.543 39.6014
-38.5138 39.5312

-38.9922 40.6824
-38.8868 40.4297

-39.8906 42.822
-39.26 41.3281

-37.1953 36.2948
-37.2096 36.3306

-37.2096 36.3306
-37.2321 36.3867

-37.3076 36.5749
-37.3223 36.6113

-37.2515 36.4349
-37.2547 36.4429

-37.2547 36.4429
-37.2772 36.499

-37.2515 36.4349
-37.2321 36.3867

-37.2772 36.499
-37.2997 36.5552

-37.3076 36.5749
-37.2997 36.5552

-37.3638 36.7145
-37.3674 36.7236

-37.3223 36.6113
-37.3448 36.6675

-37.3638 36.7145
-37.3448 36.6675

-37.3674 36.7236
-37.3901 36.7798

-37.3901 36.7798
-37.4127 36.8359

-37.6445 37.4063
-37.6638 37.4536

-37.6638 37.4536
-37.6867 37.5098

-37.7568 37.6823
-37.778 37.7344

-37.7007 37.5442
-37.7095 37.5659

-37.7095 37.5659
-37.7323 37.6221

-37.7007 37.5442
-37.6867 37.5098

-37.7323 37.6221
-37.7552 37.6782

-37.7568 37.6823
-37.7552 37.6782

-37.4199 36.8537
-37.4354 36.8921

-37.4354 36.8921
-37.4582 36.9482

-37.4761 36.9924
-37.4809 37.0044

-37.4809 37.0044
-37.5037 37.0605

-37.4761 36.9924
-37.4582 36.9482

-37.5322 37.1307
-37.5494 37.1729

-37.5884 37.2685
-37.5951 37.2852

-37.5494 37.1729
-37.5723 37.229

-37.5884 37.2686
-37.5723 37.229

-37.5037 37.0605
-37.5265 37.1167

-37.5322 37.1307
-37.5265 37.1167

-37.4199 36.8537
-37.4127 36.8359

-37.5951 37.2852
-37.618 37.3413

-37.618 37.3413
-37.6409 37.3975

-37.6445 37.4063
-37.6409 37.3975

-37.083 36.0147
-37.0971 36.0498

-37.1392 36.1548
-37.1421 36.1621

-37.0971 36.0498
-37.1196 36.106

-37.1392 36.1548
-37.1196 36.106

-37.0521 35.9375
-37.0746 35.9937

-37.083 36.0147
-37.0746 35.9937

-37.1421 36.1621
-37.1646 36.2183

-37.1646 36.2183
-37.1871 36.2744

-37.1953 36.2949
-37.1871 36.2744

-37.8691 37.9583
-37.8694 37.959

-37.8694 37.959
-37.8923 38.0151

-37.8923 38.0151
-37.9152 38.0713

-37.9253 38.0961
-37.9381 38.1274

-37.9381 38.1274
-37.961 38.1836

-37.9253 38.0961
-37.9152 38.0713

-37.813 37.8203
-37.8237 37.8467

-37.778 37.7344
-37.8009 37.7905

-37.813 37.8203
-37.8009 37.7905

-37.8237 37.8467
-37.8466 37.9028

-37.8691 37.9583
-37.8466 37.9028

-37.9814 38.2338
-37.9839 38.2397

-37.9839 38.2397
-38.0068 38.2959

-38.0376 38.3714
-38.0526 38.4082

-38.0068 38.2959
-38.0297 38.3521

-38.0376 38.3714
-38.0297 38.3521

-37.9814 38.2338
-37.961 38.1836

-38.0526 38.4082
-38.0755 38.4644

-38.0938 38.5091
-38.0755 38.4644

-41.6875 46.9937
-42.354 48.5156

-42.3542 48.5156
-43.1498 50.3125

-45.2812 55.0201
-45.5948 55.7031

-45.5955 55.7031
-46.4303 57.5

-43.4844 51.0593
-43.9551 52.1094

-43.9556 52.1094
-44.7706 53.9062

-43.4844 51.067
-43.1461 50.3125

-45.2812 55.0247
-44.7678 53.9062

-40.0199 43.125
-40.7893 44.9219

-40.7895 44.9219
-41.567 46.7188

-41.6875 47.0061
-41.5617 46.7188

-63.25 91.1423
-63.5099 91.6406

-63.51 91.6406
-64.4501 93.4375

-66.8438 97.9873
-67.2876 98.8281

-67.2876 98.8281
-68.2386 100.625

-65.0469 94.5745
-65.3932 95.2344

-65.3933 95.2344
-66.3391 97.0312

-65.0469 94.5769
-64.4489 93.4375

-66.8438 97.9903
-66.3375 97.0312

-70.4375 104.761
-71.1065 106.016

-71.1064 106.016
-72.0671 107.812

-75.8281 114.806
-75.933 115

-74.0312 111.472
-74.9629 113.203

-75.8281 114.807
-74.9623 113.203

-72.2344 108.124
-73.0303 109.609

-73.0304 109.609
-73.9958 111.406

-72.2344 108.13
-72.0643 107.812

-74.0312 111.478
-73.9927 111.406

-68.6406 101.383
-69.1922 102.422

-69.1923 102.422
-70.1484 104.219

-68.6406 101.386
-68.2366 100.625

-70.4375 104.765
-70.146 104.219

-48.875 62.6548
-48.988 62.8906

-48.9886 62.8906
-49.8576 64.6875

-52.4688 70.008
-52.5034 70.0781

-52.5037 70.0781
-53.3972 71.875

-50.6719 66.3589
-50.733 66.4844

-50.7335 66.4844
-51.6157 68.2812

-50.6719 66.3598
-49.8569 64.6875

-52.4688 70.0085
-51.6152 68.2812

-56.0625 77.1777
-56.1069 77.2656

-56.1071 77.2656
-57.0193 79.0625

-59.6562 84.2126
-59.7799 84.4531

-59.78 84.4531
-60.7075 86.25

-57.8594 80.7099
-57.9356 80.8594

-57.9357 80.8594
-58.8559 82.6562

-57.8594 80.7106
-57.0189 79.0625

-59.6562 84.2136
-58.8555 82.6562

-54.2656 73.6121
-54.2955 73.6719

-54.2957 73.6719
-55.1991 75.4688

-54.2656 73.6125
-53.3968 71.875

-56.0625 77.1782
-55.1988 75.4688

-47.0781 58.8809
-47.2735 59.2969

-47.2743 59.2969
-48.1274 61.0938

-47.0781 58.8836
-46.4283 57.5

-48.875 62.6564
-48.1261 61.0938

-61.4531 87.6892
-61.6384 88.0469

-61.6385 88.0469
-62.5726 89.8438

-61.4531 87.6905
-60.7068 86.25

-63.25 91.1442
-62.5717 89.8438

-34.5 6.31727
-34.4504 6.34521

-34.4504 6.34521
-34.4438 6.34892

-34.4438 6.34889
-34.3877 6.38103

-34.3877 6.38106
-34.3527 6.40137

-34.3527 6.40137
-34.3315 6.41366

-34.3315 6.41366
-34.2754 6.44681

-34.2754 6.44686
-34.2576 6.45752

-34.2575 6.45752
-34.2192 6.48048

-34.2192 6.4805
-34.1648 6.51367

-34.1649 6.51367
-34.1631 6.51477

-34.1631 6.51472
-34.1069 6.54952

-34.1069 6.54955
-34.0748 6.56982

-34.0747 6.56982
-34.0508 6.5849

-34.0508 6.58491
-33.9946 6.62091

-33.9946 6.621
-33.987 6.62598

-33.9868 6.62598
-33.9385 6.65752

-33.9385 6.65754
-33.9014 6.68213

-33.9014 6.68213
-33.8823 6.69481

-33.8823 6.6948
-33.8262 6.73275

-33.8262 6.73284
-33.8183 6.73828

-33.8181 6.73828
-33.77 6.77138

-33.77 6.77141
-33.7372 6.79443

-33.7371 6.79443
-33.7139 6.81074

-33.7139 6.81076
-33.6581 6.85059

-33.6582 6.85059
-33.6577 6.85092

-33.6577 6.85084
-33.6016 6.89171

-33.6016 6.89177
-33.5814 6.90674

-33.5813 6.90674
-33.5454 6.93337

-33.5454 6.93339
-33.5064 6.96289

-33.5064 6.96289
-33.4893 6.97587

-33.4893 6.97588
-33.4333 7.01904

-33.4334 7.01904
-33.4331 7.01929

-33.4331 7.01919
-33.377 7.06341

-33.377 7.0635
-33.3624 7.0752

-33.3623 7.0752
-33.3208 7.10852

-33.3208 7.10858
-33.2931 7.13135

-33.293 7.13135
-33.2646 7.1546

-33.2646 7.15462
-33.2254 7.1875

-33.2254 7.1875
-33.2085 7.20167

-33.2085 7.20166
-33.1594 7.24365

-33.1595 7.24365
-33.1523 7.24977

-33.1523 7.24972
-33.0962 7.29883

-33.0962 7.299
-33.0953 7.2998

-33.0951 7.2998
-33.04 7.34901

-33.04 7.34916
-33.0326 7.35596

-33.0324 7.35596
-32.9839 7.40033

-32.9839 7.40045
-32.9714 7.41211

-32.9713 7.41211
-32.9277 7.45281

-32.9277 7.45293
-32.9117 7.46826

-32.9116 7.46826
-32.8716 7.50653

-32.8716 7.50665
-32.8534 7.52441

-32.8533 7.52441
-32.8154 7.56151

-32.8154 7.56161
-32.7965 7.58057

-32.7963 7.58057
-32.7593 7.61804

-32.7593 7.61803
-32.7408 7.63672

-32.7408 7.63672
-32.7031 7.6757

-32.7031 7.6757
-32.6865 7.69287

-32.6865 7.69287
-32.647 7.73479

-32.647 7.73479
-32.6335 7.74902

-32.6335 7.74902
-32.5908 7.79535

-32.5908 7.79534
-32.5817 7.80518

-32.5818 7.80518
-32.5347 7.85744

-32.5347 7.85743
-32.5312 7.86133

-32.5312 7.86133
-32.4817 7.91748

-32.4817 7.91748
-32.4785 7.92121

-32.4785 7.92121
-32.4334 7.97363

-32.4334 7.97363
-32.4224 7.98674

-32.4224 7.98676
-32.3862 8.02979

-32.3861 8.02979
-32.3662 8.054

-32.3662 8.05404
-32.34 8.08594

-32.34 8.08594
-32.3101 8.12311

-32.3101 8.12312
-32.2948 8.14209

-32.2948 8.14209
-32.2539 8.19408

-32.2539 8.19407
-32.2506 8.19824

-32.2506 8.19824
-32.2074 8.25439

-32.2074 8.25439
-32.1978 8.26727

-32.1978 8.26729
-32.1652 8.31055

-32.1652 8.31055
-32.1416 8.34259

-32.1416 8.34262
-32.1239 8.3667

-32.1239 8.3667
-32.0854 8.42009

-32.0854 8.42007
-32.0834 8.42285

-32.0835 8.42285
-32.0439 8.479

-32.0439 8.479
-32.0293 8.50019

-32.0293 8.50024
-32.0052 8.53516

-32.0052 8.53516
-31.9731 8.58277

-31.9731 8.58277
-31.9674 8.59131

-31.9674 8.59131
-31.9304 8.64746

-31.9304 8.64746
-31.917 8.66817

-31.917 8.66822
-31.8942 8.70361

-31.8942 8.70361
-31.8608 8.75642

-31.8608 8.75641
-31.8587 8.75977

-31.8587 8.75977
-31.8241 8.81592

-31.824 8.81592
-31.8047 8.84798

-31.8047 8.84803
-31.7902 8.87207

-31.7902 8.87207
-31.757 8.92822

-31.757 8.92822
-31.7485 8.94287

-31.7485 8.94292
-31.7246 8.98438

-31.7246 8.98438
-31.6929 9.04053

-31.6929 9.04053
-31.6924 9.0414

-31.6924 9.04142
-31.6619 9.09668

-31.6619 9.09668
-31.6362 9.14413

-31.6362 9.14415
-31.6315 9.15283

-31.6315 9.15283
-31.6019 9.20898

-31.6019 9.20898
-31.5801 9.25122

-31.5801 9.25126
-31.5729 9.26514

-31.5729 9.26514
-31.5446 9.32129

-31.5446 9.32129
-31.5239 9.36314

-31.5239 9.36319
-31.5169 9.37744

-31.5169 9.37744
-31.4898 9.43359

-31.4898 9.43359
-31.4678 9.48042

-31.4678 9.48046
-31.4634 9.48975

-31.4634 9.48975
-31.4376 9.5459

-31.4376 9.5459
-31.4123 9.60205

-31.4123 9.60205
-31.4116 9.60364

-31.4116 9.60366
-31.3877 9.6582

-31.3877 9.6582
-31.3636 9.71436

-31.3636 9.71436
-31.3555 9.7337

-31.3555 9.73377
-31.3401 9.77051

-31.3401 9.77051
-31.3171 9.82666

-31.3171 9.82666
-31.2993 9.87119

-31.2993 9.87127
-31.2947 9.88281

-31.2947 9.88281
-31.2728 9.93896

-31.2728 9.93896
-31.2514 9.99512

-31.2514 9.99512
-31.2432 10.0172

-31.2432 10.0173
-31.2305 10.0513

-31.2305 10.0513
-31.2102 10.1074

-31.2101 10.1074
-31.1902 10.1636

-31.1902 10.1636
-31.187 10.1728

-31.187 10.1729
-31.1708 10.2197

-31.1708 10.2197
-31.1518 10.2759

-31.1518 10.2759
-31.1332 10.332

-31.1332 10.332
-31.1309 10.3392

-31.1309 10.3393
-31.115 10.3882

-31.1151 10.3882
-31.0973 10.4443

-31.0973 10.4443
-31.0799 10.5005

-31.0799 10.5005
-31.0747 10.5176

-31.0747 10.5177
-31.0629 10.5566

-31.0629 10.5566
-31.0463 10.6128

-31.0463 10.6128
-31.03 10.6689

-31.03 10.6689
-31.0186 10.709

-31.0186 10.7091
-31.014 10.7251

-31.014 10.7251
-30.9984 10.7812

-30.9984 10.7812
-30.983 10.8374

-30.983 10.8374
-30.968 10.8936

-30.968 10.8936
-30.9624 10.9148

-30.9624 10.9149
-30.9533 10.9497

-30.9533 10.9497
-30.9388 11.0059

-30.9388 11.0059
-30.9247 11.062

-30.9247 11.062
-30.9108 11.1182

-30.9108 11.1182
-30.9062 11.1368

-30.9062 11.1369
-30.8972 11.1743

-30.8972 11.1743
-30.8838 11.2305

-30.8838 11.2305
-30.8707 11.2866

-30.8707 11.2866
-30.8579 11.3428

-30.8579 11.3428
-30.8501 11.3775

-30.8501 11.3776
-30.8453 11.3989

-30.8453 11.3989
-30.833 11.4551

-30.833 11.4551
-30.8209 11.5112

-30.8209 11.5112
-30.809 11.5674

-30.809 11.5674
-30.7974 11.6235

-30.7974 11.6235
-30.7939 11.6404

-30.7939 11.6405
-30.786 11.6797

-30.786 11.6797
-30.7749 11.7358

-30.7749 11.7358
-30.764 11.792

-30.764 11.792
-30.7533 11.8481

-30.7533 11.8481
-30.7429 11.9043

-30.7429 11.9043
-30.7378 11.9322

-30.7378 11.9323
-30.7327 11.9604

-30.7327 11.9604
-30.7227 12.0166

-30.7227 12.0166
-30.713 12.0728

-30.713 12.0728
-30.7035 12.1289

-30.7035 12.1289
-30.6942 12.1851

-30.6942 12.1851
-30.6852 12.2412

-30.6852 12.2412
-30.6816 12.2638

-30.6816 12.2639
-30.6764 12.2974

-30.6764 12.2974
-30.6678 12.3535

-30.6678 12.3535
-30.6595 12.4097

-30.6595 12.4097
-30.6513 12.4658

-30.6513 12.4658
-30.6435 12.522

-30.6435 12.522
-30.6358 12.5781

-30.6358 12.5781
-30.6284 12.6343

-30.6284 12.6343
-30.6255 12.657

-30.6255 12.6572
-30.6212 12.6904

-30.6212 12.6904
-30.6143 12.7466

-30.6143 12.7466
-30.6076 12.8027

-30.6076 12.8027
-30.6012 12.8589

-30.6012 12.8589
-30.595 12.915

-30.595 12.915
-30.5891 12.9712

-30.5891 12.9712
-30.5834 13.0273

-30.5834 13.0273
-30.5779 13.0835

-30.5779 13.0835
-30.5727 13.1396

-30.5727 13.1396
-30.5693 13.1781

-30.5693 13.1783
-30.5678 13.1958

-30.5678 13.1958
-30.5631 13.252

-30.5631 13.252
-30.5587 13.3081

-30.5586 13.3081
-30.5545 13.3643

-30.5545 13.3643
-30.5505 13.4204

-30.5505 13.4204
-30.5469 13.4766

-30.5469 13.4766
-30.5435 13.5327

-30.5435 13.5327
-30.5403 13.5889

-30.5403 13.5889
-30.5374 13.645

-30.5374 13.645
-30.5347 13.7012

-30.5347 13.7012
-30.5322 13.7573

-30.5322 13.7573
-30.53 13.8135

-30.53 13.8135
-30.528 13.8696

-30.528 13.8696
-30.5262 13.9258

-30.5263 13.9258
-30.5247 13.9819

-30.5247 13.9819
-30.5234 14.0381

-30.5234 14.0381
-30.5223 14.0942

-30.5223 14.0942
-30.5214 14.1504

-30.5214 14.1504
-30.5207 14.2065

-30.5207 14.2065
-30.5202 14.2627

-30.5202 14.2627
-30.5199 14.3188

-30.5199 14.3188
-30.5198 14.375

-30.9062 17.9544
-30.9094 17.9688

-30.9094 17.9688
-30.9219 18.0249

-30.9219 18.0249
-30.9346 18.0811

-30.9346 18.0811
-30.9475 18.1372

-30.9475 18.1372
-30.9606 18.1934

-30.9624 18.2011
-30.9738 18.2495

-30.9738 18.2495
-30.9873 18.3057

-30.9624 18.2012
-30.9606 18.1934

-30.9873 18.3057
-31.0009 18.3618

-31.0009 18.3618
-31.0147 18.418

-31.0186 18.4336
-31.0286 18.4741

-31.0286 18.4741
-31.0427 18.5303

-31.0427 18.5303
-31.057 18.5864

-31.057 18.5864
-31.0714 18.6426

-31.0186 18.4336
-31.0147 18.418

-31.0747 18.6552
-31.086 18.6987

-31.086 18.6987
-31.1007 18.7549

-31.0747 18.6552
-31.0714 18.6426

-31.1007 18.7549
-31.1155 18.811

-31.1155 18.811
-31.1304 18.8672

-31.3555 19.6967
-31.3589 19.7095

-31.3589 19.7095
-31.3742 19.7656

-31.1309 18.8689
-31.1454 18.9233

-31.1454 18.9233
-31.1605 18.9795

-31.187 19.0777
-31.1908 19.0918

-31.1605 18.9795
-31.1756 19.0356

-31.187 19.0778
-31.1756 19.0356

-31.2432 19.2843
-31.2519 19.3164

-31.1908 19.0918
-31.206 19.1479

-31.206 19.1479
-31.2213 19.2041

-31.2213 19.2041
-31.2366 19.2603

-31.2432 19.2844
-31.2366 19.2603

-31.1309 18.869
-31.1304 18.8672

-31.2519 19.3164
-31.2672 19.3726

-31.2672 19.3726
-31.2825 19.4287

-31.2993 19.4903
-31.3131 19.541

-31.2825 19.4287
-31.2978 19.4849

-31.2993 19.4904
-31.2978 19.4849

-31.3131 19.541
-31.3284 19.5972

-31.3284 19.5972
-31.3437 19.6533

-31.3555 19.6967
-31.3437 19.6533

-31.8047 21.3557
-31.8155 21.394

-31.8155 21.394
-31.8315 21.4502

-31.8608 21.5526
-31.8637 21.5625

-31.8315 21.4502
-31.8475 21.5063

-31.8608 21.5526
-31.8475 21.5063

-31.3742 19.7656
-31.3894 19.8218

-31.3894 19.8218
-31.4046 19.8779

-31.4116 19.904
-31.4198 19.9341

-31.4198 19.9341
-31.4349 19.9902

-31.4116 19.904
-31.4046 19.8779

-31.4678 20.1122
-31.4803 20.1587

-31.4803 20.1587
-31.4953 20.2148

-31.4349 19.9902
-31.45 20.0464

-31.45 20.0464
-31.4652 20.1025

-31.4678 20.1123
-31.4652 20.1025

-31.5801 20.531
-31.5856 20.5518

-31.5856 20.5518
-31.6007 20.6079

-31.6007 20.6079
-31.6157 20.6641

-31.5239 20.3213
-31.5255 20.3271

-31.4953 20.2148
-31.5104 20.271

-31.5239 20.3213
-31.5104 20.271

-31.5255 20.3271
-31.5405 20.3833

-31.5405 20.3833
-31.5556 20.4395

-31.5556 20.4395
-31.5706 20.4956

-31.5801 20.531
-31.5706 20.4956

-31.6362 20.7406
-31.6458 20.7764

-31.6157 20.6641
-31.6308 20.7202

-31.6362 20.7406
-31.6308 20.7202

-31.6458 20.7764
-31.6609 20.8325

-31.6609 20.8325
-31.6761 20.8887

-31.6924 20.9489
-31.7065 21.001

-31.7065 21.001
-31.7218 21.0571

-31.7218 21.0571
-31.7372 21.1133

-31.6761 20.8887
-31.6913 20.9448

-31.6924 20.9489
-31.6913 20.9448

-31.7485 21.1543
-31.7527 21.1694

-31.7527 21.1694
-31.7683 21.2256

-31.7485 21.1543
-31.7372 21.1133

-31.7683 21.2256
-31.7839 21.2817

-31.7839 21.2817
-31.7997 21.3379

-31.8047 21.3557
-31.7996 21.3379

-30.5198 14.375
-30.5199 14.4312

-30.5199 14.4312
-30.5203 14.4873

-30.5203 14.4873
-30.5208 14.5435

-30.5208 14.5435
-30.5215 14.5996

-30.5215 14.5996
-30.5224 14.6558

-30.5224 14.6558
-30.5235 14.7119

-30.5235 14.7119
-30.5248 14.7681

-30.5248 14.7681
-30.5263 14.8242

-30.5263 14.8242
-30.5279 14.8804

-30.5279 14.8804
-30.5298 14.9365

-30.5298 14.9365
-30.5318 14.9927

-30.5318 14.9927
-30.5341 15.0488

-30.5341 15.0488
-30.5365 15.105

-30.5365 15.105
-30.5391 15.1611

-30.5391 15.1611
-30.5419 15.2173

-30.5419 15.2173
-30.5449 15.2734

-30.5449 15.2734
-30.548 15.3296

-30.548 15.3296
-30.5513 15.3857

-30.5513 15.3857
-30.5549 15.4419

-30.5549 15.4419
-30.5586 15.498

-30.5693 15.6478
-30.5708 15.6665

-30.5707 15.6665
-30.5751 15.7227

-30.5585 15.498
-30.5624 15.5542

-30.5624 15.5542
-30.5665 15.6104

-30.5693 15.648
-30.5665 15.6104

-30.5751 15.7227
-30.5797 15.7788

-30.5797 15.7788
-30.5845 15.835

-30.5845 15.835
-30.5895 15.8911

-30.5895 15.8911
-30.5946 15.9473

-30.5946 15.9473
-30.5999 16.0034

-30.5999 16.0034
-30.6054 16.0596

-30.6054 16.0596
-30.611 16.1157

-30.611 16.1157
-30.6169 16.1719

-30.6255 16.251
-30.6292 16.2842

-30.6169 16.1719
-30.6229 16.228

-30.6255 16.2512
-30.6229 16.228

-30.6291 16.2842
-30.6355 16.3403

-30.6355 16.3403
-30.6421 16.3965

-30.6421 16.3965
-30.6489 16.4526

-30.6489 16.4526
-30.6559 16.5088

-30.6559 16.5088
-30.6631 16.5649

-30.6631 16.5649
-30.6704 16.6211

-30.6816 16.7034
-30.6858 16.7334

-30.6858 16.7334
-30.6938 16.7896

-30.6938 16.7896
-30.702 16.8457

-30.702 16.8457
-30.7104 16.9019

-30.7104 16.9019
-30.719 16.958

-30.719 16.958
-30.7278 17.0142

-30.7278 17.0142
-30.7368 17.0703

-30.6704 16.6211
-30.678 16.6772

-30.6816 16.7035
-30.678 16.6772

-30.7378 17.0763
-30.746 17.1265

-30.746 17.1265
-30.7555 17.1826

-30.7378 17.0764
-30.7368 17.0703

-30.7555 17.1826
-30.7651 17.2388

-30.7651 17.2388
-30.775 17.2949

-30.7939 17.3995
-30.7954 17.4072

-30.7953 17.4072
-30.8058 17.4634

-30.8058 17.4634
-30.8165 17.5195

-30.775 17.2949
-30.7851 17.3511

-30.7939 17.3996
-30.7851 17.3511

-30.8165 17.5195
-30.8274 17.5757

-30.8274 17.5757
-30.8385 17.6318

-30.8501 17.6894
-30.8613 17.7441

-30.8385 17.6318
-30.8498 17.688

-30.8501 17.6894
-30.8498 17.688

-30.8613 17.7441
-30.873 17.8003

-30.873 17.8003
-30.885 17.8564

-30.885 17.8564
-30.8971 17.9126

-30.9062 17.9544
-30.8971 17.9126

-32.7031 24.1902
-32.7068 24.2017

-32.7068 24.2017
-32.7251 24.2578

-32.7593 24.3629
-32.7616 24.3701

-32.7251 24.2578
-32.7434 24.314

-32.7593 24.3629
-32.7434 24.314

-32.7616 24.3701
-32.7799 24.4263

-32.7799 24.4263
-32.7981 24.4824

-32.8154 24.5355
-32.8164 24.5386

-32.8164 24.5386
-32.8347 24.5947

-32.8347 24.5947
-32.853 24.6509

-32.853 24.6509
-32.8713 24.707

-32.8154 24.5355
-32.7981 24.4824

-32.9277 24.8792
-32.945 24.9316

-32.945 24.9316
-32.9635 24.9878

-32.9635 24.9878
-32.982 25.0439

-32.9839 25.0497
-33.0006 25.1001

-33.0006 25.1001
-33.0192 25.1562

-32.9839 25.0497
-32.982 25.0439

-32.8716 24.7077
-32.8897 24.7632

-32.8897 24.7632
-32.9081 24.8193

-32.8716 24.7078
-32.8713 24.707

-32.9081 24.8193
-32.9265 24.8755

-32.9277 24.8792
-32.9265 24.8755

-31.917 21.745
-31.9294 21.7871

-31.8637 21.5625
-31.88 21.6187

-31.88 21.6187
-31.8963 21.6748

-31.8963 21.6748
-31.9128 21.731

-31.917 21.745
-31.9128 21.731

-31.9294 21.7871
-31.9462 21.8433

-31.9462 21.8433
-31.963 21.8994

-31.9731 21.933
-31.98 21.9556

-31.98 21.9556
-31.997 22.0117

-31.9731 21.933
-31.963 21.8994

-32.0293 22.117
-32.0315 22.124

-32.0315 22.124
-32.0489 22.1802

-32.0489 22.1802
-32.0664 22.2363

-32.0854 22.2972
-32.1017 22.3486

-32.0664 22.2363
-32.084 22.2925

-32.0854 22.2972
-32.084 22.2925

-32.1017 22.3486
-32.1195 22.4048

-32.1195 22.4048
-32.1374 22.4609

-31.997 22.0117
-32.0142 22.0679

-32.0293 22.117
-32.0142 22.0679

-32.2539 22.8208
-32.2648 22.854

-32.2648 22.854
-32.2832 22.9102

-32.3101 22.992
-32.3201 23.0225

-32.2832 22.9102
-32.3016 22.9663

-32.3101 22.992
-32.3016 22.9663

-32.3201 23.0225
-32.3385 23.0786

-32.3386 23.0786
-32.357 23.1348

-32.3662 23.1626
-32.3755 23.1909

-32.3755 23.1909
-32.394 23.2471

-32.4224 23.3331
-32.431 23.3594

-32.394 23.2471
-32.4125 23.3032

-32.4224 23.3331
-32.4125 23.3032

-32.3662 23.1626
-32.357 23.1348

-32.1416 22.4742
-32.1554 22.5171

-32.1553 22.5171
-32.1734 22.5732

-32.1978 22.6485
-32.2098 22.6855

-32.1734 22.5732
-32.1916 22.6294

-32.1978 22.6485
-32.1916 22.6294

-32.1416 22.4742
-32.1374 22.4609

-32.2098 22.6855
-32.2281 22.7417

-32.2281 22.7417
-32.2464 22.7979

-32.2539 22.8209
-32.2464 22.7979

-32.4785 23.5037
-32.4864 23.5278

-32.4864 23.5278
-32.5049 23.584

-32.5347 23.6747
-32.5418 23.6963

-32.5049 23.584
-32.5233 23.6401

-32.5347 23.6747
-32.5233 23.6401

-32.5418 23.6963
-32.5602 23.7524

-32.5602 23.7524
-32.5786 23.8086

-32.431 23.3594
-32.4495 23.4155

-32.4495 23.4155
-32.468 23.4717

-32.4785 23.5037
-32.468 23.4717

-32.5908 23.8461
-32.5969 23.8647

-32.5969 23.8647
-32.6153 23.9209

-32.647 24.0179
-32.652 24.0332

-32.6153 23.9209
-32.6336 23.9771

-32.647 24.0179
-32.6336 23.9771

-32.5908 23.8461
-32.5786 23.8086

-32.652 24.0332
-32.6703 24.0894

-32.6703 24.0894
-32.6886 24.1455

-32.7031 24.1903
-32.6886 24.1455

-33.6016 26.8402
-33.6018 26.8408

-33.6018 26.8408
-33.622 26.897

-33.622 26.897
-33.6422 26.9531

-33.1523 25.5538
-33.1699 25.6055

-33.1698 25.6055
-33.1889 25.6616

-33.1889 25.6616
-33.208 25.7178

-33.2085 25.7191
-33.2272 25.7739

-33.2272 25.7739
-33.2465 25.8301

-33.2085 25.7191
-33.208 25.7178

-33.2646 25.883
-33.2657 25.8862

-33.2657 25.8862
-33.2851 25.9424

-33.3208 26.0457
-33.3239 26.0547

-33.2851 25.9424
-33.3045 25.9985

-33.3208 26.0457
-33.3045 25.9985

-33.2646 25.8831
-33.2465 25.8301

-33.04 25.219
-33.0566 25.2686

-33.0566 25.2686
-33.0753 25.3247

-33.0753 25.3247
-33.0941 25.3809

-33.0192 25.1562
-33.0378 25.2124

-33.04 25.219
-33.0378 25.2124

-33.0962 25.387
-33.113 25.437

-33.113 25.437
-33.1319 25.4932

-33.0962 25.3871
-33.0941 25.3809

-33.1319 25.4932
-33.1508 25.5493

-33.1523 25.5538
-33.1508 25.5493

-33.377 26.2071
-33.3826 26.2231

-33.3826 26.2231
-33.4022 26.2793

-33.4331 26.3672
-33.4417 26.3916

-33.4022 26.2793
-33.4219 26.3354

-33.4331 26.3672
-33.4219 26.3354

-33.4417 26.3916
-33.4615 26.4478

-33.4615 26.4478
-33.4814 26.5039

-33.3239 26.0547
-33.3434 26.1108

-33.3434 26.1108
-33.363 26.167

-33.377 26.2071
-33.363 26.167

-33.4893 26.526
-33.5014 26.5601

-33.5013 26.5601
-33.5213 26.6162

-33.5454 26.6836
-33.5615 26.7285

-33.5213 26.6162
-33.5414 26.6724

-33.5454 26.6836
-33.5414 26.6724

-33.4893 26.526
-33.4814 26.5039

-33.5615 26.7285
-33.5816 26.7847

-33.6016 26.8402
-33.5816 26.7847

-33.7139 27.1518
-33.7232 27.1777

-33.6577 26.9961
-33.6624 27.0093

-33.6624 27.0093
-33.6827 27.0654

-33.6577 26.9962
-33.6422 26.9531

-33.6827 27.0654
-33.703 27.1216

-33.7139 27.1518
-33.703 27.1216

-33.7232 27.1777
-33.7435 27.2339

-33.7435 27.2339
-33.7637 27.29

-33.77 27.3074
-33.784 27.3462

-33.784 27.3462
-33.8043 27.4023

-33.77 27.3075
-33.7637 27.29

-33.8262 27.4631
-33.8448 27.5146

-33.8823 27.6189
-33.8852 27.627

-33.8448 27.5146
-33.865 27.5708

-33.8823 27.6189
-33.865 27.5708

-33.9385 27.7748
-33.9459 27.7954

-33.9459 27.7954
-33.9661 27.8516

-33.8852 27.627
-33.9055 27.6831

-33.9055 27.6831
-33.9257 27.7393

-33.9385 27.7748
-33.9257 27.7393

-33.8043 27.4023
-33.8245 27.4585

-33.8262 27.4631
-33.8245 27.4585

-34.0508 28.0869
-34.0671 28.1323

-34.0671 28.1323
-34.0873 28.1885

-34.1069 28.2431
-34.1075 28.2446

-34.1075 28.2446
-34.1277 28.3008

-34.1069 28.2431
-34.0873 28.1885

-34.2754 28.7104
-34.2897 28.75

-34.1631 28.3992
-34.1681 28.4131

-34.1681 28.4131
-34.1883 28.4692

-34.1883 28.4692
-34.2086 28.5254

-34.1277 28.3008
-34.1479 28.3569

-34.1631 28.3992
-34.1479 28.3569

-34.2192 28.555
-34.2288 28.5815

-34.2288 28.5815
-34.2491 28.6377

-34.2192 28.555
-34.2086 28.5254

-34.2491 28.6377
-34.2694 28.6938

-34.2754 28.7104
-34.2694 28.6938

-33.9946 27.9308
-34.0065 27.9639

-33.9661 27.8516
-33.9863 27.9077

-33.9946 27.9308
-33.9863 27.9077

-34.0065 27.9639
-34.0267 28.02

-34.0267 28.02
-34.0469 28.0762

-34.0508 28.0869
-34.0469 28.0762

-34.2897 28.75
-34.3101 28.8062

-34.3101 28.8062
-34.3304 28.8623

-34.3315 28.8654
-34.3508 28.9185

-34.3508 28.9185
-34.3712 28.9746

-34.3315 28.8654
-34.3304 28.8623

-34.3877 29.0198
-34.3917 29.0308

-34.3917 29.0308
-34.4121 29.0869

-34.4438 29.1737
-34.4532 29.1992

-34.4121 29.0869
-34.4326 29.1431

-34.4438 29.1738
-34.4326 29.1431

-34.3877 29.0198
-34.3712 28.9746

-34.4532 29.1992
-34.4737 29.2554

-34.4737 29.2554
-34.4943 29.3115

-34.5 29.3271
-34.4943 29.3115

-77.625 118.122
-77.8809 118.594

-79.4219 121.426
-79.8374 122.188

-77.8803 118.594
-78.8565 120.391

-79.4219 121.43
-78.8546 120.391

-81.2188 124.712
-81.8031 125.781

-83.0156 127.988
-83.7834 129.375

-81.8008 125.781
-82.787 127.578

-83.0156 127.998
-82.783 127.578

-79.8385 122.188
-80.8217 123.984

-81.2188 124.712
-80.8212 123.984

-84.8125 131.241
-85.763 132.969

-86.6094 134.483
-86.7682 134.766

-86.7749 134.766
-87.8005 136.562

-86.6094 134.491
-85.7545 132.969

-88.4062 137.627
-88.8259 138.359

-88.8134 138.359
-89.8817 140.156

-90.2031 140.62
-91.0195 141.953

-92 143.5
-91.0695 141.953

-90.2031 140.742
-89.8448 140.156

-88.4062 137.627
-87.7961 136.562

-83.7869 129.375
-84.779 131.172

-84.8125 131.234
-84.7783 131.172

-75.9332 115
-76.9061 116.797

-77.625 118.123
-76.9061 116.797

