-34.5 38.3241
-35.0503 39.5312

-36.2969 42.2458
-36.7024 43.125

-35.0504 39.5312
-35.874 41.3281

-36.2969 42.2536
-35.8701 41.3281

-41.6875 53.7069
-41.7831 53.9062

-43.4844 57.4068
-43.5299 57.5

-41.7835 53.9062
-42.6533 55.7031

-43.4844 57.4075
-42.6524 55.7031

-38.0938 46.1187
-38.3737 46.7188

-39.8906 49.9418
-40.0658 50.3125

-38.3742 46.7188
-39.2178 48.5156

-39.8906 49.9445
-39.2155 48.5156

-36.7029 43.125
-37.5364 44.9219

-38.0938 46.1234
-37.5332 44.9219

-40.0662 50.3125
-40.9218 52.1094

-41.6875 53.7083
-40.9203 52.1094

-63.25 95.5119
-64.0661 97.0312

-65.0469 98.8533
-66.0025 100.625

-64.0659 97.0312
-65.0333 98.8281

-65.0469 98.8603
-65.0295 98.8281

-70.4375 108.802
-70.8769 109.609

-70.8768 109.609
-71.8568 111.406

-72.2344 112.097
-72.8387 113.203

-72.8388 113.203
-73.8224 115

-72.2344 112.101
-71.8548 111.406

-66.8438 102.181
-66.974 102.422

-66.9739 102.422
-67.9468 104.219

-68.6406 105.497
-68.922 106.016

-68.922 106.016
-69.8986 107.812

-68.6406 105.499
-67.9462 104.219

-66.8438 102.182
-66.0023 100.625

-70.4375 108.805
-69.8973 107.812

-48.875 68.1564
-48.9386 68.2812

-50.6719 71.6569
-50.7841 71.875

-48.9388 68.2812
-49.8592 70.0781

-50.6719 71.6579
-49.8588 70.0781

-56.0625 81.9983
-56.4087 82.6562

-57.8594 85.4019
-58.3083 86.25

-56.4088 82.6562
-57.3572 84.4531

-57.8594 85.4055
-57.3553 84.4531

-52.4688 75.1284
-52.6454 75.4688

-54.2656 78.5746
-54.5207 79.0625

-52.6454 75.4688
-53.5813 77.2656

-54.2656 78.5767
-53.5803 77.2656

-50.7842 71.875
-51.7128 73.6719

-52.4688 75.13
-51.7121 73.6719

-54.5208 79.0625
-55.4632 80.8594

-56.0625 82.0011
-55.4617 80.8594

-45.2812 61.0418
-45.307 61.0938

-47.0781 64.6211
-47.1116 64.6875

-45.3073 61.0938
-46.2063 62.8906

-47.0781 64.6216
-46.2061 62.8906

-43.5302 57.5
-44.4151 59.2969

-45.2812 61.0423
-44.4147 59.2969

-47.1118 64.6875
-48.0226 66.4844

-48.875 68.1571
-48.0224 66.4844

-59.6562 88.7876
-60.2183 89.8438

-61.4531 92.1571
-62.1378 93.4375

-60.2183 89.8438
-61.177 91.6406

-61.4531 92.1623
-61.1742 91.6406

-58.3083 86.25
-59.2621 88.0469

-59.6562 88.7919
-59.2598 88.0469

-62.1378 93.4375
-63.101 95.2344

-63.25 95.518
-63.0977 95.2344

-33.6395 0
-33.639 0.0561523

-33.639 0.0561523
-33.6375 0.112305

-33.6375 0.112305
-33.635 0.168457

-33.635 0.168457
-33.6316 0.224609

-33.6316 0.224609
-33.6271 0.280762

-33.6271 0.280762
-33.6216 0.336914

-33.6216 0.336914
-33.6151 0.393066

-33.6151 0.393066
-33.6077 0.449219

-33.6077 0.449219
-33.6016 0.489923

-33.6016 0.489917
-33.5992 0.505371

-33.5992 0.505371
-33.5898 0.561523

-33.5898 0.561523
-33.5793 0.617676

-33.5793 0.617676
-33.5679 0.673828

-33.5679 0.673828
-33.5555 0.72998

-33.5555 0.72998
-33.5454 0.771929

-33.5454 0.771928
-33.542 0.786133

-33.542 0.786133
-33.5275 0.842285

-33.5275 0.842285
-33.5121 0.898438

-33.5121 0.898438
-33.4955 0.95459

-33.4955 0.95459
-33.4893 0.974697

-33.4893 0.974735
-33.478 1.01074

-33.478 1.01074
-33.4594 1.06689

-33.4594 1.06689
-33.4398 1.12305

-33.4398 1.12305
-33.4331 1.14118

-33.4331 1.14122
-33.4191 1.1792

-33.4191 1.1792
-33.3973 1.23535

-33.3974 1.23535
-33.377 1.2855

-33.377 1.2855
-33.3745 1.2915

-33.3745 1.2915
-33.3506 1.34766

-33.3506 1.34766
-33.3255 1.40381

-33.3255 1.40381
-33.3208 1.41397

-33.3208 1.41399
-33.2994 1.45996

-33.2994 1.45996
-33.2721 1.51611

-33.2721 1.51611
-33.2646 1.53079

-33.2646 1.53082
-33.2436 1.57227

-33.2436 1.57227
-33.214 1.62842

-33.214 1.62842
-33.2085 1.6385

-33.2085 1.63852
-33.1832 1.68457

-33.1832 1.68457
-33.1523 1.73876

-33.1523 1.73877
-33.1512 1.74072

-33.1512 1.74072
-33.118 1.79688

-33.118 1.79688
-33.0962 1.8324

-33.0962 1.83241
-33.0835 1.85303

-33.0835 1.85303
-33.0478 1.90918

-33.0478 1.90918
-33.04 1.92091

-33.04 1.92092
-33.0107 1.96533

-33.0108 1.96533
-32.9839 2.00466

-32.9839 2.00467
-32.9724 2.02148

-32.9724 2.02148
-32.9327 2.07764

-32.9327 2.07764
-32.9277 2.08442

-32.9277 2.08444
-32.8917 2.13379

-32.8917 2.13379
-32.8716 2.16034

-32.8716 2.16035
-32.8492 2.18994

-32.8492 2.18994
-32.8154 2.23317

-32.8154 2.23318
-32.8053 2.24609

-32.8053 2.24609
-32.76 2.30225

-32.76 2.30225
-32.7593 2.30313

-32.7593 2.30315
-32.7132 2.3584

-32.7132 2.3584
-32.7031 2.37014

-32.7031 2.37016
-32.6649 2.41455

-32.6649 2.41455
-32.647 2.43479

-32.647 2.43481
-32.6151 2.4707

-32.6151 2.4707
-32.5908 2.49724

-32.5908 2.49725
-32.5637 2.52686

-32.5637 2.52686
-32.5347 2.55764

-32.5347 2.55765
-32.5107 2.58301

-32.5107 2.58301
-32.4785 2.61613

-32.4785 2.61614
-32.4561 2.63916

-32.4562 2.63916
-32.4224 2.67292

-32.4224 2.67304
-32.3996 2.69531

-32.3997 2.69531
-32.3662 2.72809

-32.3662 2.72806
-32.3417 2.75146

-32.3417 2.75146
-32.3101 2.78158

-32.3101 2.78157
-32.282 2.80762

-32.282 2.80762
-32.2539 2.83364

-32.2539 2.83364
-32.2206 2.86377

-32.2205 2.86377
-32.1978 2.88433

-32.1978 2.88436
-32.1574 2.91992

-32.1573 2.91992
-32.1416 2.93375

-32.1416 2.93381
-32.0925 2.97607

-32.0923 2.97607
-32.0854 2.98195

-32.0854 2.98207
-32.0293 3.02923

-32.0293 3.02913
-32.0255 3.03223

-32.0256 3.03223
-31.9731 3.07532

-31.9731 3.07527
-31.9568 3.08838

-31.9569 3.08838
-31.917 3.12041

-31.917 3.12042
-31.8863 3.14453

-31.8863 3.14453
-31.8608 3.16457

-31.8608 3.16458
-31.814 3.20068

-31.8139 3.20068
-31.8047 3.20777

-31.8047 3.20785
-31.7485 3.2503

-31.7485 3.25024
-31.7396 3.25684

-31.7397 3.25684
-31.6924 3.29192

-31.6924 3.29193
-31.6635 3.31299

-31.6634 3.31299
-31.6362 3.33281

-31.6362 3.33281
-31.5855 3.36914

-31.5853 3.36914
-31.5801 3.37291

-31.5801 3.37298
-31.5239 3.41249

-31.5239 3.41247
-31.5054 3.42529

-31.5054 3.42529
-31.4678 3.45133

-31.4678 3.45134
-31.4236 3.48145

-31.4235 3.48145
-31.4116 3.48954

-31.4116 3.48958
-31.3555 3.52726

-31.3555 3.52724
-31.3398 3.5376

-31.3398 3.5376
-31.2993 3.56438

-31.2993 3.56439
-31.2543 3.59375

-31.2542 3.59375
-31.2432 3.60094

-31.2432 3.60098
-31.187 3.6371

-31.187 3.6371
-31.1669 3.6499

-31.1668 3.6499
-31.1309 3.67275

-31.1309 3.67276
-31.0778 3.70605

-31.0776 3.70605
-31.0747 3.7079

-31.0747 3.70795
-31.0186 3.74275

-31.0186 3.74277
-30.9868 3.76221

-30.9868 3.76221
-30.9624 3.77714

-30.9624 3.77716
-30.9062 3.81119

-30.9062 3.81118
-30.8943 3.81836

-30.8943 3.81836
-30.8501 3.84486

-30.8501 3.84487
-30.8002 3.87451

-30.8001 3.87451
-30.7939 3.87816

-30.7939 3.8782
-30.7378 3.91124

-30.7378 3.91126
-30.7045 3.93066

-30.7045 3.93066
-30.6816 3.94398

-30.6816 3.94399
-30.6255 3.97646

-30.6255 3.97647
-30.6075 3.98682

-30.6074 3.98682
-30.5693 4.00868

-30.5693 4.00869
-30.5132 4.04066

-30.5132 4.04066
-30.5091 4.04297

-30.5091 4.04297
-30.457 4.07241

-30.457 4.07243
-30.4095 4.09912

-30.4094 4.09912
-30.4009 4.10393

-30.4009 4.10396
-30.3447 4.13532

-30.3447 4.13534
-30.3088 4.15527

-30.3088 4.15527
-30.2886 4.16649

-30.2886 4.1665
-30.2324 4.19753

-30.2324 4.19755
-30.2072 4.21143

-30.2071 4.21143
-30.1763 4.2284

-30.1763 4.22841
-30.1201 4.25916

-30.1201 4.25918
-30.1047 4.26758

-30.1047 4.26758
-30.064 4.28979

-30.064 4.2898
-30.0078 4.32033

-30.0078 4.32033
-30.0015 4.32373

-30.0015 4.32373
-29.9517 4.35075

-29.9517 4.35077
-29.8978 4.37988

-29.8977 4.37988
-29.8955 4.38109

-29.8955 4.3811
-29.8394 4.4114

-29.8394 4.41142
-29.7937 4.43604

-29.7936 4.43604
-29.7832 4.44163

-29.7832 4.44164
-29.7271 4.47185

-29.7271 4.47187
-29.6892 4.49219

-29.6892 4.49219
-29.6709 4.50201

-29.6709 4.50202
-29.6147 4.53218

-29.6147 4.53221
-29.5847 4.54834

-29.5846 4.54834
-29.5586 4.56233

-29.5586 4.56234
-29.5024 4.5925

-29.5024 4.59253
-29.4802 4.60449

-29.4801 4.60449
-29.4463 4.62268

-29.4463 4.62269
-29.3901 4.65291

-29.3901 4.65293
-29.3758 4.66064

-29.3758 4.66064
-29.334 4.68316

-29.334 4.68317
-29.2778 4.71348

-29.2778 4.71351
-29.2718 4.7168

-29.2717 4.7168
-29.2217 4.74385

-29.2217 4.74387
-29.1681 4.77295

-29.168 4.77295
-29.1655 4.77431

-29.1655 4.7743
-29.1094 4.80485

-29.1094 4.80488
-29.065 4.8291

-29.0649 4.8291
-29.0532 4.8355

-29.0532 4.8355
-28.9971 4.86626

-28.9971 4.86629
-28.9626 4.88525

-28.9625 4.88525
-28.9409 4.89714

-28.9409 4.89714
-28.8848 4.92817

-28.8848 4.9282
-28.861 4.94141

-28.8609 4.94141
-28.8286 4.95933

-28.8286 4.95934
-28.7725 4.99067

-28.7725 4.9907
-28.7602 4.99756

-28.7602 4.99756
-28.7163 5.02216

-28.7163 5.02217
-28.6604 5.05371

-28.6604 5.05371
-28.6602 5.05385

-28.6602 5.05383
-28.604 5.08572

-28.604 5.08574
-28.5618 5.10986

-28.5618 5.10986
-28.5479 5.11781

-28.5479 5.11781
-28.4917 5.15012

-28.4917 5.15015
-28.4643 5.16602

-28.4643 5.16602
-28.4355 5.18267

-28.4355 5.18268
-28.3794 5.21548

-28.3794 5.21552
-28.3681 5.22217

-28.368 5.22217
-28.3232 5.24854

-28.3232 5.24856
-28.2731 5.27832

-28.2731 5.27832
-28.2671 5.2819

-28.2671 5.28188
-28.2109 5.31552

-28.2109 5.31555
-28.1797 5.33447

-28.1796 5.33447
-28.1548 5.34947

-28.1548 5.34948
-28.0986 5.38376

-28.0986 5.38381
-28.0876 5.39062

-28.0875 5.39062
-28.0425 5.41837

-28.0425 5.4184
-27.9969 5.44678

-27.9969 5.44678
-27.9863 5.45337

-27.9863 5.45336
-27.9302 5.48872

-27.9302 5.48876
-27.9079 5.50293

-27.9079 5.50293
-27.874 5.52449

-27.874 5.52451
-27.8204 5.55908

-27.8204 5.55908
-27.8179 5.56071

-27.8179 5.56067
-27.7617 5.5973

-27.7617 5.59733
-27.7346 5.61523

-27.7346 5.61523
-27.7056 5.63439

-27.7056 5.63441
-27.6503 5.67139

-27.6504 5.67139
-27.6494 5.67201

-27.6494 5.67196
-27.5933 5.71006

-27.5933 5.71009
-27.5679 5.72754

-27.5678 5.72754
-27.5371 5.74869

-27.5371 5.7487
-27.487 5.78369

-27.487 5.78369
-27.481 5.78792

-27.481 5.78787
-27.4248 5.82767

-27.4248 5.82773
-27.408 5.83984

-27.4079 5.83984
-27.3687 5.86808

-27.3687 5.8681
-27.3305 5.896

-27.3305 5.896
-27.3125 5.90917

-27.3125 5.90917
-27.2563 5.95094

-27.2563 5.95106
-27.2549 5.95215

-27.2547 5.95215
-27.2002 5.99343

-27.2002 5.99349
-27.181 6.0083

-27.1809 6.0083
-27.144 6.0367

-27.144 6.03672
-27.1087 6.06445

-27.1087 6.06445
-27.0879 6.08079

-27.0879 6.0808
-27.0382 6.12061

-27.0382 6.12061
-27.0317 6.12579

-27.0317 6.12573
-26.9756 6.17159

-26.9756 6.17172
-26.9696 6.17676

-26.9694 6.17676
-26.9194 6.2184

-26.9194 6.21849
-26.9025 6.23291

-26.9024 6.23291
-26.8633 6.26621

-26.8633 6.26628
-26.8371 6.28906

-26.837 6.28906
-26.8071 6.31512

-26.8071 6.31515
-26.7734 6.34521

-26.7734 6.34521
-26.751 6.36517

-26.751 6.36517
-26.7113 6.40137

-26.7113 6.40137
-26.6948 6.41645

-26.6948 6.41642
-26.6509 6.45752

-26.6509 6.45752
-26.6387 6.46901

-26.6387 6.46895
-26.5921 6.51367

-26.5921 6.51367
-26.5825 6.52288

-26.5825 6.5228
-26.5348 6.56982

-26.5349 6.56982
-26.5264 6.57821

-26.5264 6.57831
-26.4791 6.62598

-26.4791 6.62598
-26.4702 6.6352

-26.4702 6.6352
-26.425 6.68213

-26.425 6.68213
-26.4141 6.69374

-26.4141 6.69375
-26.3723 6.73828

-26.3723 6.73828
-26.3579 6.75403

-26.3579 6.75405
-26.3211 6.79443

-26.321 6.79443
-26.3018 6.81617

-26.3018 6.81621
-26.2713 6.85059

-26.2712 6.85059
-26.2456 6.88032

-26.2456 6.88035
-26.2228 6.90674

-26.2228 6.90674
-26.1895 6.94657

-26.1895 6.94657
-26.1758 6.96289

-26.1758 6.96289
-26.1333 7.01503

-26.1333 7.01501
-26.13 7.01904

-26.13 7.01904
-26.0856 7.0752

-26.0856 7.0752
-26.0771 7.08612

-26.0771 7.08615
-26.0424 7.13135

-26.0423 7.13135
-26.021 7.15986

-26.021 7.15991
-26.0004 7.1875

-26.0004 7.1875
-25.9648 7.23637

-25.9648 7.23636
-25.9595 7.24365

-25.9596 7.24365
-25.9199 7.2998

-25.9199 7.2998
-25.9087 7.31608

-25.9087 7.31614
-25.8814 7.35596

-25.8813 7.35596
-25.8525 7.39914

-25.8525 7.39916
-25.8439 7.41211

-25.8439 7.41211
-25.8075 7.46826

-25.8075 7.46826
-25.7964 7.48588

-25.7964 7.48594
-25.7721 7.52441

-25.7721 7.52441
-25.7402 7.57656

-25.7402 7.57656
-25.7378 7.58057

-25.7378 7.58057
-25.7044 7.63672

-25.7044 7.63672
-25.6841 7.67181

-25.6841 7.67188
-25.6719 7.69287

-25.6719 7.69287
-25.6404 7.74902

-25.6404 7.74902
-25.6279 7.77183

-25.6279 7.7719
-25.6098 7.80518

-25.6098 7.80518
-25.58 7.86133

-25.58 7.86133
-25.5718 7.8772

-25.5718 7.87727
-25.5511 7.91748

-25.5511 7.91748
-25.5229 7.97363

-25.5229 7.97363
-25.5156 7.98859

-25.5156 7.98866
-25.4956 8.02979

-25.4956 8.02979
-25.4691 8.08594

-25.469 8.08594
-25.4595 8.10676

-25.4595 8.10684
-25.4433 8.14209

-25.4433 8.14209
-25.4182 8.19824

-25.4182 8.19824
-25.4033 8.23253

-25.4033 8.23262
-25.3939 8.25439

-25.3939 8.25439
-25.3702 8.31055

-25.3702 8.31055
-25.3472 8.3667

-25.3472 8.36683
-25.3249 8.42285

-25.3249 8.42285
-25.3032 8.479

-25.3032 8.479
-25.291 8.51156

-25.291 8.51166
-25.2822 8.53516

-25.2822 8.53516
-25.2618 8.59131

-25.2618 8.59131
-25.2419 8.64746

-25.2419 8.64746
-25.2349 8.66796

-25.2349 8.66807
-25.2227 8.70361

-25.2227 8.70361
-25.204 8.75977

-25.204 8.75977
-25.1859 8.81592

-25.1858 8.81592
-25.1787 8.83868

-25.1787 8.8388
-25.1683 8.87207

-25.1683 8.87207
-25.1512 8.92822

-25.1512 8.92822
-25.1347 8.98438

-25.1347 8.98438
-25.1226 9.02695

-25.1226 9.02708
-25.1187 9.04053

-25.1187 9.04053
-25.1032 9.09668

-25.1032 9.09668
-25.0882 9.15283

-25.0882 9.15283
-25.0736 9.20898

-25.0736 9.20898
-25.0664 9.23772

-25.0664 9.23787
-25.0596 9.26514

-25.0596 9.26514
-25.046 9.32129

-25.046 9.32129
-25.0328 9.37744

-25.0328 9.37744
-25.0201 9.43359

-25.0201 9.43359
-25.0103 9.47849

-25.0103 9.47862
-25.0078 9.48975

-25.0078 9.48975
-24.996 9.5459

-24.996 9.5459
-24.9845 9.60205

-24.9845 9.60205
-24.9735 9.6582

-24.9735 9.6582
-24.9629 9.71436

-24.9629 9.71436
-24.9541 9.76292

-24.9541 9.76307
-24.9527 9.77051

-24.9527 9.77051
-24.9429 9.82666

-24.9429 9.82666
-24.9335 9.88281

-24.9335 9.88281
-24.9245 9.93896

-24.9245 9.93896
-24.9159 9.99512

-24.9159 9.99512
-24.9076 10.0513

-24.9076 10.0513
-24.8997 10.1074

-24.8997 10.1074
-24.8979 10.1205

-24.8979 10.1207
-24.8922 10.1636

-24.8922 10.1636
-24.8851 10.2197

-24.8851 10.2197
-24.8783 10.2759

-24.8783 10.2759
-24.8719 10.332

-24.8719 10.332
-24.8659 10.3882

-24.8659 10.3882
-24.8602 10.4443

-24.8602 10.4443
-24.8549 10.5005

-24.8549 10.5005
-24.8499 10.5566

-24.8499 10.5566
-24.8453 10.6128

-24.8453 10.6128
-24.8418 10.6586

-24.8418 10.6589
-24.841 10.6689

-24.841 10.6689
-24.8371 10.7251

-24.8371 10.7251
-24.8335 10.7812

-24.8335 10.7812
-24.8303 10.8374

-24.8303 10.8374
-24.8274 10.8936

-24.8274 10.8936
-24.8249 10.9497

-24.8249 10.9497
-24.8227 11.0059

-24.8227 11.0059
-24.8208 11.062

-24.8208 11.062
-24.8193 11.1182

-24.8193 11.1182
-24.8181 11.1743

-24.8181 11.1743
-24.8172 11.2305

-24.8172 11.2305
-24.8167 11.2866

-24.8167 11.2866
-24.8164 11.3428

-24.8164 11.3428
-24.8165 11.3989

-24.8165 11.3989
-24.817 11.4551

-24.817 11.4551
-24.8177 11.5112

-24.8177 11.5112
-24.8188 11.5674

-24.8188 11.5674
-24.8201 11.6235

-24.8201 11.6235
-24.8218 11.6797

-24.8418 12.0686
-24.8421 12.0728

-24.8421 12.0728
-24.8461 12.1289

-24.8218 11.6797
-24.8238 11.7358

-24.8238 11.7358
-24.8261 11.792

-24.8261 11.792
-24.8287 11.8481

-24.8287 11.8481
-24.8316 11.9043

-24.8316 11.9043
-24.8348 11.9604

-24.8348 11.9604
-24.8383 12.0166

-24.8418 12.069
-24.8383 12.0166

-24.8461 12.1289
-24.8504 12.1851

-24.8504 12.1851
-24.8549 12.2412

-24.8549 12.2412
-24.8595 12.2974

-24.8595 12.2974
-24.8643 12.3535

-24.8643 12.3535
-24.8692 12.4097

-24.8692 12.4097
-24.8741 12.4658

-24.8741 12.4658
-24.8792 12.522

-24.8792 12.522
-24.8843 12.5781

-24.8843 12.5781
-24.8895 12.6343

-24.8895 12.6343
-24.8948 12.6904

-24.8979 12.724
-24.9001 12.7466

-24.9001 12.7466
-24.9054 12.8027

-24.8979 12.7243
-24.8947 12.6904

-24.9054 12.8027
-24.9108 12.8589

-24.9108 12.8589
-24.9163 12.915

-24.9163 12.915
-24.9219 12.9712

-24.9219 12.9712
-24.9276 13.0273

-24.9276 13.0273
-24.9333 13.0835

-24.9333 13.0835
-24.9392 13.1396

-24.9392 13.1396
-24.9452 13.1958

-24.9452 13.1958
-24.9513 13.252

-24.9541 13.278
-24.9574 13.3081

-24.9574 13.3081
-24.9635 13.3643

-24.9635 13.3643
-24.9696 13.4204

-24.9696 13.4204
-24.9758 13.4766

-24.9541 13.2782
-24.9513 13.252

-25.0664 14.2179
-25.0724 14.2627

-25.0724 14.2627
-25.08 14.3188

-25.08 14.3188
-25.0876 14.375

-24.9758 13.4766
-24.982 13.5327

-24.982 13.5327
-24.9882 13.5889

-24.9882 13.5889
-24.9945 13.645

-24.9945 13.645
-25.001 13.7012

-25.0103 13.7804
-25.0142 13.8135

-25.0009 13.7012
-25.0075 13.7573

-25.0103 13.7806
-25.0075 13.7573

-25.0142 13.8135
-25.021 13.8696

-25.021 13.8696
-25.028 13.9258

-25.028 13.9258
-25.0352 13.9819

-25.0352 13.9819
-25.0424 14.0381

-25.0425 14.0381
-25.0498 14.0942

-25.0498 14.0942
-25.0573 14.1504

-25.0573 14.1504
-25.0649 14.2065

-25.0664 14.2181
-25.0649 14.2065

-27.3125 21.7044
-27.3232 21.731

-27.3232 21.731
-27.3456 21.7871

-27.4248 21.9871
-27.4345 22.0117

-27.3687 21.845
-27.3902 21.8994

-27.3456 21.7871
-27.368 21.8433

-27.3687 21.8451
-27.3679 21.8433

-27.3902 21.8994
-27.4124 21.9556

-27.4248 21.9871
-27.4124 21.9556

-27.5371 22.2745
-27.5441 22.2925

-27.5441 22.2925
-27.5659 22.3486

-27.5933 22.419
-27.6096 22.4609

-27.5659 22.3486
-27.5877 22.4048

-27.5933 22.4191
-27.5877 22.4048

-27.4345 22.0117
-27.4566 22.0679

-27.4566 22.0679
-27.4786 22.124

-27.481 22.1301
-27.5005 22.1802

-27.5005 22.1802
-27.5223 22.2363

-27.481 22.1302
-27.4786 22.124

-27.5371 22.2746
-27.5223 22.2363

-27.7617 22.8673
-27.7777 22.9102

-27.8179 23.0159
-27.8204 23.0225

-27.7777 22.9102
-27.7989 22.9663

-27.8179 23.0159
-27.7989 22.9663

-27.8204 23.0225
-27.842 23.0786

-27.842 23.0786
-27.8638 23.1348

-27.874 23.1608
-27.8858 23.1909

-27.8858 23.1909
-27.9079 23.2471

-27.9302 23.3032
-27.9526 23.3594

-27.9302 23.3031
-27.908 23.2471

-27.874 23.1608
-27.8638 23.1348

-27.6494 22.5643
-27.6529 22.5732

-27.6529 22.5732
-27.674 22.6294

-27.674 22.6294
-27.6949 22.6855

-27.6096 22.4609
-27.6313 22.5171

-27.6494 22.5643
-27.6313 22.5171

-27.7056 22.7147
-27.7155 22.7417

-27.7155 22.7417
-27.7361 22.7979

-27.7056 22.7147
-27.6948 22.6855

-27.736 22.7979
-27.7568 22.854

-27.7617 22.8673
-27.7568 22.854

-28.2109 23.9883
-28.2299 24.0332

-28.3232 24.2517
-28.3259 24.2578

-28.2671 24.1208
-28.2776 24.1455

-28.2299 24.0332
-28.2537 24.0894

-28.2671 24.1208
-28.2537 24.0894

-28.2776 24.1455
-28.3017 24.2017

-28.3232 24.2517
-28.3017 24.2017

-28.6602 25.0176
-28.6716 25.0439

-28.7163 25.1475
-28.7201 25.1562

-28.6716 25.0439
-28.6959 25.1001

-28.7163 25.1475
-28.6959 25.1001

-28.4355 24.509
-28.4486 24.5386

-28.4486 24.5386
-28.4736 24.5947

-28.4917 24.6352
-28.4987 24.6509

-28.4987 24.6509
-28.5238 24.707

-28.4917 24.6352
-28.4736 24.5947

-28.3259 24.2578
-28.3502 24.314

-28.3502 24.314
-28.3746 24.3701

-28.3794 24.3812
-28.3991 24.4263

-28.3991 24.4263
-28.4238 24.4824

-28.3794 24.3812
-28.3746 24.3701

-28.4355 24.509
-28.4238 24.4824

-28.5479 24.7612
-28.5487 24.7632

-28.5487 24.7632
-28.5735 24.8193

-28.604 24.8887
-28.6228 24.9316

-28.5735 24.8193
-28.5982 24.8755

-28.604 24.8888
-28.5982 24.8755

-28.5479 24.7612
-28.5238 24.707

-28.6228 24.9316
-28.6472 24.9878

-28.6602 25.0177
-28.6472 24.9878

-27.9863 23.4436
-27.9976 23.4717

-28.0425 23.5824
-28.0431 23.584

-27.9976 23.4717
-28.0203 23.5278

-28.0425 23.5824
-28.0203 23.5278

-28.0986 23.7192
-28.1124 23.7524

-28.1124 23.7524
-28.1357 23.8086

-28.0431 23.584
-28.0661 23.6401

-28.0661 23.6401
-28.0892 23.6963

-28.0986 23.7192
-28.0892 23.6963

-27.9526 23.3594
-27.975 23.4155

-27.9863 23.4436
-27.975 23.4155

-28.1548 23.8544
-28.1591 23.8647

-28.1591 23.8647
-28.1826 23.9209

-28.1548 23.8544
-28.1357 23.8086

-28.1826 23.9209
-28.2062 23.9771

-28.2109 23.9884
-28.2062 23.9771

-29.1094 26.0785
-29.1228 26.1108

-29.1228 26.1108
-29.1458 26.167

-29.1655 26.2151
-29.1688 26.2231

-29.1688 26.2231
-29.1917 26.2793

-29.1655 26.2151
-29.1458 26.167

-29.2217 26.3531
-29.2373 26.3916

-29.2778 26.4904
-29.2834 26.5039

-29.2373 26.3916
-29.2603 26.4478

-29.2778 26.4904
-29.2603 26.4478

-29.1917 26.2793
-29.2145 26.3354

-29.2217 26.3531
-29.2145 26.3354

-29.334 26.6254
-29.3536 26.6724

-29.3536 26.6724
-29.3771 26.7285

-29.4463 26.8937
-29.4476 26.897

-29.4476 26.897
-29.4712 26.9531

-29.3901 26.7596
-29.4006 26.7847

-29.4006 26.7847
-29.4241 26.8408

-29.3901 26.7596
-29.3771 26.7285

-29.4463 26.8937
-29.4241 26.8408

-29.2834 26.5039
-29.3067 26.5601

-29.3067 26.5601
-29.3301 26.6162

-29.334 26.6254
-29.3301 26.6162

-30.0078 28.2083
-30.0235 28.2446

-30.0235 28.2446
-30.0479 28.3008

-30.2324 28.7141
-30.2485 28.75

-30.1201 28.4647
-30.1222 28.4692

-30.1222 28.4692
-30.1473 28.5254

-30.064 28.3376
-30.0724 28.3569

-30.0724 28.3569
-30.0972 28.4131

-30.064 28.3376
-30.0479 28.3008

-30.1201 28.4647
-30.0972 28.4131

-30.1763 28.5896
-30.198 28.6377

-30.1473 28.5254
-30.1726 28.5815

-30.1763 28.5896
-30.1726 28.5815

-30.198 28.6377
-30.2233 28.6938

-30.2324 28.7142
-30.2233 28.6938

-29.5586 27.1603
-29.566 27.1777

-29.566 27.1777
-29.5898 27.2339

-29.5898 27.2339
-29.6136 27.29

-29.6147 27.2927
-29.6375 27.3462

-29.6375 27.3462
-29.6614 27.4023

-29.6147 27.2928
-29.6136 27.29

-29.7832 27.6863
-29.806 27.7393

-29.8394 27.8166
-29.8544 27.8516

-29.806 27.7393
-29.8302 27.7954

-29.8394 27.8166
-29.8302 27.7954

-29.6709 27.4245
-29.6854 27.4585

-29.6854 27.4585
-29.7094 27.5146

-29.7271 27.5557
-29.7335 27.5708

-29.7335 27.5708
-29.7576 27.627

-29.7271 27.5557
-29.7094 27.5146

-29.6709 27.4246
-29.6614 27.4023

-29.7577 27.627
-29.7818 27.6831

-29.7832 27.6863
-29.7818 27.6831

-29.5024 27.0273
-29.5185 27.0654

-29.4712 26.9531
-29.4948 27.0093

-29.5024 27.0274
-29.4948 27.0093

-29.5185 27.0654
-29.5422 27.1216

-29.5586 27.1603
-29.5422 27.1216

-29.8955 27.9469
-29.9028 27.9639

-29.9028 27.9639
-29.927 28.02

-29.927 28.02
-29.9511 28.0762

-29.8544 27.8516
-29.8786 27.9077

-29.8955 27.9469
-29.8786 27.9077

-29.9517 28.0776
-29.9752 28.1323

-29.9752 28.1323
-29.9993 28.1885

-29.9517 28.0776
-29.9511 28.0762

-30.0078 28.2083
-29.9993 28.1885

-28.8848 25.5422
-28.8878 25.5493

-28.8878 25.5493
-28.9115 25.6055

-28.7725 25.2781
-28.7924 25.3247

-28.7924 25.3247
-28.8164 25.3809

-28.7201 25.1562
-28.7443 25.2124

-28.7443 25.2124
-28.7684 25.2686

-28.7725 25.2781
-28.7684 25.2686

-28.8286 25.4096
-28.8403 25.437

-28.8402 25.437
-28.864 25.4932

-28.8286 25.4097
-28.8164 25.3809

-28.8848 25.5422
-28.864 25.4932

-28.9971 25.8091
-29.0059 25.8301

-28.9409 25.6754
-28.9587 25.7178

-28.9115 25.6055
-28.9351 25.6616

-28.9409 25.6754
-28.9351 25.6616

-28.9587 25.7178
-28.9823 25.7739

-28.9971 25.8091
-28.9823 25.7739

-29.0059 25.8301
-29.0294 25.8862

-29.0294 25.8862
-29.0528 25.9424

-29.0532 25.9433
-29.0762 25.9985

-29.0762 25.9985
-29.0995 26.0547

-29.0532 25.9433
-29.0528 25.9424

-29.1094 26.0785
-29.0995 26.0547

-25.5156 16.5516
-25.519 16.5649

-25.519 16.5649
-25.5333 16.6211

-25.5333 16.6211
-25.5477 16.6772

-25.5477 16.6772
-25.5623 16.7334

-25.5718 16.7696
-25.577 16.7896

-25.577 16.7896
-25.5917 16.8457

-25.5718 16.7697
-25.5623 16.7334

-25.6279 16.9829
-25.6363 17.0142

-25.6362 17.0142
-25.6513 17.0703

-25.5917 16.8457
-25.6065 16.9019

-25.6065 16.9019
-25.6213 16.958

-25.6279 16.9829
-25.6213 16.958

-25.7402 17.3895
-25.7453 17.4072

-25.7452 17.4072
-25.7613 17.4634

-25.7613 17.4634
-25.7774 17.5195

-25.6513 17.0703
-25.6666 17.1265

-25.6666 17.1265
-25.682 17.1826

-25.6841 17.1899
-25.6977 17.2388

-25.6977 17.2388
-25.7134 17.2949

-25.6841 17.19
-25.682 17.1826

-25.7134 17.2949
-25.7293 17.3511

-25.7402 17.3896
-25.7293 17.3511

-25.7964 17.5854
-25.8098 17.6318

-25.7774 17.5195
-25.7936 17.5757

-25.7964 17.5855
-25.7935 17.5757

-25.8098 17.6318
-25.8262 17.688

-25.8262 17.688
-25.8427 17.7441

-25.8525 17.7775
-25.8593 17.8003

-25.8593 17.8003
-25.8759 17.8564

-25.9087 17.9652
-25.9098 17.9688

-25.8759 17.8564
-25.8928 17.9126

-25.9087 17.9653
-25.8928 17.9126

-25.8525 17.7776
-25.8427 17.7441

-25.0876 14.375
-25.0953 14.4312

-25.0953 14.4312
-25.103 14.4873

-25.103 14.4873
-25.1108 14.5435

-25.1108 14.5435
-25.1188 14.5996

-25.1226 14.6254
-25.127 14.6558

-25.127 14.6558
-25.1353 14.7119

-25.1226 14.6256
-25.1188 14.5996

-25.1353 14.7119
-25.1439 14.7681

-25.1439 14.7681
-25.1527 14.8242

-25.1787 14.9823
-25.1804 14.9927

-25.1804 14.9927
-25.19 15.0488

-25.1527 14.8242
-25.1618 14.8804

-25.1618 14.8804
-25.171 14.9365

-25.1787 14.9825
-25.171 14.9365

-25.1901 15.0488
-25.1998 15.105

-25.1998 15.105
-25.2097 15.1611

-25.2097 15.1611
-25.2195 15.2173

-25.2195 15.2173
-25.2293 15.2734

-25.291 15.5932
-25.2948 15.6104

-25.2948 15.6104
-25.3072 15.6665

-25.3073 15.6665
-25.3198 15.7227

-25.2349 15.3056
-25.2391 15.3296

-25.239 15.3296
-25.249 15.3857

-25.2349 15.3057
-25.2292 15.2734

-25.249 15.3857
-25.2595 15.4419

-25.2595 15.4419
-25.2706 15.498

-25.2707 15.498
-25.2824 15.5542

-25.291 15.5933
-25.2825 15.5542

-25.3198 15.7227
-25.3322 15.7788

-25.3322 15.7788
-25.3447 15.835

-25.3472 15.8462
-25.3572 15.8911

-25.3572 15.8911
-25.3698 15.9473

-25.3472 15.8463
-25.3446 15.835

-25.4033 16.0924
-25.4088 16.1157

-25.4088 16.1157
-25.4221 16.1719

-25.3698 15.9473
-25.3826 16.0034

-25.3826 16.0034
-25.3956 16.0596

-25.4033 16.0924
-25.3956 16.0596

-25.4221 16.1719
-25.4356 16.228

-25.4356 16.228
-25.4492 16.2842

-25.4595 16.3261
-25.463 16.3403

-25.4629 16.3403
-25.4768 16.3965

-25.4595 16.3262
-25.4492 16.2842

-25.4768 16.3965
-25.4907 16.4526

-25.4907 16.4526
-25.5048 16.5088

-25.5156 16.5516
-25.5048 16.5088

-26.4141 19.4925
-26.4318 19.541

-26.4702 19.6452
-26.4732 19.6533

-26.4318 19.541
-26.4524 19.5972

-26.4702 19.6452
-26.4524 19.5972

-26.4732 19.6533
-26.4942 19.7095

-26.4942 19.7095
-26.5152 19.7656

-25.9648 18.1482
-25.9788 18.1934

-25.9788 18.1934
-25.9961 18.2495

-25.996 18.2495
-26.0134 18.3057

-26.021 18.3304
-26.0307 18.3618

-26.0307 18.3618
-26.0482 18.418

-26.021 18.3304
-26.0133 18.3057

-26.1895 18.8536
-26.194 18.8672

-26.0771 18.5096
-26.0837 18.5303

-26.0837 18.5303
-26.1017 18.5864

-26.1017 18.5864
-26.1198 18.6426

-26.0482 18.418
-26.0659 18.4741

-26.0771 18.5096
-26.0659 18.4741

-26.1333 18.6839
-26.1381 18.6987

-26.1381 18.6987
-26.1566 18.7549

-26.1333 18.6839
-26.1198 18.6426

-26.1566 18.7549
-26.1752 18.811

-26.1895 18.8536
-26.1752 18.811

-25.9097 17.9688
-25.9269 18.0249

-25.9269 18.0249
-25.9441 18.0811

-25.9441 18.0811
-25.9614 18.1372

-25.9648 18.1483
-25.9614 18.1372

-26.194 18.8672
-26.2129 18.9233

-26.2129 18.9233
-26.2321 18.9795

-26.2456 19.0188
-26.2514 19.0356

-26.2514 19.0356
-26.2709 19.0918

-26.2456 19.0188
-26.2321 18.9795

-26.3018 19.1798
-26.3103 19.2041

-26.3103 19.2041
-26.3303 19.2603

-26.3303 19.2603
-26.3503 19.3164

-26.2709 19.0918
-26.2905 19.1479

-26.3018 19.1798
-26.2905 19.1479

-26.3579 19.3375
-26.3705 19.3726

-26.3705 19.3726
-26.3908 19.4287

-26.3579 19.3375
-26.3503 19.3164

-26.3909 19.4287
-26.4113 19.4849

-26.4141 19.4925
-26.4113 19.4849

-26.8633 20.6425
-26.8723 20.6641

-26.6387 20.0869
-26.6448 20.1025

-26.6448 20.1025
-26.6669 20.1587

-26.6669 20.1587
-26.6892 20.2148

-26.5264 19.7951
-26.5365 19.8218

-26.5365 19.8218
-26.5578 19.8779

-26.5825 19.9423
-26.601 19.9902

-26.5578 19.8779
-26.5794 19.9341

-26.5825 19.9423
-26.5794 19.9341

-26.5264 19.7951
-26.5152 19.7656

-26.601 19.9902
-26.6228 20.0464

-26.6387 20.0869
-26.6228 20.0464

-26.751 20.3689
-26.7568 20.3833

-26.7568 20.3833
-26.7796 20.4395

-26.6948 20.229
-26.7116 20.271

-26.7116 20.271
-26.7341 20.3271

-26.6948 20.229
-26.6892 20.2148

-26.751 20.3689
-26.7341 20.3271

-26.8071 20.507
-26.8255 20.5518

-26.7795 20.4395
-26.8025 20.4956

-26.8071 20.507
-26.8024 20.4956

-26.8255 20.5518
-26.8488 20.6079

-26.8633 20.6425
-26.8488 20.6079

-26.9194 20.7741
-26.9204 20.7764

-26.8723 20.6641
-26.8962 20.7202

-26.9194 20.7741
-26.8962 20.7202

-26.9204 20.7764
-26.9449 20.8325

-26.9449 20.8325
-26.9696 20.8887

-26.9756 20.9023
-26.9942 20.9448

-26.9943 20.9448
-27.0188 21.001

-27.0317 21.0306
-27.0432 21.0571

-27.0432 21.0571
-27.0674 21.1133

-27.0317 21.0307
-27.0188 21.001

-26.9756 20.9024
-26.9696 20.8887

-27.0879 21.1611
-27.0914 21.1694

-27.0914 21.1694
-27.1152 21.2256

-27.144 21.2943
-27.1622 21.3379

-27.1152 21.2256
-27.1388 21.2817

-27.144 21.2943
-27.1388 21.2817

-27.2002 21.4295
-27.2088 21.4502

-27.2088 21.4502
-27.2319 21.5063

-27.2319 21.5063
-27.2549 21.5625

-27.1622 21.3379
-27.1855 21.394

-27.2002 21.4295
-27.1855 21.394

-27.0879 21.1611
-27.0674 21.1133

-27.2563 21.5659
-27.2778 21.6187

-27.2779 21.6187
-27.3006 21.6748

-27.2563 21.566
-27.2549 21.5625

-27.3125 21.7044
-27.3006 21.6748

-30.9062 30.2659
-30.9063 30.2661

-30.9063 30.2661
-30.9305 30.3223

-31.0186 30.5254
-31.0279 30.5469

-30.9624 30.396
-30.9791 30.4346

-30.9305 30.3223
-30.9548 30.3784

-30.9624 30.396
-30.9548 30.3784

-30.9791 30.4346
-31.0035 30.4907

-31.0186 30.5255
-31.0035 30.4907

-31.8047 32.3158
-31.8172 32.3438

-31.3555 31.2977
-31.3709 31.333

-31.4116 31.4262
-31.42 31.4453

-31.3709 31.333
-31.3954 31.3892

-31.4116 31.4262
-31.3954 31.3892

-31.1309 30.7834
-31.1501 30.8276

-31.1501 30.8276
-31.1746 30.8838

-31.187 30.9122
-31.1991 30.9399

-31.1991 30.9399
-31.2236 30.9961

-31.187 30.9122
-31.1746 30.8838

-31.0747 30.6545
-31.0767 30.6592

-31.0279 30.5469
-31.0523 30.603

-31.0747 30.6545
-31.0523 30.603

-31.0767 30.6592
-31.1012 30.7153

-31.1012 30.7153
-31.1257 30.7715

-31.1309 30.7834
-31.1256 30.7715

-31.2432 31.0408
-31.2482 31.0522

-31.2481 31.0522
-31.2727 31.1084

-31.2993 31.1693
-31.3218 31.2207

-31.2727 31.1084
-31.2972 31.1646

-31.2993 31.1693
-31.2972 31.1646

-31.2432 31.0408
-31.2236 30.9961

-31.3218 31.2207
-31.3463 31.2769

-31.3555 31.2978
-31.3463 31.2769

-31.5801 31.8107
-31.5923 31.8384

-31.5923 31.8384
-31.6171 31.8945

-31.4678 31.5546
-31.4691 31.5576

-31.4691 31.5576
-31.4937 31.6138

-31.4937 31.6138
-31.5183 31.6699

-31.42 31.4453
-31.4445 31.5015

-31.4678 31.5546
-31.4445 31.5015

-31.5239 31.6828
-31.5429 31.7261

-31.5429 31.7261
-31.5676 31.7822

-31.5239 31.6828
-31.5183 31.6699

-31.5801 31.8107
-31.5676 31.7822

-31.6924 32.0641
-31.7169 32.1191

-31.6362 31.9378
-31.6419 31.9507

-31.6419 31.9507
-31.6669 32.0068

-31.6362 31.9378
-31.6171 31.8945

-31.6669 32.0068
-31.6919 32.063

-31.6924 32.0642
-31.6919 32.063

-31.7485 32.19
-31.767 32.2314

-31.7169 32.1191
-31.742 32.1753

-31.7485 32.1901
-31.7419 32.1753

-31.767 32.2314
-31.7921 32.2876

-31.8047 32.3158
-31.7921 32.2876

-32.7031 34.3393
-33.0154 35.0391

-33.0169 35.0391
-33.4204 35.9375

-31.917 32.5666
-31.9178 32.5684

-31.8608 32.4414
-31.8674 32.4561

-31.8172 32.3438
-31.8423 32.3999

-31.8608 32.4414
-31.8423 32.3999

-31.8674 32.4561
-31.8926 32.5122

-31.917 32.5667
-31.8926 32.5122

-31.9178 32.5684
-31.9429 32.6245

-31.9429 32.6245
-31.9681 32.6807

-31.9731 32.692
-31.9932 32.7368

-31.9932 32.7368
-32.0184 32.793

-31.9731 32.692
-31.9681 32.6807

-32.0293 32.8173
-32.0435 32.8491

-32.0435 32.8491
-32.0686 32.9053

-32.0854 32.9429
-32.0938 32.9614

-32.0938 32.9614
-32.1188 33.0176

-32.0854 32.9429
-32.0686 32.9053

-32.1416 33.0685
-32.1439 33.0737

-32.1439 33.0737
-32.169 33.1299

-32.1978 33.1945
-32.2189 33.2422

-32.169 33.1299
-32.194 33.186

-32.1978 33.1945
-32.194 33.186

-32.1416 33.0685
-32.1188 33.0176

-32.0293 32.8174
-32.0184 32.793

-32.2539 33.3214
-32.2686 33.3545

-32.2686 33.3545
-32.3183 33.4668

-32.3184 33.4668
-32.4171 33.6914

-32.4165 33.6914
-32.6146 34.1406

-32.2539 33.3214
-32.2188 33.2422

-32.7031 34.3443
-32.6123 34.1406

-30.457 29.2247
-30.4704 29.2554

-30.4704 29.2554
-30.4948 29.3115

-30.5132 29.3537
-30.5193 29.3677

-30.5193 29.3677
-30.5437 29.4238

-30.5132 29.3537
-30.4948 29.3115

-30.5693 29.4827
-30.5925 29.5361

-30.6255 29.612
-30.6413 29.6484

-30.5925 29.5361
-30.6169 29.5923

-30.6255 29.612
-30.6169 29.5923

-30.5437 29.4238
-30.5681 29.48

-30.5693 29.4828
-30.5681 29.48

-30.3447 28.9671
-30.348 28.9746

-30.2886 28.8399
-30.2985 28.8623

-30.2485 28.75
-30.2736 28.8062

-30.2886 28.8399
-30.2736 28.8062

-30.2985 28.8623
-30.3233 28.9185

-30.3447 28.9671
-30.3233 28.9185

-30.348 28.9746
-30.3726 29.0308

-30.3726 29.0308
-30.3971 29.0869

-30.4009 29.0957
-30.4215 29.1431

-30.4215 29.1431
-30.446 29.1992

-30.4009 29.0957
-30.3971 29.0869

-30.457 29.2247
-30.4459 29.1992

-30.6816 29.7419
-30.6898 29.7607

-30.7378 29.8726
-30.738 29.873

-30.6898 29.7607
-30.7139 29.8169

-30.7378 29.8726
-30.7139 29.8169

-30.7939 30.0041
-30.8099 30.0415

-30.8099 30.0415
-30.834 30.0977

-30.738 29.873
-30.762 29.9292

-30.762 29.9292
-30.786 29.9854

-30.7939 30.0041
-30.7859 29.9854

-30.6413 29.6484
-30.6656 29.7046

-30.6816 29.7419
-30.6656 29.7046

-30.8501 30.1353
-30.858 30.1538

-30.858 30.1538
-30.8822 30.21

-30.8501 30.1353
-30.834 30.0977

-30.9062 30.2659
-30.8822 30.21

-33.4183 35.9375
-34.2295 37.7344

-34.5 38.3351
-34.2262 37.7344

-77.625 121.917
-77.7738 122.188

-81.2188 128.415
-81.75 129.375

-79.4219 125.172
-79.7592 125.781

-77.7733 122.188
-78.7644 123.984

-79.4219 125.175
-78.763 123.984

-79.7601 125.781
-80.7561 127.578

-81.2188 128.415
-80.7558 127.578

-84.8125 134.883
-85.7443 136.562

-88.4062 141.236
-88.8191 141.953

-88.8095 141.953
-89.8784 143.75

-86.6094 138.101
-86.7551 138.359

-86.7604 138.359
-87.7887 140.156

-86.6094 138.107
-85.7375 136.562

-88.4062 141.237
-87.7842 140.156

-83.0156 131.654
-83.7491 132.969

-81.748 129.375
-82.7448 131.172

-83.0156 131.663
-82.7414 131.172

-83.7518 132.969
-84.7516 134.766

-84.8125 134.878
-84.7504 134.766

-74.0312 115.381
-74.8071 116.797

-74.8067 116.797
-75.7938 118.594

-75.8281 118.656
-76.7832 120.391

-77.625 121.918
-76.7834 120.391

-75.8281 118.662
-75.7905 118.594

-74.0312 115.385
-73.82 115

-90.2031 144.232
-91.0047 145.547

-92 147.137
-91.0478 145.547

-90.2031 144.33
-89.8497 143.75

