-34.5 56.1389
-35.2583 57.5

-63.25 106.902
-63.7691 107.812

-66.8456 113.203
-67.8718 115

-65.0469 110.052
-65.8199 111.406

-63.7688 107.812
-64.7942 109.609

-65.0469 110.056
-64.7917 109.609

-66.8438 113.2
-65.8195 111.406

-48.875 81.6394
-49.4519 82.6562

-50.6719 84.8056
-51.492 86.25

-49.4515 82.6562
-50.4715 84.4531

-50.6719 84.8123
-50.4679 84.4531

-41.6875 68.9456
-42.3273 70.0781

-42.3269 70.0781
-43.3431 71.875

-38.0938 62.5684
-38.2745 62.8906

-38.2743 62.8906
-39.2846 64.6875

-36.2969 59.3617
-37.2658 61.0938

-35.2575 57.5
-36.2608 59.2969

-36.2969 59.3733
-36.2541 59.2969

-38.0938 62.5702
-37.2653 61.0938

-39.8906 65.7616
-40.298 66.4844

-40.2977 66.4844
-41.3117 68.2812

-39.8906 65.7655
-39.2831 64.6875

-41.6875 68.9518
-41.3086 68.2812

-45.2812 75.2994
-45.3772 75.4688

-47.0781 78.4706
-47.4136 79.0625

-45.377 75.4688
-46.3946 77.2656

-47.0781 78.4732
-46.3937 77.2656

-43.4844 72.1245
-44.3598 73.6719

-45.2812 75.3001
-44.3593 73.6719

-43.4844 72.133
-43.3384 71.875

-47.4133 79.0625
-48.4321 80.8594

-48.875 81.644
-48.4299 80.8594

-59.6562 100.6
-59.6705 100.625

-56.0625 94.288
-56.601 95.2344

-56.6007 95.2344
-57.6237 97.0312

-57.8594 97.4448
-58.6471 98.8281

-59.6562 100.6
-58.6466 98.8281

-57.8594 97.4503
-57.6208 97.0312

-52.4688 87.9694
-52.5128 88.0469

-52.5127 88.0469
-53.5339 89.8438

-54.2656 91.1295
-54.5563 91.6406

-54.556 91.6406
-55.5781 93.4375

-54.2656 91.1314
-53.5333 89.8438

-52.4688 87.9696
-51.4915 86.25

-56.0625 94.2917
-55.5764 93.4375

-61.4531 103.752
-61.7193 104.219

-59.6705 100.625
-60.6944 102.422

-61.4531 103.753
-60.694 102.422

-61.7191 104.219
-62.7438 106.016

-63.25 106.905
-62.7424 106.016

-6.11756 0
-6.11729 0.0561523

-6.11729 0.0561523
-6.1165 0.112305

-6.1165 0.112305
-6.1152 0.168457

-6.1152 0.168457
-6.11338 0.224609

-6.11338 0.224609
-6.11105 0.280762

-6.11105 0.280762
-6.10821 0.336914

-6.10821 0.336914
-6.10486 0.393066

-6.10486 0.393066
-6.10101 0.449219

-6.10101 0.449219
-6.09665 0.505371

-6.09665 0.505371
-6.0918 0.561523

-6.0918 0.561523
-6.08691 0.612813

-6.08691 0.612874
-6.08646 0.617676

-6.08645 0.617676
-6.08062 0.673828

-6.08062 0.673828
-6.07431 0.72998

-6.07431 0.72998
-6.06752 0.786133

-6.06752 0.786133
-6.06027 0.842285

-6.06027 0.842285
-6.05256 0.898438

-6.05256 0.898438
-6.0444 0.95459

-6.0444 0.95459
-6.03581 1.01074

-6.0358 1.01074
-6.03076 1.04213

-6.03076 1.04224
-6.02681 1.06689

-6.02679 1.06689
-6.01737 1.12305

-6.01737 1.12305
-6.00755 1.1792

-6.00755 1.1792
-5.99734 1.23535

-5.99733 1.23535
-5.98674 1.2915

-5.98674 1.2915
-5.9758 1.34766

-5.97581 1.34766
-5.97461 1.35364

-5.97461 1.35356
-5.96453 1.40381

-5.96452 1.40381
-5.95294 1.45996

-5.95294 1.45996
-5.94104 1.51611

-5.94103 1.51611
-5.92883 1.57227

-5.92882 1.57227
-5.91846 1.619

-5.91846 1.61911
-5.91639 1.62842

-5.91637 1.62842
-5.90367 1.68457

-5.90367 1.68457
-5.89074 1.74072

-5.89074 1.74072
-5.87758 1.79688

-5.87757 1.79688
-5.86423 1.85303

-5.86425 1.85303
-5.8623 1.8611

-5.8623 1.86101
-5.85073 1.90918

-5.85073 1.90918
-5.83708 1.96533

-5.83708 1.96533
-5.82329 2.02148

-5.82328 2.02148
-5.80939 2.07764

-5.80936 2.07764
-5.80615 2.09053

-5.80615 2.09065
-5.79542 2.13379

-5.79542 2.13379
-5.78139 2.18994

-5.78139 2.18994
-5.7673 2.24609

-5.76729 2.24609
-5.75317 2.30225

-5.75314 2.30225
-5.75 2.31476

-5.75 7.93266
-5.76164 7.97363

-5.76163 7.97363
-5.77785 8.02979

-5.77786 8.02979
-5.79434 8.08594

-5.8623 8.30884
-5.86284 8.31055

-5.80615 8.12551
-5.81109 8.14209

-5.81107 8.14209
-5.82806 8.19824

-5.80615 8.1256
-5.79433 8.08594

-5.82806 8.19824
-5.84531 8.25439

-5.8623 8.30892
-5.84531 8.25439

-5.8628 8.31055
-5.88055 8.3667

-5.88055 8.3667
-5.89856 8.42285

-5.91846 8.48403
-5.93529 8.53516

-5.89856 8.42285
-5.91681 8.479

-5.91846 8.48415
-5.91676 8.479

-5.97461 8.6521
-5.99225 8.70361

-5.99225 8.70361
-6.01173 8.75977

-6.08691 8.97029
-6.09204 8.98438

-6.03076 8.81392
-6.03146 8.81592

-6.03143 8.81592
-6.05138 8.87207

-6.03076 8.814
-6.01173 8.75977

-6.05139 8.87207
-6.07159 8.92822

-6.08691 8.97035
-6.07158 8.92822

-5.9353 8.53516
-5.95404 8.59131

-5.95404 8.59131
-5.97303 8.64746

-5.97461 8.65217
-5.973 8.64746

-6.64844 10.3187
-6.65471 10.332

-6.87305 10.7759
-6.87576 10.7812

-6.76074 10.5523
-6.76289 10.5566

-6.70459 10.4368
-6.70821 10.4443

-6.65469 10.332
-6.6813 10.3882

-6.70459 10.4368
-6.6813 10.3882

-6.70819 10.4443
-6.73536 10.5005

-6.76074 10.5524
-6.73536 10.5005

-6.81689 10.6653
-6.81871 10.6689

-6.76283 10.5566
-6.79059 10.6128

-6.81689 10.6654
-6.79059 10.6128

-6.81865 10.6689
-6.84702 10.7251

-6.87305 10.7761
-6.84702 10.7251

-6.19922 9.2689
-6.21961 9.32129

-6.25537 9.41172
-6.26407 9.43359

-6.21962 9.32129
-6.24172 9.37744

-6.25537 9.41178
-6.24171 9.37744

-6.42383 9.8189
-6.42715 9.82666

-6.42712 9.82666
-6.45139 9.88281

-6.31152 9.55096
-6.33249 9.60205

-6.3325 9.60205
-6.35579 9.6582

-6.26406 9.43359
-6.28663 9.48975

-6.28664 9.48975
-6.30945 9.5459

-6.31152 9.55103
-6.30942 9.5459

-6.36768 9.68653
-6.37934 9.71436

-6.37933 9.71436
-6.40311 9.77051

-6.36768 9.68659
-6.35578 9.6582

-6.42383 9.81895
-6.40311 9.77051

-6.09202 8.98438
-6.11269 9.04053

-6.11269 9.04053
-6.13361 9.09668

-6.14307 9.12177
-6.15476 9.15283

-6.15475 9.15283
-6.17614 9.20898

-6.14307 9.12184
-6.13359 9.09668

-6.17614 9.20898
-6.19776 9.26514

-6.19922 9.26897
-6.19773 9.26514

-6.53613 10.0745
-6.55097 10.1074

-6.47998 9.9482
-6.50067 9.99512

-6.45139 9.88281
-6.47591 9.93896

-6.47998 9.94826
-6.47588 9.93896

-6.50067 9.99512
-6.52569 10.0513

-6.53613 10.0745
-6.52567 10.0513

-6.59229 10.1979
-6.60231 10.2197

-6.55097 10.1074
-6.5765 10.1636

-6.59229 10.198
-6.57649 10.1636

-6.6023 10.2197
-6.62836 10.2759

-6.64844 10.3187
-6.62835 10.2759

-7.65918 12.1187
-7.6658 12.1289

-7.54688 11.9444
-7.55709 11.9604

-7.55709 11.9604
-7.5931 12.0166

-7.60303 12.032
-7.62934 12.0728

-7.65918 12.1187
-7.62933 12.0728

-7.60303 12.032
-7.59308 12.0166

-7.77148 12.2899
-7.77638 12.2974

-7.77634 12.2974
-7.81354 12.3535

-7.88379 12.4589
-7.88844 12.4658

-7.93994 12.5426
-7.96388 12.5781

-7.8884 12.4658
-7.92607 12.522

-7.93994 12.5426
-7.92605 12.522

-7.82764 12.3747
-7.8509 12.4097

-7.88379 12.4589
-7.85089 12.4097

-7.82764 12.3747
-7.81352 12.3535

-7.71533 12.2047
-7.73932 12.2412

-7.6658 12.1289
-7.70246 12.1851

-7.71533 12.2047
-7.70244 12.1851

-7.77148 12.29
-7.7393 12.2412

-8.55762 13.4413
-8.5819 13.4766

-8.50146 13.3598
-8.50455 13.3643

-8.44531 13.2786
-8.46571 13.3081

-8.50146 13.3599
-8.4657 13.3081

-8.50452 13.3643
-8.54325 13.4204

-8.55762 13.4413
-8.54324 13.4204

-9.17529 14.3748
-9.17543 14.375

-9.11914 14.2857
-9.14011 14.3188

-9.17529 14.3748
-9.14009 14.3188

-9.00684 14.1097
-9.03307 14.1504

-8.95068 14.0236
-8.96025 14.0381

-8.89453 13.9386
-8.92328 13.9819

-8.95068 14.0236
-8.92328 13.9819

-8.96026 14.0381
-8.99685 14.0942

-9.00684 14.1098
-8.99682 14.0942

-9.06299 14.1972
-9.06897 14.2065

-9.06895 14.2065
-9.10463 14.2627

-9.06299 14.1972
-9.03304 14.1504

-9.11914 14.2857
-9.10461 14.2627

-8.72607 13.6879
-8.73508 13.7012

-8.66992 13.6052
-8.69701 13.645

-8.72607 13.6879
-8.69699 13.645

-8.78223 13.771
-8.81082 13.8135

-8.83838 13.8546
-8.84849 13.8696

-8.8485 13.8696
-8.886 13.9258

-8.83838 13.8546
-8.81081 13.8135

-8.73508 13.7012
-8.77302 13.7573

-8.78223 13.771
-8.77299 13.7573

-8.61377 13.523
-8.62042 13.5327

-8.6204 13.5327
-8.65878 13.5889

-8.61377 13.5231
-8.58188 13.4766

-8.66992 13.6053
-8.65875 13.5889

-8.89453 13.9387
-8.88598 13.9258

-8.2207 12.9543
-8.23239 12.9712

-8.23239 12.9712
-8.27122 13.0273

-8.1084 12.7909
-8.11651 12.8027

-7.99609 12.6258
-8.00185 12.6343

-8.00181 12.6343
-8.0399 12.6904

-8.05225 12.7085
-8.07814 12.7466

-8.1084 12.7909
-8.07812 12.7466

-8.05225 12.7086
-8.03989 12.6904

-8.16455 12.8727
-8.19365 12.915

-8.11651 12.8027
-8.15501 12.8589

-8.16455 12.8728
-8.15499 12.8589

-8.2207 12.9543
-8.19363 12.915

-8.33301 13.1165
-8.34902 13.1396

-8.38916 13.1976
-8.42683 13.252

-8.34902 13.1396
-8.38793 13.1958

-8.38916 13.1976
-8.38788 13.1958

-8.27686 13.0355
-8.3101 13.0835

-8.33301 13.1166
-8.31009 13.0835

-8.27686 13.0355
-8.27118 13.0273

-8.44531 13.2787
-8.42683 13.252

-7.99609 12.6258
-7.96386 12.5781

-7.09766 11.1957
-7.11708 11.2305

-7.37842 11.6751
-7.38121 11.6797

-7.32227 11.5827
-7.34691 11.6235

-7.37842 11.6752
-7.3469 11.6235

-7.20996 11.3929
-7.21345 11.3989

-7.2134 11.3989
-7.24624 11.4551

-7.15381 11.2953
-7.18093 11.3428

-7.11707 11.2305
-7.14882 11.2866

-7.15381 11.2954
-7.14879 11.2866

-7.20996 11.393
-7.18092 11.3428

-7.26611 11.4887
-7.27945 11.5112

-7.27944 11.5112
-7.313 11.5674

-7.26611 11.4887
-7.24622 11.4551

-7.32227 11.5828
-7.31298 11.5674

-6.98535 10.9903
-6.99368 11.0059

-6.9292 10.8843
-6.93404 10.8936

-6.8757 10.7812
-6.9047 10.8374

-6.9292 10.8843
-6.9047 10.8374

-6.93403 10.8936
-6.96368 10.9497

-6.98535 10.9903
-6.96367 10.9497

-7.0415 11.0941
-7.05467 11.1182

-6.99366 11.0059
-7.02399 11.062

-7.0415 11.0941
-7.02397 11.062

-7.05466 11.1182
-7.08569 11.1743

-7.09766 11.1958
-7.08567 11.1743

-7.43457 11.7661
-7.45065 11.792

-7.49072 11.8559
-7.52133 11.9043

-7.45065 11.792
-7.48585 11.8481

-7.49072 11.8559
-7.48582 11.8481

-7.38116 11.6797
-7.41574 11.7358

-7.43457 11.7662
-7.41573 11.7358

-7.54688 11.9444
-7.52132 11.9043

-12.9375 20.2889
-13.7926 21.5625

-18.3281 28.3858
-18.5647 28.75

-16.5312 25.6489
-17.3941 26.9531

-18.3281 28.3897
-17.3951 26.9531

-14.7344 22.9784
-14.9904 23.3594

-14.9977 23.3594
-16.205 25.1562

-14.7344 22.9896
-13.7753 21.5625

-16.5312 25.6722
-16.1899 25.1562

-11.1406 17.6197
-11.3603 17.9688

-10.2422 16.128
-10.2689 16.1719

-9.34375 14.6463
-9.38395 14.7119

-9.38398 14.7119
-9.45226 14.8242

-9.56836 15.0165
-9.5879 15.0488

-9.58739 15.0488
-9.72329 15.2734

-9.56836 15.0165
-9.45214 14.8242

-9.79297 15.3869
-9.99637 15.7227

-10.2422 16.1287
-9.99539 15.7227

-9.79297 15.3897
-9.72252 15.2734

-10.2706 16.1719
-10.8129 17.0703

-11.1406 17.6119
-10.7997 17.0703

-11.374 17.9688
-12.5614 19.7656

-12.9375 20.3057
-12.5748 19.7656

-9.23145 14.4646
-9.24558 14.4873

-9.2876 14.555
-9.31509 14.5996

-9.24558 14.4873
-9.28044 14.5435

-9.2876 14.5551
-9.28043 14.5435

-9.1754 14.375
-9.21056 14.4312

-9.23145 14.4647
-9.21056 14.4312

-9.34375 14.6464
-9.315 14.5996

-20.125 31.2328
-20.8123 32.3438

-21.9219 34.1807
-22.973 35.9375

-20.8073 32.3438
-21.8982 34.1406

-21.9219 34.2014
-21.8855 34.1406

-23.7188 37.1969
-24.037 37.7344

-24.0358 37.7344
-25.0899 39.5312

-25.5156 40.2615
-26.1362 41.3281

-26.135 41.3281
-27.1729 43.125

-25.5156 40.2719
-25.0847 39.5312

-23.7188 37.2022
-22.9699 35.9375

-30.9062 49.699
-31.2511 50.3125

-29.1094 46.5146
-29.2256 46.7188

-27.3125 43.3682
-28.2028 44.9219

-29.1094 46.5161
-28.2018 44.9219

-29.225 46.7188
-30.2405 48.5156

-30.9062 49.7034
-30.2387 48.5156

-32.7031 52.9126
-33.2573 53.9062

-31.2501 50.3125
-32.2551 52.1094

-32.7031 52.9195
-32.2513 52.1094

-33.2564 53.9062
-34.2574 55.7031

-34.5 56.1482
-34.252 55.7031

-27.3125 43.3831
-27.1646 43.125

-18.561 28.75
-19.6981 30.5469

-20.125 31.2461
-19.6925 30.5469

-5.75 2.31489
-5.73908 2.3584

-5.73907 2.3584
-5.72499 2.41455

-5.72499 2.41455
-5.71093 2.4707

-5.71092 2.4707
-5.69691 2.52686

-5.69688 2.52686
-5.69385 2.5391

-5.69385 2.53925
-5.68301 2.58301

-5.683 2.58301
-5.66918 2.63916

-5.66918 2.63916
-5.65545 2.69531

-5.65544 2.69531
-5.64185 2.75146

-5.64183 2.75146
-5.6377 2.76875

-5.6377 2.76891
-5.62844 2.80762

-5.62843 2.80762
-5.61518 2.86377

-5.61518 2.86377
-5.60208 2.91992

-5.60206 2.91992
-5.58916 2.97607

-5.58914 2.97607
-5.58154 3.00974

-5.58154 3.00992
-5.57651 3.03223

-5.57648 3.03223
-5.56402 3.08838

-5.56403 3.08838
-5.55179 3.14453

-5.55178 3.14453
-5.53978 3.20068

-5.53977 3.20068
-5.52804 3.25684

-5.52801 3.25684
-5.52539 3.26966

-5.52539 3.26988
-5.5166 3.31299

-5.51659 3.31299
-5.50542 3.36914

-5.50543 3.36914
-5.49453 3.42529

-5.49451 3.42529
-5.48389 3.48145

-5.48389 3.48145
-5.4736 3.5376

-5.47358 3.5376
-5.46924 3.56205

-5.46924 3.56233
-5.46365 3.59375

-5.46362 3.59375
-5.45397 3.6499

-5.45397 3.6499
-5.44465 3.70605

-5.44466 3.70605
-5.43565 3.76221

-5.43563 3.76221
-5.42696 3.81836

-5.42698 3.81836
-5.41866 3.87451

-5.41864 3.87451
-5.41309 3.91367

-5.41309 3.9139
-5.41071 3.93066

-5.4107 3.93066
-5.40309 3.98682

-5.40309 3.98682
-5.39584 4.04297

-5.39585 4.04297
-5.38896 4.09912

-5.38894 4.09912
-5.3824 4.15527

-5.38241 4.15527
-5.37624 4.21143

-5.37622 4.21143
-5.37041 4.26758

-5.37042 4.26758
-5.365 4.32373

-5.365 4.32373
-5.35994 4.37988

-5.35992 4.37988
-5.35693 4.4155

-5.35693 4.41594
-5.35525 4.43604

-5.35523 4.43604
-5.3509 4.49219

-5.3509 4.49219
-5.34695 4.54834

-5.34695 4.54834
-5.34337 4.60449

-5.34337 4.60449
-5.34016 4.66064

-5.34016 4.66064
-5.33732 4.7168

-5.33731 4.7168
-5.33483 4.77295

-5.33483 4.77295
-5.33273 4.8291

-5.33273 4.8291
-5.33101 4.88525

-5.33101 4.88525
-5.32966 4.94141

-5.32966 4.94141
-5.32867 4.99756

-5.32867 4.99756
-5.32806 5.05371

-5.32806 5.05371
-5.32781 5.10986

-5.32782 5.10986
-5.32793 5.16602

-5.32793 5.16602
-5.32842 5.22217

-5.32842 5.22217
-5.32926 5.27832

-5.32926 5.27832
-5.33047 5.33447

-5.33047 5.33447
-5.33207 5.39062

-5.33207 5.39062
-5.33405 5.44678

-5.33406 5.44678
-5.3364 5.50293

-5.33641 5.50293
-5.33906 5.55908

-5.33904 5.55908
-5.34204 5.61523

-5.34203 5.61523
-5.34543 5.67139

-5.34545 5.67139
-5.34922 5.72754

-5.35693 5.82905
-5.35778 5.83984

-5.34923 5.72754
-5.35333 5.78369

-5.35693 5.82961
-5.35331 5.78369

-5.35773 5.83984
-5.36252 5.896

-5.36254 5.896
-5.36769 5.95215

-5.36768 5.95215
-5.37315 6.0083

-5.37315 6.0083
-5.37897 6.06445

-5.37897 6.06445
-5.38514 6.12061

-5.38515 6.12061
-5.39163 6.17676

-5.39162 6.17676
-5.39843 6.23291

-5.39844 6.23291
-5.40559 6.28906

-5.41309 6.34537
-5.42086 6.40137

-5.42086 6.40137
-5.42898 6.45752

-5.42898 6.45752
-5.43743 6.51367

-5.40559 6.28906
-5.41306 6.34521

-5.41309 6.3457
-5.41302 6.34521

-5.43743 6.51367
-5.4462 6.56982

-5.4462 6.56982
-5.45528 6.62598

-5.46924 6.70845
-5.47439 6.73828

-5.45528 6.62598
-5.46467 6.68213

-5.46924 6.70871
-5.46465 6.68213

-5.52539 7.00871
-5.52745 7.01904

-5.52743 7.01904
-5.53894 7.0752

-5.53894 7.0752
-5.55075 7.13135

-5.55076 7.13135
-5.56286 7.1875

-5.47437 6.73828
-5.48437 6.79443

-5.48437 6.79443
-5.49468 6.85059

-5.49469 6.85059
-5.50531 6.90674

-5.50531 6.90674
-5.51623 6.96289

-5.52539 7.00884
-5.51622 6.96289

-5.58154 7.2715
-5.58793 7.2998

-5.56285 7.1875
-5.57524 7.24365

-5.58154 7.27162
-5.57523 7.24365

-5.58791 7.2998
-5.60086 7.35596

-5.60086 7.35596
-5.61411 7.41211

-5.6377 7.50908
-5.64146 7.52441

-5.64144 7.52441
-5.65551 7.58057

-5.65551 7.58057
-5.66987 7.63672

-5.61411 7.41211
-5.62764 7.46826

-5.6377 7.50919
-5.62764 7.46826

-5.69385 7.72805
-5.69941 7.74902

-5.66987 7.63672
-5.6845 7.69287

-5.69385 7.72816
-5.68449 7.69287

-5.69939 7.74902
-5.71455 7.80518

-5.71455 7.80518
-5.72998 7.86133

-5.72998 7.86133
-5.74568 7.91748

-5.75 7.93275
-5.74566 7.91748

-77.625 132.046
-78.1527 132.969

-79.4219 135.19
-80.205 136.562

-78.1522 132.969
-79.1788 134.766

-79.4219 135.195
-79.1766 134.766

-81.2188 138.344
-81.2278 138.359

-81.2269 138.359
-82.2473 140.156

-83.0156 141.507
-83.2699 141.953

-83.2706 141.953
-84.2959 143.75

-83.0156 141.509
-82.2456 140.156

-81.2188 138.343
-80.2053 136.562

-70.4375 119.488
-70.9536 120.391

-70.9533 120.391
-71.9812 122.188

-74.0312 125.769
-74.0381 125.781

-75.8281 128.907
-76.0962 129.375

-74.0381 125.781
-75.0667 127.578

-75.8281 128.908
-75.0663 127.578

-72.2344 122.63
-73.0097 123.984

-74.0312 125.769
-73.0095 123.984

-72.2344 122.634
-71.979 122.188

-68.6406 116.345
-68.899 116.797

-68.8988 116.797
-69.9258 118.594

-68.6406 116.346
-67.8714 115

-70.4375 119.491
-69.9247 118.594

-76.0963 129.375
-77.125 131.172

-77.625 132.048
-77.1242 131.172

-88.4062 150.785
-88.4976 150.938

-84.8125 144.657
-85.3212 145.547

-85.3178 145.547
-86.3586 147.344

-86.6094 147.765
-87.4213 149.141

-88.4062 150.785
-87.4196 149.141

-86.6094 147.774
-86.3554 147.344

-90.2031 153.688
-90.7362 154.531

-88.496 150.938
-89.5967 152.734

-90.2031 153.712
-89.5852 152.734

-90.7387 154.531
-91.8958 156.328

-92 156.533
-91.8763 156.328

-84.8125 144.655
-84.2949 143.75

