-63.25 108.926
-63.6435 109.609

-63.6432 109.609
-64.6779 111.406

-65.0469 112.047
-65.7129 113.203

-65.7126 113.203
-66.7476 115

-65.0469 112.05
-64.676 111.406

-48.875 83.9514
-49.1637 84.4531

-49.1634 84.4531
-50.1972 86.25

-41.6875 71.4583
-41.9273 71.875

-34.5 58.9343
-34.7071 59.2969

-34.7065 59.2969
-35.7336 61.0938

-36.2969 62.076
-36.7635 62.8906

-36.763 62.8906
-37.7938 64.6875

-36.2969 62.0807
-35.7316 61.0938

-38.0938 65.2088
-38.8264 66.4844

-38.8258 66.4844
-39.8592 68.2812

-39.8906 68.3357
-40.8928 70.0781

-41.6875 71.4603
-40.8921 70.0781

-39.8906 68.346
-39.8534 68.2812

-38.0938 65.2164
-37.79 64.6875

-45.2812 77.7049
-46.0621 79.0625

-43.4844 74.5812
-43.995 75.4688

-41.9269 71.875
-42.9606 73.6719

-43.4844 74.5856
-42.9587 73.6719

-43.9945 75.4688
-45.0283 77.2656

-45.2812 77.7117
-45.0247 77.2656

-47.0781 80.8291
-47.0956 80.8594

-47.0955 80.8594
-48.1292 82.6562

-47.0781 80.8292
-46.0615 79.0625

-48.875 83.9535
-48.1285 82.6562

-56.0625 96.4411
-56.4022 97.0312

-57.8594 99.5629
-58.4707 100.625

-56.4019 97.0312
-57.4361 98.8281

-57.8594 99.5668
-57.4342 98.8281

-54.2656 93.3196
-54.3335 93.4375

-52.4688 90.197
-53.2994 91.6406

-54.2656 93.32
-53.2989 91.6406

-50.6719 87.0741
-51.2316 88.0469

-51.2312 88.0469
-52.2653 89.8438

-50.6719 87.0782
-50.1953 86.25

-52.4688 90.2033
-52.2619 89.8438

-54.3333 93.4375
-55.3674 95.2344

-56.0625 96.4432
-55.3667 95.2344

-59.6562 102.685
-60.5393 104.219

-61.4531 105.806
-61.574 106.016

-61.5738 106.016
-62.6084 107.812

-61.4531 105.806
-60.5389 104.219

-58.4703 100.625
-59.5048 102.422

-59.6562 102.691
-59.5016 102.422

-63.25 108.928
-62.6076 107.812

-5.97461 14.3385
-6.00321 14.375

-5.80615 14.1231
-5.8274 14.1504

-5.75 14.0508
-5.78373 14.0942

-5.80615 14.1231
-5.7837 14.0942

-5.8623 14.1951
-5.87122 14.2065

-5.8712 14.2065
-5.91513 14.2627

-5.97461 14.3386
-5.91511 14.2627

-5.8623 14.1952
-5.82738 14.1504

-12.9375 23.9827
-13.781 25.1562

-14.7344 26.5058
-15.0512 26.9531

-15.0529 26.9531
-16.299 28.75

-14.7344 26.5149
-13.7721 25.1562

-11.1406 21.4928
-11.1915 21.5625

-9.34375 19.0428
-9.86544 19.7656

-11.1406 21.4879
-9.8843 19.7656

-7.54688 16.4998
-8.57964 17.9688

-6.64844 15.2093
-6.69598 15.2734

-6.68662 15.2734
-7.32437 16.1719

-6.19922 14.6259
-6.354 14.8242

-6.64844 15.2145
-6.35857 14.8242

-6.00332 14.375
-6.17889 14.5996

-6.19922 14.6263
-6.17838 14.5996

-7.54688 16.517
-7.30522 16.1719

-9.34375 19.0691
-8.54956 17.9688

-11.1792 21.5625
-12.4748 23.3594

-12.9375 24.0011
-12.4763 23.3594

-20.125 34.6001
-20.9652 35.9375

-23.7188 40.4248
-24.2663 41.3281

-24.2646 41.3281
-25.3437 43.125

-21.9219 37.4848
-22.0766 37.7344

-22.0756 37.7344
-23.1759 39.5312

-21.9219 37.4871
-20.9614 35.9375

-23.7188 40.4335
-23.1718 39.5312

-27.3125 46.4474
-27.4726 46.7188

-29.1094 49.5264
-29.5654 50.3125

-27.4718 46.7188
-28.5222 48.5156

-29.1094 49.5323
-28.5196 48.5156

-30.9062 52.6441
-31.6298 53.9062

-32.7031 55.787
-33.6808 57.5

-31.6284 53.9062
-32.6557 55.7031

-32.7031 55.7993
-32.6483 55.7031

-29.5642 50.3125
-30.5996 52.1094

-30.9062 52.6535
-30.5943 52.1094

-25.5156 43.4133
-26.4129 44.9219

-27.3125 46.4494
-26.4114 44.9219

-25.5156 43.4278
-25.3355 43.125

-18.3281 31.7923
-18.69 32.3438

-16.5312 29.0934
-17.5107 30.5469

-18.3281 31.7982
-17.507 30.5469

-18.6855 32.3438
-19.8358 34.1406

-20.125 34.6155
-19.8267 34.1406

-16.5312 29.1156
-16.2849 28.75

-1.25111 0
-1.25101 0.0561523

-1.251 0.0561523
-1.25073 0.112305

-1.25073 0.112305
-1.25028 0.168457

-1.25028 0.168457
-1.24966 0.224609

-1.24965 0.224609
-1.24887 0.280762

-1.24888 0.280762
-1.24793 0.336914

-1.24792 0.336914
-1.2468 0.393066

-1.2468 0.393066
-1.24554 0.449219

-1.24554 0.449219
-1.24414 0.505371

-1.24413 0.505371
-1.24258 0.561523

-1.24257 0.561523
-1.24088 0.617676

-1.24088 0.617676
-1.23906 0.673828

-1.23907 0.673828
-1.23712 0.72998

-1.23711 0.72998
-1.23504 0.786133

-1.23504 0.786133
-1.23285 0.842285

-1.23285 0.842285
-1.23057 0.898438

-1.23057 0.898438
-1.2282 0.95459

-1.22819 0.95459
-1.22573 1.01074

-1.22572 1.01074
-1.22319 1.06689

-1.22319 1.06689
-1.22061 1.12305

-1.22061 1.12305
-1.21798 1.1792

-1.21798 1.1792
-1.21531 1.23535

-1.21531 1.23535
-1.21259 1.2915

-1.21258 1.2915
-1.20983 1.34766

-1.20983 1.34766
-1.20707 1.40381

-1.20707 1.40381
-1.20431 1.45996

-1.20431 1.45996
-1.20166 1.51383

-1.20166 1.5142
-1.20157 1.51611

-1.20154 1.51611
-1.19878 1.57227

-1.19878 1.57227
-1.19604 1.62842

-1.19604 1.62842
-1.19333 1.68457

-1.19333 1.68457
-1.19067 1.74072

-1.19067 1.74072
-1.18808 1.79688

-1.18806 1.79688
-1.18555 1.85303

-1.18555 1.85303
-1.18313 1.90918

-1.18314 1.90918
-1.18082 1.96533

-1.18083 1.96533
-1.17856 2.02148

-1.17855 2.02148
-1.17636 2.07764

-1.17635 2.07764
-1.17426 2.13379

-1.17426 2.13379
-1.17229 2.18994

-1.17229 2.18994
-1.17045 2.24609

-1.17045 2.24609
-1.16874 2.30225

-1.16874 2.30225
-1.16719 2.3584

-1.1672 2.3584
-1.1658 2.41455

-1.16579 2.41455
-1.16455 2.4707

-1.16455 2.4707
-1.16348 2.52686

-1.16348 2.52686
-1.16258 2.58301

-1.16258 2.58301
-1.16185 2.63916

-1.16185 2.63916
-1.16131 2.69531

-1.16131 2.69531
-1.16096 2.75146

-1.16096 2.75146
-1.1608 2.80762

-1.16079 2.80762
-1.16084 2.86377

-1.16084 2.86377
-1.1611 2.91992

-1.1611 2.91992
-1.16157 2.97607

-1.16157 2.97607
-1.16226 3.03223

-1.16226 3.03223
-1.16318 3.08838

-1.16318 3.08838
-1.16432 3.14453

-1.16432 3.14453
-1.16568 3.20068

-1.16568 3.20068
-1.16728 3.25684

-1.16728 3.25684
-1.16912 3.31299

-1.16912 3.31299
-1.17121 3.36914

-1.17122 3.36914
-1.17354 3.42529

-1.17352 3.42529
-1.17608 3.48145

-1.17608 3.48145
-1.1789 3.5376

-1.1789 3.5376
-1.18197 3.59375

-1.25781 4.42705
-1.25893 4.43604

-1.25891 4.43604
-1.26614 4.49219

-1.26614 4.49219
-1.27363 4.54834

-1.27364 4.54834
-1.2814 4.60449

-1.28139 4.60449
-1.28942 4.66064

-1.28943 4.66064
-1.29773 4.7168

-1.31396 4.82186
-1.3151 4.8291

-1.29772 4.7168
-1.30627 4.77295

-1.31396 4.82201
-1.30626 4.77295

-1.31509 4.8291
-1.32416 4.88525

-1.32415 4.88525
-1.33349 4.94141

-1.37012 5.14785
-1.37347 5.16602

-1.33349 4.94141
-1.34309 4.99756

-1.3431 4.99756
-1.35297 5.05371

-1.35296 5.05371
-1.36308 5.10986

-1.37012 5.14798
-1.36307 5.10986

-1.37346 5.16602
-1.38409 5.22217

-1.38409 5.22217
-1.39498 5.27832

-1.39499 5.27832
-1.40615 5.33447

-1.40615 5.33447
-1.41756 5.39062

-1.18197 3.59375
-1.18528 3.6499

-1.18528 3.6499
-1.18885 3.70605

-1.18885 3.70605
-1.19267 3.76221

-1.19267 3.76221
-1.19675 3.81836

-1.20166 3.88123
-1.20571 3.93066

-1.19675 3.81836
-1.2011 3.87451

-1.20166 3.88176
-1.20107 3.87451

-1.2057 3.93066
-1.21056 3.98682

-1.21055 3.98682
-1.21566 4.04297

-1.21566 4.04297
-1.22105 4.09912

-1.22106 4.09912
-1.22671 4.15527

-1.2267 4.15527
-1.23262 4.21143

-1.23262 4.21143
-1.23881 4.26758

-1.23881 4.26758
-1.24525 4.32373

-1.24525 4.32373
-1.25195 4.37988

-1.25781 4.42722
-1.25194 4.37988

-1.48242 5.68878
-1.49134 5.72754

-1.49133 5.72754
-1.5045 5.78369

-1.50451 5.78369
-1.51794 5.83984

-1.42627 5.4325
-1.42924 5.44678

-1.42922 5.44678
-1.44113 5.50293

-1.42627 5.43262
-1.41755 5.39062

-1.44113 5.50293
-1.4533 5.55908

-1.4533 5.55908
-1.46573 5.61523

-1.46574 5.61523
-1.47841 5.67139

-1.48242 5.6889
-1.47839 5.67139

-1.53857 5.92405
-1.54554 5.95215

-1.51794 5.83984
-1.53161 5.896

-1.53857 5.92415
-1.5316 5.896

-1.54552 5.95215
-1.55968 6.0083

-1.55968 6.0083
-1.5741 6.06445

-1.59473 6.14311
-1.60365 6.17676

-1.60363 6.17676
-1.61876 6.23291

-1.61877 6.23291
-1.63415 6.28906

-1.5741 6.06445
-1.58875 6.12061

-1.59473 6.14321
-1.58873 6.12061

-1.70703 6.54423
-1.71457 6.56982

-1.71455 6.56982
-1.73134 6.62598

-1.76318 6.73021
-1.76566 6.73828

-1.73135 6.62598
-1.74838 6.68213

-1.76318 6.73029
-1.74838 6.68213

-1.81934 6.9084
-1.83697 6.96289

-1.76563 6.73828
-1.78312 6.79443

-1.78313 6.79443
-1.80085 6.85059

-1.80085 6.85059
-1.8188 6.90674

-1.81934 6.90853
-1.81876 6.90674

-1.83697 6.96289
-1.85538 7.01904

-1.85538 7.01904
-1.87401 7.0752

-1.87549 7.07961
-1.89285 7.13135

-1.89285 7.13135
-1.91192 7.1875

-1.87549 7.07969
-1.87398 7.0752

-1.65088 6.34916
-1.66561 6.40137

-1.63415 6.28906
-1.64977 6.34521

-1.65088 6.34931
-1.64972 6.34521

-1.6656 6.40137
-1.68169 6.45752

-1.68169 6.45752
-1.69801 6.51367

-1.70703 6.54432
-1.698 6.51367

-2.15625 7.85735
-2.15779 7.86133

-2.15776 7.86133
-2.17962 7.91748

-2.17963 7.91748
-2.20171 7.97363

-2.2124 8.00055
-2.22401 8.02979

-2.224 8.02979
-2.24648 8.08594

-2.2124 8.00061
-2.20169 7.97363

-2.60547 8.92323
-2.60773 8.92822

-2.60771 8.92822
-2.63333 8.98438

-2.38086 8.41142
-2.38568 8.42285

-2.38566 8.42285
-2.40956 8.479

-2.40956 8.479
-2.43366 8.53516

-2.26855 8.14038
-2.26925 8.14209

-2.26917 8.14209
-2.29206 8.19824

-2.32471 8.27737
-2.33847 8.31055

-2.29207 8.19824
-2.31517 8.25439

-2.32471 8.27743
-2.31515 8.25439

-2.26855 8.14057
-2.24648 8.08594

-2.33847 8.31055
-2.36197 8.3667

-2.38086 8.41148
-2.36196 8.3667

-2.49316 8.67188
-2.50711 8.70361

-2.5071 8.70361
-2.53197 8.75977

-2.43701 8.54292
-2.45794 8.59131

-2.45794 8.59131
-2.48243 8.64746

-2.43701 8.54298
-2.43363 8.53516

-2.49316 8.67194
-2.48241 8.64746

-2.54932 8.7986
-2.55705 8.81592

-2.55703 8.81592
-2.58228 8.87207

-2.54932 8.79865
-2.53196 8.75977

-2.60547 8.92328
-2.58228 8.87207

-3.05469 9.85662
-3.06797 9.88281

-3.50391 10.7045
-3.51529 10.7251

-3.51528 10.7251
-3.54642 10.7812

-3.2793 10.2895
-3.30189 10.332

-3.16699 10.0755
-3.18359 10.1074

-3.11084 9.96666
-3.12545 9.99512

-3.06797 9.88281
-3.09662 9.93896

-3.11084 9.9667
-3.0966 9.93896

-3.12544 9.99512
-3.15443 10.0513

-3.16699 10.0755
-3.15441 10.0513

-3.22314 10.183
-3.24241 10.2197

-3.18358 10.1074
-3.21291 10.1636

-3.22314 10.1831
-3.2129 10.1636

-3.2424 10.2197
-3.27206 10.2759

-3.2793 10.2895
-3.27204 10.2759

-3.3916 10.499
-3.3924 10.5005

-3.39235 10.5005
-3.42283 10.5566

-3.33545 10.3948
-3.36203 10.4443

-3.30189 10.332
-3.33188 10.3882

-3.33545 10.3949
-3.33184 10.3882

-3.3916 10.4991
-3.36203 10.4443

-3.44775 10.6023
-3.4535 10.6128

-3.45349 10.6128
-3.4843 10.6689

-3.44775 10.6023
-3.42283 10.5566

-3.50391 10.7045
-3.48429 10.6689

-2.83008 9.40272
-2.84497 9.43359

-2.71777 9.16655
-2.7377 9.20898

-2.66162 9.04587
-2.68515 9.09668

-2.63334 8.98438
-2.65916 9.04053

-2.66162 9.04593
-2.65912 9.04053

-2.68515 9.09668
-2.71133 9.15283

-2.71777 9.1666
-2.71131 9.15283

-2.77393 9.28547
-2.79098 9.32129

-2.73769 9.20898
-2.76424 9.26514

-2.77393 9.28552
-2.76422 9.26514

-2.79097 9.32129
-2.81788 9.37744

-2.83008 9.40277
-2.81786 9.37744

-2.94238 9.63254
-2.95508 9.6582

-2.88623 9.51839
-2.89967 9.5459

-2.84496 9.43359
-2.87223 9.48975

-2.88623 9.51843
-2.87221 9.48975

-2.89967 9.5459
-2.92729 9.60205

-2.94238 9.63259
-2.92727 9.60205

-2.99854 9.74526
-3.01119 9.77051

-2.95508 9.6582
-2.98304 9.71436

-2.99854 9.74531
-2.98303 9.71436

-3.01118 9.77051
-3.03949 9.82666

-3.05469 9.85666
-3.03947 9.82666

-4.06543 11.6756
-4.06788 11.6797

-3.95312 11.4887
-3.96654 11.5112

-3.96653 11.5112
-4.0001 11.5674

-4.00928 11.5826
-4.03387 11.6235

-4.06543 11.6757
-4.03386 11.6235

-4.00928 11.5827
-4.00008 11.5674

-4.62695 12.5509
-4.64553 12.5781

-4.40234 12.2133
-4.42044 12.2412

-4.4585 12.2994
-4.49415 12.3535

-4.42043 12.2412
-4.45714 12.2974

-4.4585 12.2995
-4.4571 12.2974

-4.51465 12.3843
-4.53149 12.4097

-4.53148 12.4097
-4.56915 12.4658

-4.5708 12.4683
-4.60715 12.522

-4.62695 12.551
-4.60714 12.522

-4.5708 12.4683
-4.56911 12.4658

-4.51465 12.3844
-4.49414 12.3535

-4.17773 11.8589
-4.20592 11.9043

-4.34619 12.1262
-4.34791 12.1289

-4.29004 12.0381
-4.312 12.0728

-4.34619 12.1263
-4.31198 12.0728

-4.23389 11.949
-4.24103 11.9604

-4.24101 11.9604
-4.27637 12.0166

-4.23389 11.9491
-4.20591 11.9043

-4.29004 12.0382
-4.27636 12.0166

-4.12158 11.7678
-4.13643 11.792

-4.06783 11.6797
-4.10202 11.7358

-4.12158 11.7678
-4.102 11.7358

-4.13642 11.792
-4.17106 11.8481

-4.17773 11.8589
-4.17103 11.8481

-4.34786 12.1289
-4.384 12.1851

-4.40234 12.2134
-4.38399 12.1851

-5.30078 13.4696
-5.30614 13.4766

-4.96387 13.0242
-4.96616 13.0273

-4.85156 12.8706
-4.88374 12.915

-4.90771 12.9478
-4.92477 12.9712

-4.96387 13.0243
-4.92476 12.9712

-4.90771 12.9479
-4.88373 12.915

-5.13232 13.249
-5.13457 13.252

-5.07617 13.1747
-5.09205 13.1958

-5.13232 13.249
-5.09205 13.1958

-5.18848 13.3228
-5.22007 13.3643

-5.24463 13.3963
-5.26304 13.4204

-5.30078 13.4696
-5.26303 13.4204

-5.24463 13.3964
-5.22006 13.3643

-5.13454 13.252
-5.17722 13.3081

-5.18848 13.3229
-5.1772 13.3081

-5.02002 13.0998
-5.0498 13.1396

-4.96612 13.0273
-5.0078 13.0835

-5.02002 13.0999
-5.00779 13.0835

-5.07617 13.1747
-5.04978 13.1396

-5.6377 13.9058
-5.65314 13.9258

-5.52539 13.7608
-5.56614 13.8135

-5.58154 13.8333
-5.60964 13.8696

-5.6377 13.9059
-5.60962 13.8696

-5.58154 13.8334
-5.56612 13.8135

-5.46924 13.6882
-5.47926 13.7012

-5.41309 13.6155
-5.43586 13.645

-5.46924 13.6883
-5.43583 13.645

-5.35693 13.5426
-5.39253 13.5889

-5.30611 13.4766
-5.34927 13.5327

-5.35693 13.5427
-5.34924 13.5327

-5.41309 13.6155
-5.39251 13.5889

-5.47923 13.7012
-5.52267 13.7573

-5.52539 13.7609
-5.52261 13.7573

-5.69385 13.9783
-5.69666 13.9819

-5.69662 13.9819
-5.74015 14.0381

-5.69385 13.9783
-5.65312 13.9258

-5.75 14.0508
-5.74011 14.0381

-4.79541 12.7923
-4.80284 12.8027

-4.73926 12.713
-4.76291 12.7466

-4.79541 12.7923
-4.76289 12.7466

-4.68311 12.6325
-4.68431 12.6343

-4.68427 12.6343
-4.72339 12.6904

-4.68311 12.6326
-4.64552 12.5781

-4.73926 12.713
-4.72338 12.6904

-4.80281 12.8027
-4.84309 12.8589

-4.85156 12.8706
-4.84307 12.8589

-3.72852 11.1038
-3.73674 11.1182

-3.78467 11.2013
-3.80151 11.2305

-3.73673 11.1182
-3.76903 11.1743

-3.78467 11.2014
-3.76902 11.1743

-3.67236 11.0053
-3.67268 11.0059

-3.61621 10.906
-3.64084 10.9497

-3.67236 11.0054
-3.64083 10.9497

-3.56006 10.8057
-3.57773 10.8374

-3.57773 10.8374
-3.6092 10.8936

-3.56006 10.8057
-3.5464 10.7812

-3.61621 10.906
-3.60917 10.8936

-3.67263 11.0059
-3.7046 11.062

-3.72852 11.1038
-3.70459 11.062

-3.84082 11.298
-3.86698 11.3428

-3.89697 11.3937
-3.90002 11.3989

-3.89997 11.3989
-3.93316 11.4551

-3.89697 11.3938
-3.86696 11.3428

-3.8015 11.2305
-3.83415 11.2866

-3.84082 11.2981
-3.83412 11.2866

-3.95312 11.4887
-3.93314 11.4551

-1.93164 7.2449
-1.95072 7.2998

-1.98779 7.40467
-1.99044 7.41211

-1.95072 7.2998
-1.97046 7.35596

-1.98779 7.40474
-1.97046 7.35596

-2.04395 7.55975
-2.05158 7.58057

-2.05156 7.58057
-2.07238 7.63672

-1.99041 7.41211
-2.01058 7.46826

-2.01058 7.46826
-2.03097 7.52441

-2.04395 7.55982
-2.03096 7.52441

-1.91193 7.1875
-1.93121 7.24365

-1.93164 7.24498
-1.93118 7.24365

-2.1001 7.71052
-2.11466 7.74902

-2.07238 7.63672
-2.09341 7.69287

-2.1001 7.71059
-2.0934 7.69287

-2.11465 7.74902
-2.1361 7.80518

-2.15625 7.85741
-2.1361 7.80518

-34.5 58.9363
-33.6798 57.5

-77.625 133.874
-78.1376 134.766

-78.1372 134.766
-79.1688 136.562

-81.2188 140.144
-81.226 140.156

-83.0156 143.291
-83.2784 143.75

-81.2252 140.156
-82.2505 141.953

-83.0156 143.293
-82.2488 141.953

-79.4219 137.003
-80.1992 138.359

-81.2188 140.143
-80.1993 138.359

-79.4219 137.008
-79.1667 136.562

-70.4375 121.404
-70.8894 122.188

-74.0312 127.637
-75.0329 129.375

-72.2344 124.521
-72.9612 125.781

-70.8891 122.188
-71.9249 123.984

-72.2344 124.524
-71.923 123.984

-72.9609 125.781
-73.9971 127.578

-74.0312 127.642
-73.9942 127.578

-68.6406 118.286
-68.8181 118.594

-66.8438 115.167
-67.7826 116.797

-68.6406 118.287
-67.7823 116.797

-68.8179 118.594
-69.8533 120.391

-70.4375 121.406
-69.8525 120.391

-66.8438 115.172
-66.7445 115

-75.8281 130.754
-76.0691 131.172

-76.0692 131.172
-77.1041 132.969

-75.8281 130.755
-75.0325 129.375

-77.625 133.876
-77.1033 132.969

-84.8125 146.418
-85.347 147.344

-86.6094 149.49
-87.475 150.938

-85.344 147.344
-86.3982 149.141

-86.6094 149.499
-86.3953 149.141

-88.4062 152.47
-88.5668 152.734

-88.5658 152.734
-89.6801 154.531

-90.2031 155.347
-90.8257 156.328

-90.8265 156.328
-91.9825 158.125

-90.2031 155.371
-89.6701 154.531

-88.4062 152.471
-87.4733 150.938

-83.2787 143.75
-84.3113 145.547

-84.8125 146.417
-84.3099 145.547

-92 158.188
-91.9616 158.125

