-34.5 69.8842
-34.6204 70.0781

-34.6202 70.0781
-35.7331 71.875

-41.6875 81.5615
-42.3563 82.6562

-43.4844 84.5072
-44.5453 86.25

-42.3554 82.6562
-43.4514 84.4531

-43.4844 84.5156
-43.4463 84.4531

-39.8906 78.6257
-40.1586 79.0625

-38.0938 75.7003
-39.0561 77.2656

-39.8906 78.6277
-39.055 77.2656

-36.2969 72.786
-36.8442 73.6719

-36.8433 73.6719
-37.951 75.4688

-36.2969 72.7907
-35.7311 71.875

-38.0938 75.7088
-37.9462 75.4688

-40.158 79.0625
-41.2579 80.8594

-41.6875 81.5667
-41.2554 80.8594

-48.875 93.3894
-48.9041 93.4375

-52.4688 99.3444
-53.2397 100.625

-50.6719 96.3634
-51.0749 97.0312

-48.904 93.4375
-49.9898 95.2344

-50.6719 96.3659
-49.9889 95.2344

-51.0744 97.0312
-52.1575 98.8281

-52.4688 99.3494
-52.1549 98.8281

-56.0625 105.323
-56.4785 106.016

-56.478 106.016
-57.5555 107.812

-59.6562 111.321
-59.7075 111.406

-61.4531 114.326
-61.8561 115

-59.7074 111.406
-60.7819 113.203

-61.4531 114.328
-60.7811 113.203

-57.8594 108.319
-58.6323 109.609

-59.6562 111.321
-58.6317 109.609

-57.8594 108.324
-57.5532 107.812

-54.2656 102.331
-54.3201 102.422

-54.32 102.422
-55.3994 104.219

-54.2656 102.332
-53.239 100.625

-56.0625 105.325
-55.3985 104.219

-45.2812 87.4598
-45.6381 88.0469

-45.6376 88.0469
-46.728 89.8438

-47.0781 90.4207
-47.8173 91.6406

-48.875 93.3896
-47.8165 91.6406

-47.0781 90.4259
-46.7254 89.8438

-45.2812 87.4622
-44.5444 86.25

-5.75 28.221
-6.21509 28.75

-21.9219 49.9791
-22.1434 50.3125

-20.125 47.2886
-20.9508 48.5156

-21.9219 49.9818
-20.9479 48.5156

-23.7188 52.7252
-24.4824 53.9062

-25.5156 55.5246
-25.6298 55.7031

-25.6289 55.7031
-26.7672 57.5

-25.5156 55.5256
-24.4798 53.9062

-22.1423 50.3125
-23.3194 52.1094

-23.7188 52.7348
-23.3143 52.1094

-16.5312 42.0742
-17.2708 43.125

-12.9375 37.1032
-13.4101 37.7344

-13.4045 37.7344
-14.7178 39.5312

-14.7344 39.5548
-16.0046 41.3281

-16.5312 42.0853
-15.9984 41.3281

-14.7344 39.5751
-14.7029 39.5312

-11.1406 34.736
-12.0683 35.9375

-9.34375 32.4709
-10.6801 34.1406

-11.1406 34.752
-10.6686 34.1406

-7.54688 30.3083
-7.75104 30.5469

-7.74928 30.5469
-9.23935 32.3438

-7.54688 30.3123
-6.21021 28.75

-9.34375 32.4957
-9.22211 32.3438

-12.9375 37.11
-12.0596 35.9375

-18.3281 44.6534
-18.5142 44.9219

-18.513 44.9219
-19.7398 46.7188

-18.3281 44.6558
-17.267 43.125

-20.125 47.3003
-19.7336 46.7188

7.22119 14.3582
7.20667 14.375

7.27734 14.2934
7.25536 14.3188

7.22119 14.3583
7.25538 14.3188

7.61426 13.9006
7.59287 13.9258

7.72656 13.7682
7.68825 13.8135

7.67041 13.8345
7.64062 13.8696

7.61426 13.9007
7.64064 13.8696

7.67041 13.8345
7.68827 13.8135

7.50195 14.0323
7.49699 14.0381

7.4458 14.0979
7.4007 14.1504

7.49702 14.0381
7.44892 14.0942

7.4458 14.0979
7.44896 14.0942

7.3335 14.2284
7.30391 14.2627

7.38965 14.1632
7.35236 14.2065

7.3335 14.2284
7.35238 14.2065

7.27734 14.2934
7.30393 14.2627

7.38965 14.1633
7.40073 14.1504

7.55811 13.9665
7.54498 13.9819

7.50195 14.0323
7.54501 13.9819

7.55811 13.9666
7.59289 13.9258

8.17578 13.2302
8.15786 13.252

8.00732 13.4336
7.97151 13.4766

8.06348 13.366
8.01829 13.4204

8.00732 13.4336
8.01832 13.4204

8.11963 13.2982
8.11143 13.3081

8.11147 13.3081
8.06494 13.3643

8.11963 13.2982
8.15787 13.252

8.06348 13.3661
8.06499 13.3643

8.34424 13.0247
8.34212 13.0273

8.40039 12.9558
8.38787 12.9712

8.34424 13.0248
8.3879 12.9712

8.625 12.6774
8.61459 12.6904

8.56885 12.7475
8.52434 12.8027

8.61462 12.6904
8.56955 12.7466

8.56885 12.7475
8.56959 12.7466

8.45654 12.8866
8.43351 12.915

8.5127 12.8171
8.47898 12.8589

8.45654 12.8866
8.479 12.8589

8.40039 12.9558
8.43353 12.915

8.5127 12.8172
8.52436 12.8027

8.28809 13.0935
8.25027 13.1396

8.23193 13.162
8.20413 13.1958

8.17578 13.2302
8.20414 13.1958

8.23193 13.162
8.25028 13.1396

8.34215 13.0273
8.29628 13.0835

8.28809 13.0935
8.29631 13.0835

7.83887 13.6349
7.8304 13.645

7.83044 13.645
7.78317 13.7012

7.89502 13.568
7.87758 13.5889

7.95117 13.5009
7.92461 13.5327

7.89502 13.5681
7.92462 13.5327

7.83887 13.635
7.8776 13.5889

7.78271 13.7017
7.73577 13.7573

7.72656 13.7682
7.7358 13.7573

7.78271 13.7018
7.78322 13.7012

7.95117 13.5009
7.97153 13.4766

0.539062 21.4609
0.440886 21.5625

1.4375 20.5308
1.30848 20.6641

0.988281 20.9951
0.874009 21.1133

0.539062 21.4606
0.874641 21.1133

1.21289 20.7628
1.09112 20.8887

0.988281 20.9957
1.09158 20.8887

1.21289 20.763
1.30864 20.6641

-2.15625 24.2353
-3.0236 25.1562

-3.95312 26.196
-4.63791 26.9531

-5.75 28.2301
-4.62729 26.9531

-3.95312 26.2065
-3.00322 25.1562

-1.25781 23.2998
-1.31579 23.3594

-0.359375 22.3841
-0.434219 22.4609

-1.25781 23.3032
-0.4383 22.4609

-2.15625 24.2532
-1.31448 23.3594

-0.359375 22.3859
0.442569 21.5625

4.13281 17.7331
4.1223 17.7441

4.02051 17.851
4.01534 17.8564

3.96436 17.9099
3.96179 17.9126

3.96182 17.9126
3.90824 17.9688

3.96436 17.9099
4.01537 17.8564

4.07666 17.7921
4.06884 17.8003

4.02051 17.8511
4.06887 17.8003

4.07666 17.7921
4.12233 17.7441

4.80664 17.0207
4.75997 17.0703

4.9751 16.841
4.97072 16.8457

5.03125 16.781
5.02326 16.7896

4.9751 16.8411
5.02329 16.7896

4.91895 16.901
4.91811 16.9019

4.91815 16.9019
4.86548 16.958

4.86279 16.9609
4.81276 17.0142

4.80664 17.0207
4.8128 17.0142

4.86279 16.9609
4.86553 16.958

4.91895 16.901
4.97075 16.8457

4.35742 17.4966
4.33569 17.5195

4.58203 17.2592
4.54826 17.2949

4.46973 17.378
4.44208 17.4072

4.41357 17.4373
4.38891 17.4634

4.35742 17.4966
4.38892 17.4634

4.41357 17.4373
4.44209 17.4072

4.52588 17.3186
4.4952 17.3511

4.46973 17.378
4.49521 17.3511

4.52588 17.3186
4.54828 17.2949

4.24512 17.6149
4.22908 17.6318

4.18896 17.6741
4.17572 17.688

4.13281 17.7331
4.17574 17.688

4.18896 17.6741
4.22911 17.6318

4.30127 17.5558
4.28241 17.5757

4.24512 17.615
4.28244 17.5757

4.30127 17.5558
4.3357 17.5195

4.69434 17.14
4.65423 17.1826

4.63818 17.1996
4.60127 17.2388

4.58203 17.2592
4.6013 17.2388

4.63818 17.1997
4.65426 17.1826

4.75049 17.0804
4.70713 17.1265

4.69434 17.1401
4.70716 17.1265

4.75049 17.0804
4.76001 17.0703

2.22363 19.7188
2.17831 19.7656

2.33594 19.6027
2.28696 19.6533

2.27979 19.6607
2.23264 19.7095

2.22363 19.7188
2.23267 19.7095

2.27979 19.6608
2.28699 19.6533

3.06592 18.8467
3.04614 18.8672

3.12207 18.7884
3.10024 18.811

3.06592 18.8467
3.10025 18.811

3.17822 18.73
3.15431 18.7549

3.23438 18.6717
3.20836 18.6987

3.17822 18.7301
3.20838 18.6987

3.12207 18.7884
3.15433 18.7549

2.6167 19.3122
2.61265 19.3164

2.67285 19.2541
2.66689 19.2603

2.6167 19.3122
2.66692 19.2603

2.729 19.1959
2.72112 19.2041

2.78516 19.1378
2.77534 19.1479

2.729 19.196
2.77536 19.1479

2.67285 19.2541
2.72115 19.2041

2.44824 19.4865
2.39557 19.541

2.50439 19.4284
2.50411 19.4287

2.56055 19.3703
2.55839 19.3726

2.50439 19.4285
2.55842 19.3726

2.50415 19.4287
2.44986 19.4849

2.44824 19.4866
2.44991 19.4849

2.39209 19.5446
2.34127 19.5972

2.33594 19.6027
2.34131 19.5972

2.39209 19.5447
2.39561 19.541

2.56055 19.3704
2.61268 19.3164

2.84131 19.0796
2.82954 19.0918

2.89746 19.0214
2.88372 19.0356

2.84131 19.0796
2.88374 19.0356

2.95361 18.9632
2.93788 18.9795

3.00977 18.9049
2.99201 18.9233

2.95361 18.9632
2.99204 18.9233

2.89746 19.0214
2.9379 18.9795

2.78516 19.1378
2.82956 19.0918

3.00977 18.905
3.04616 18.8672

1.77441 20.183
1.74361 20.2148

1.88672 20.067
1.85229 20.1025

1.83057 20.125
1.79795 20.1587

1.77441 20.183
1.79797 20.1587

1.83057 20.125
1.85231 20.1025

1.5498 20.4151
1.52623 20.4395

1.66211 20.2991
1.63491 20.3271

1.5498 20.4151
1.63496 20.3271

1.4375 20.5311
1.5263 20.4395

1.71826 20.241
1.68927 20.271

1.66211 20.2991
1.68931 20.271

1.71826 20.2411
1.74363 20.2148

1.99902 19.9509
1.96097 19.9902

2.11133 19.8349
2.06965 19.8779

2.05518 19.8929
2.01531 19.9341

1.99902 19.9509
2.01534 19.9341

2.05518 19.8929
2.06968 19.8779

1.94287 20.0089
1.90663 20.0464

1.88672 20.067
1.90666 20.0464

1.94287 20.009
1.961 19.9902

2.16748 19.7768
2.12398 19.8218

2.11133 19.8349
2.12401 19.8218

2.16748 19.7769
2.17835 19.7656

3.51514 18.3795
3.47819 18.418

3.57129 18.3209
3.53207 18.3618

3.51514 18.3795
3.53209 18.3618

3.62744 18.2623
3.58591 18.3057

3.68359 18.2037
3.63972 18.2495

3.62744 18.2624
3.63976 18.2495

3.57129 18.3209
3.58594 18.3057

3.29053 18.6133
3.26238 18.6426

3.34668 18.5549
3.31638 18.5864

3.29053 18.6133
3.31639 18.5864

3.40283 18.4964
3.37034 18.5303

3.45898 18.438
3.42428 18.4741

3.40283 18.4965
3.4243 18.4741

3.34668 18.5549
3.37036 18.5303

3.23438 18.6717
3.2624 18.6426

3.45898 18.438
3.47821 18.418

3.73975 18.145
3.6935 18.1934

3.7959 18.0863
3.74724 18.1372

3.73975 18.1451
3.74728 18.1372

3.85205 18.0276
3.80095 18.0811

3.9082 17.9688
3.85461 18.0249

3.85205 18.0276
3.85465 18.0249

3.7959 18.0864
3.80099 18.0811

3.68359 18.2037
3.69354 18.1934

3.9082 17.9688
3.90829 17.9688

5.70508 16.054
5.69994 16.0596

5.64893 16.1151
5.64832 16.1157

5.64836 16.1157
5.59667 16.1719

5.64893 16.1151
5.69997 16.0596

5.81738 15.9315
5.80292 15.9473

5.92969 15.8085
5.9056 15.835

5.87354 15.8701
5.85431 15.8911

5.81738 15.9315
5.85433 15.8911

5.87354 15.8701
5.90561 15.835

5.76123 15.9928
5.75147 16.0034

5.70508 16.054
5.7515 16.0034

5.76123 15.9928
5.80295 15.9473

6.82812 14.8076
6.81345 14.8242

6.43506 15.2496
6.4137 15.2734

6.49121 15.1869
6.46401 15.2173

6.43506 15.2496
6.46403 15.2173

6.54736 15.124
6.51423 15.1611

6.60352 15.061
6.56435 15.105

6.54736 15.124
6.56437 15.105

6.49121 15.1869
6.51425 15.1611

6.71582 14.9346
6.71409 14.9365

6.65967 14.9979
6.61437 15.0488

6.71413 14.9365
6.6643 14.9927

6.65967 14.9979
6.66434 14.9927

6.77197 14.8711
6.76382 14.8804

6.71582 14.9346
6.76385 14.8804

6.77197 14.8712
6.81348 14.8242

6.60352 15.0611
6.6144 15.0488

6.04199 15.6852
6.00792 15.7227

6.1543 15.5613
6.1099 15.6104

6.09814 15.6233
6.05895 15.6665

6.04199 15.6852
6.05898 15.6665

6.09814 15.6233
6.10993 15.6104

6.2666 15.437
6.26218 15.4419

6.26222 15.4419
6.21153 15.498

6.32275 15.3747
6.31278 15.3857

6.37891 15.3122
6.36328 15.3296

6.32275 15.3747
6.36331 15.3296

6.2666 15.437
6.31281 15.3857

6.21045 15.4992
6.16076 15.5542

6.1543 15.5614
6.1608 15.5542

6.21045 15.4993
6.21158 15.498

5.98584 15.7469
5.9568 15.7788

5.92969 15.8086
5.95682 15.7788

5.98584 15.7469
6.00794 15.7227

6.37891 15.3122
6.41372 15.2734

5.19971 16.6004
5.18049 16.6211

5.25586 16.5401
5.23276 16.5649

5.19971 16.6005
5.23278 16.5649

5.42432 16.3585
5.38915 16.3965

5.48047 16.2978
5.44114 16.3403

5.42432 16.3585
5.44117 16.3403

5.31201 16.4797
5.28497 16.5088

5.36816 16.4191
5.33709 16.4526

5.31201 16.4797
5.33711 16.4526

5.25586 16.5401
5.28498 16.5088

5.36816 16.4191
5.38918 16.3965

5.0874 16.7209
5.07573 16.7334

5.14355 16.6607
5.12813 16.6772

5.0874 16.7209
5.12817 16.6772

5.03125 16.781
5.07576 16.7334

5.14355 16.6607
5.18051 16.6211

5.53662 16.237
5.49306 16.2842

5.59277 16.1761
5.5449 16.228

5.53662 16.237
5.54494 16.228

5.48047 16.2978
5.49309 16.2842

5.59277 16.1761
5.59671 16.1719

7.05273 14.5518
7.01093 14.5996

6.94043 14.68
6.91241 14.7119

6.88428 14.7439
6.86299 14.7681

6.82812 14.8076
6.86301 14.7681

6.88428 14.7439
6.91242 14.7119

6.99658 14.616
6.96172 14.6558

6.94043 14.68
6.96174 14.6558

6.99658 14.616
7.01095 14.5996

7.16504 14.4229
7.15789 14.4312

7.15792 14.4312
7.10903 14.4873

7.10889 14.4875
7.06004 14.5435

7.05273 14.5518
7.06007 14.5435

7.10889 14.4875
7.10908 14.4873

7.16504 14.423
7.2067 14.375

14.0108 0
14.0107 0.0561523

14.0108 0.0561523
14.0105 0.112305

14.0105 0.112305
14.01 0.168457

14.01 0.168457
14.0094 0.224609

14.0094 0.224609
14.0085 0.280762

14.0085 0.280762
14.0075 0.336914

14.0075 0.336914
14.0062 0.393066

14.0062 0.393066
14.0048 0.449219

14.0048 0.449219
14.0031 0.505371

14.0031 0.505371
14.0013 0.561523

14.0013 0.561523
13.9992 0.617676

13.9992 0.617676
13.997 0.673828

13.997 0.673828
13.9945 0.72998

13.9945 0.72998
13.9919 0.786133

13.9919 0.786133
13.989 0.842285

13.989 0.842285
13.9859 0.898438

13.9859 0.898438
13.9827 0.95459

13.9827 0.95459
13.9792 1.01074

13.9792 1.01074
13.9756 1.06689

13.9755 1.06689
13.9716 1.12305

13.9716 1.12305
13.9675 1.1792

13.9675 1.1792
13.9632 1.23535

13.9595 1.28241
13.9587 1.2915

13.9588 1.2915
13.954 1.34766

13.9595 1.28249
13.9632 1.23535

13.954 1.34766
13.9491 1.40381

13.9491 1.40381
13.944 1.45996

13.944 1.45996
13.9386 1.51611

13.9386 1.51611
13.933 1.57227

13.933 1.57227
13.9273 1.62842

13.9273 1.62842
13.9213 1.68457

13.9213 1.68457
13.9151 1.74072

13.9151 1.74072
13.9087 1.79688

13.9033 1.84284
13.9021 1.85303

13.9021 1.85303
13.8953 1.90918

13.8953 1.90918
13.8883 1.96533

13.8883 1.96533
13.881 2.02148

13.9033 1.84291
13.9087 1.79688

13.881 2.02148
13.8735 2.07764

13.8735 2.07764
13.8658 2.13379

13.8658 2.13379
13.8579 2.18994

13.8579 2.18994
13.8498 2.24609

13.791 2.61455
13.7868 2.63916

13.7868 2.63916
13.7769 2.69531

13.8472 2.26373
13.8414 2.30225

13.8414 2.30225
13.8329 2.3584

13.8472 2.26381
13.8498 2.24609

13.8329 2.3584
13.8241 2.41455

13.8241 2.41455
13.8151 2.4707

13.8151 2.4707
13.8059 2.52686

13.8059 2.52686
13.7964 2.58301

13.791 2.61451
13.7964 2.58301

13.7769 2.69531
13.7668 2.75146

13.7668 2.75146
13.7565 2.80762

13.7565 2.80762
13.7459 2.86377

13.7459 2.86377
13.7351 2.91992

13.7349 2.92123
13.7241 2.97607

13.7241 2.97607
13.7129 3.03223

13.7349 2.92131
13.7351 2.91992

13.7129 3.03223
13.7014 3.08838

13.7014 3.08838
13.6898 3.14453

13.6787 3.1967
13.6779 3.20068

13.6779 3.20068
13.6657 3.25684

13.6657 3.25684
13.6534 3.31299

13.6534 3.31299
13.6408 3.36914

13.6787 3.19668
13.6898 3.14453

13.6226 3.44862
13.6149 3.48145

13.6408 3.36914
13.628 3.42529

13.6226 3.44861
13.628 3.42529

13.6149 3.48145
13.6017 3.5376

13.6017 3.5376
13.5881 3.59375

13.1172 5.16528
13.1169 5.16602

13.117 5.16602
13.0968 5.22217

13.0968 5.22217
13.0764 5.27832

13.061 5.32028
13.0558 5.33447

13.0558 5.33447
13.035 5.39062

13.061 5.32029
13.0764 5.27832

13.5664 3.68224
13.5605 3.70605

13.5605 3.70605
13.5463 3.76221

13.5463 3.76221
13.5319 3.81836

13.5103 3.90091
13.5024 3.93066

13.5319 3.81836
13.5172 3.87451

13.5103 3.90091
13.5172 3.87451

13.5024 3.93066
13.4873 3.98682

13.4873 3.98682
13.4719 4.04297

13.3418 4.48955
13.341 4.49219

13.4541 4.10719
13.4406 4.15527

13.4406 4.15527
13.4246 4.21143

13.4246 4.21143
13.4083 4.26758

13.4719 4.04297
13.4564 4.09912

13.4541 4.1072
13.4564 4.09912

13.3979 4.30286
13.3918 4.32373

13.3918 4.32373
13.3751 4.37988

13.3979 4.30287
13.4083 4.26758

13.3751 4.37988
13.3582 4.43604

13.3418 4.48956
13.3582 4.43604

13.5882 3.59375
13.5744 3.6499

13.5664 3.68223
13.5744 3.6499

13.341 4.49219
13.3236 4.54834

13.3236 4.54834
13.3059 4.60449

13.2856 4.66825
13.27 4.7168

13.3059 4.60449
13.2881 4.66064

13.2856 4.66826
13.2881 4.66064

13.2295 4.83997
13.2143 4.88525

13.2143 4.88525
13.1953 4.94141

13.27 4.7168
13.2517 4.77295

13.2517 4.77295
13.2331 4.8291

13.2295 4.83998
13.2331 4.8291

13.1733 5.00549
13.1566 5.05371

13.1953 4.94141
13.1761 4.99756

13.1733 5.0055
13.1761 4.99756

13.1566 5.05371
13.1369 5.10986

13.1172 5.16548
13.1369 5.10986

12.8926 5.75911
12.8828 5.78369

12.8828 5.78369
12.8601 5.83984

13.0049 5.47063
12.9926 5.50293

12.9926 5.50293
12.9711 5.55908

12.9711 5.55908
12.9494 5.61523

13.035 5.39062
13.0139 5.44678

13.0049 5.47064
13.0139 5.44678

12.9487 5.61686
12.9274 5.67139

12.9274 5.67139
12.9052 5.72754

12.9487 5.61688
12.9494 5.61523

12.8926 5.75912
12.9052 5.72754

12.7803 6.03347
12.7673 6.06445

12.8364 5.89798
12.8141 5.95215

12.8601 5.83984
12.8372 5.896

12.8364 5.89802
12.8373 5.896

12.8141 5.95215
12.7908 6.0083

12.7803 6.03349
12.7908 6.0083

12.7241 6.16597
12.7195 6.17676

12.7673 6.06445
12.7435 6.12061

12.7241 6.16599
12.7435 6.12061

12.7195 6.17676
12.6953 6.23291

12.6953 6.23291
12.6709 6.28906

12.668 6.29571
12.6462 6.34521

12.6462 6.34521
12.6214 6.40137

12.6118 6.42274
12.5963 6.45752

12.5963 6.45752
12.5709 6.51367

12.6118 6.42276
12.6214 6.40137

12.5557 6.54731
12.5454 6.56982

12.5454 6.56982
12.5197 6.62598

12.4995 6.66959
12.4937 6.68213

12.4937 6.68213
12.4675 6.73828

12.4995 6.66961
12.5197 6.62598

12.5557 6.54733
12.571 6.51367

12.4434 6.78961
12.4411 6.79443

12.4412 6.79443
12.4145 6.85059

12.3872 6.90779
12.3607 6.96289

12.4145 6.85059
12.3877 6.90674

12.3872 6.90784
12.3877 6.90674

12.3311 7.02389
12.306 7.0752

12.2749 7.13815
12.2504 7.1875

12.306 7.0752
12.2783 7.13135

12.2749 7.13819
12.2783 7.13135

12.3607 6.96289
12.3334 7.01904

12.3311 7.02393
12.3334 7.01904

12.4434 6.78975
12.4676 6.73828

12.668 6.29573
12.6709 6.28906

10.4219 10.2632
10.4132 10.2759

10.4133 10.2759
10.3748 10.332

10.085 10.7471
10.0607 10.7812

10.1411 10.6676
10.1402 10.6689

10.1973 10.5878
10.1797 10.6128

10.1411 10.6677
10.1797 10.6128

10.1402 10.6689
10.1005 10.7251

10.085 10.7471
10.1006 10.7251

10.3096 10.4265
10.2973 10.4443

10.2534 10.5074
10.2191 10.5566

10.2973 10.4443
10.2582 10.5005

10.2534 10.5074
10.2583 10.5005

10.3657 10.3452
10.3361 10.3882

10.3096 10.4266
10.3361 10.3882

10.3657 10.3452
10.3748 10.332

10.1973 10.5878
10.2191 10.5566

11.3203 8.87016
11.3192 8.87207

11.2642 8.96264
11.2509 8.98438

11.3192 8.87207
11.2852 8.92822

11.2642 8.96266
11.2852 8.92822

12.2188 7.25069
12.194 7.2998

12.1626 7.36158
12.1367 7.41211

12.194 7.2998
12.1655 7.35596

12.1626 7.36162
12.1655 7.35596

12.1064 7.4709
12.0787 7.52441

12.0503 7.57861
12.0493 7.58057

12.0493 7.58057
12.0198 7.63672

12.0503 7.57873
12.0787 7.52441

12.1367 7.41211
12.1078 7.46826

12.1064 7.47095
12.1078 7.46826

11.9941 7.68499
11.99 7.69287

11.99 7.69287
11.9601 7.74902

11.938 7.7901
11.9299 7.80518

11.9299 7.80518
11.8995 7.86133

11.938 7.79012
11.9601 7.74902

11.8818 7.89383
11.869 7.91748

11.869 7.91748
11.8382 7.97363

11.8257 7.99632
11.8072 8.02979

11.8072 8.02979
11.7761 8.08594

11.8257 7.99635
11.8382 7.97363

11.8818 7.89385
11.8995 7.86133

11.9941 7.68512
12.0198 7.63672

11.5449 8.49177
11.5196 8.53516

11.6572 8.2968
11.6494 8.31055

11.7134 8.19769
11.7131 8.19824

11.7695 8.09762
11.7447 8.14209

11.7134 8.1978
11.7447 8.14209

11.7131 8.19824
11.6814 8.25439

11.6572 8.29682
11.6814 8.25439

11.6011 8.39479
11.5849 8.42285

11.6494 8.31055
11.6173 8.3667

11.6011 8.39481
11.6173 8.3667

11.5849 8.42285
11.5524 8.479

11.5449 8.49181
11.5524 8.479

11.4326 8.68282
11.4203 8.70361

11.4203 8.70361
11.3868 8.75977

11.4888 8.5877
11.4867 8.59131

11.4867 8.59131
11.4536 8.64746

11.4888 8.5878
11.5196 8.53516

11.4326 8.68284
11.4536 8.64746

11.3765 8.77696
11.3531 8.81592

11.3203 8.87025
11.3531 8.81592

11.3765 8.77699
11.3868 8.75977

11.7695 8.09765
11.7761 8.08594

10.8711 9.58793
10.862 9.60205

10.862 9.60205
10.8256 9.6582

10.7588 9.76036
10.7521 9.77051

10.7026 9.84568
10.6781 9.88281

10.7522 9.77051
10.7152 9.82666

10.7026 9.84571
10.7152 9.82666

10.8149 9.67452
10.789 9.71436

10.7588 9.76045
10.789 9.71436

10.8149 9.67455
10.8256 9.6582

10.9834 9.41292
10.9702 9.43359

11.0957 9.23506
11.0769 9.26514

11.0769 9.26514
11.0415 9.32129

11.0396 9.32437
11.006 9.37744

10.9834 9.41295
11.006 9.37744

11.0396 9.32443
11.0415 9.32129

11.208 9.05423
11.1818 9.09668

11.1519 9.14497
11.147 9.15283

11.147 9.15283
11.112 9.20898

11.1519 9.14506
11.1818 9.09668

11.2509 8.98438
11.2165 9.04053

11.208 9.05427
11.2165 9.04053

11.0957 9.23509
11.1121 9.20898

10.9272 9.50079
10.8983 9.5459

10.9702 9.43359
10.9343 9.48975

10.9272 9.50084
10.9344 9.48975

10.8711 9.58802
10.8983 9.5459

10.5342 10.0979
10.5278 10.1074

10.6465 9.9303
10.6407 9.93896

10.6408 9.93896
10.6033 9.99512

10.5903 10.0144
10.5656 10.0513

10.5342 10.098
10.5656 10.0513

10.5903 10.0145
10.6033 9.99512

10.478 10.1809
10.4516 10.2197

10.5278 10.1074
10.4898 10.1636

10.478 10.1809
10.4898 10.1636

10.4219 10.2633
10.4516 10.2197

10.6465 9.93038
10.6781 9.88281

9.41113 11.6673
9.40177 11.6797

9.52344 11.5178
9.48633 11.5674

9.46729 11.5927
9.44414 11.6235

9.41113 11.6673
9.44416 11.6235

9.46729 11.5928
9.48635 11.5674

9.07422 12.1076
9.0577 12.1289

8.7373 12.5367
8.70435 12.5781

8.84961 12.3948
8.83789 12.4097

8.83792 12.4097
8.79354 12.4658

8.79346 12.4659
8.74902 12.522

8.7373 12.5367
8.74904 12.522

8.79346 12.466
8.79359 12.4658

8.90576 12.3235
8.88216 12.3535

8.96191 12.2518
8.92625 12.2974

8.90576 12.3235
8.92627 12.2974

9.01807 12.1798
9.01399 12.1851

9.01403 12.1851
8.97021 12.2412

9.01807 12.1799
9.05771 12.1289

8.96191 12.2519
8.97024 12.2412

8.84961 12.3949
8.88218 12.3535

9.24268 11.8889
9.2309 11.9043

9.29883 11.8154
9.27387 11.8481

9.24268 11.889
9.2739 11.8481

9.18652 11.9622
9.14461 12.0166

9.13037 12.035
9.10122 12.0728

9.07422 12.1076
9.10124 12.0728

9.13037 12.0351
9.14463 12.0166

9.23094 11.9043
9.18784 11.9604

9.18652 11.9622
9.18789 11.9604

9.35498 11.7415
9.31666 11.792

9.4018 11.6797
9.3593 11.7358

9.35498 11.7416
9.35934 11.7358

9.29883 11.8154
9.31668 11.792

9.74805 11.2143
9.73623 11.2305

9.9165 10.9826
9.89976 11.0059

9.97266 10.9045
9.94024 10.9497

9.9165 10.9827
9.94026 10.9497

9.86035 11.0602
9.85908 11.062

9.85912 11.062
9.81833 11.1182

9.8042 11.1375
9.77737 11.1743

9.74805 11.2144
9.7774 11.1743

9.8042 11.1376
9.81834 11.1182

9.86035 11.0603
9.89977 11.0059

9.57959 11.4425
9.57023 11.4551

9.63574 11.3668
9.61199 11.3989

9.57959 11.4426
9.61201 11.3989

9.69189 11.2908
9.65357 11.3428

9.73626 11.2305
9.69499 11.2866

9.69189 11.2909
9.69503 11.2866

9.63574 11.3669
9.65358 11.3428

9.57026 11.4551
9.52837 11.5112

9.52344 11.5179
9.52841 11.5112

10.0288 10.826
10.0207 10.8374

10.0207 10.8374
9.98055 10.8936

10.0288 10.8261
10.0607 10.7812

9.97266 10.9046
9.98058 10.8936

8.68115 12.6072
8.65955 12.6343

8.625 12.6775
8.65957 12.6343

8.68115 12.6072
8.70437 12.5781

12.2504 7.1875
12.2223 7.24365

12.2188 7.25073
12.2223 7.24365

-30.9062 64.109
-31.2673 64.6875

-27.3125 58.3657
-27.8985 59.2969

-27.8965 59.2969
-29.0226 61.0938

-29.1094 61.2327
-30.1454 62.8906

-30.9062 64.1123
-30.1438 62.8906

-29.1094 61.2439
-29.0155 61.0938

-32.7031 66.9923
-33.5049 68.2812

-31.2665 64.6875
-32.3862 66.4844

-32.7031 67.0001
-32.3823 66.4844

-34.5 69.8853
-33.5038 68.2812

-27.3125 58.3718
-26.7639 57.5

-77.625 141.553
-77.8597 141.953

-77.8591 141.953
-78.9102 143.75

-63.25 117.335
-64.001 118.594

-65.0469 120.348
-65.0721 120.391

-65.0721 120.391
-66.1429 122.188

-65.0469 120.348
-64.0004 118.594

-66.8438 123.363
-67.2137 123.984

-67.2134 123.984
-68.283 125.781

-68.6406 126.382
-69.3524 127.578

-69.3519 127.578
-70.4206 129.375

-68.6406 126.385
-68.2813 125.781

-66.8438 123.365
-66.1424 122.188

-74.0312 135.457
-74.6858 136.562

-72.2344 132.427
-72.5561 132.969

-70.4375 129.403
-71.4885 131.172

-72.2344 132.428
-71.4881 131.172

-72.5558 132.969
-73.6215 134.766

-74.0312 135.46
-73.6203 134.766

-75.8281 138.497
-76.8052 140.156

-74.6856 136.562
-75.7469 138.359

-75.8281 138.502
-75.7444 138.359

-77.625 141.554
-76.8049 140.156

-70.4375 129.409
-70.4175 129.375

-84.8125 153.68
-85.3368 154.531

-86.6094 156.559
-87.5947 158.125

-85.3369 154.531
-86.4596 156.328

-86.6094 156.568
-86.4583 156.328

-83.0156 150.728
-83.1405 150.938

-81.2188 147.698
-82.0693 149.141

-83.0156 150.729
-82.0675 149.141

-79.4219 144.626
-79.9602 145.547

-79.9592 145.547
-81.0117 147.344

-79.4219 144.628
-78.9088 143.75

-81.2188 147.699
-81.0092 147.344

-83.1403 150.938
-84.23 152.734

-84.8125 153.681
-84.2297 152.734

-88.4062 159.413
-88.7258 159.922

-88.727 159.922
-89.8452 161.719

-90.2031 162.301
-90.9533 163.516

-92 165.253
-90.9633 163.516

-90.2031 162.312
-89.8365 161.719

-88.4062 159.417
-87.5944 158.125

-61.8557 115
-62.9286 116.797

-63.25 117.339
-62.9265 116.797

