-37.8801 0
-37.8796 0.0561523

-37.8796 0.0561523
-37.8781 0.112305

-37.8781 0.112305
-37.8757 0.168457

-37.8757 0.168457
-37.8722 0.224609

-37.8722 0.224609
-37.8691 0.264251

-37.8691 0.264239
-37.8678 0.280762

-37.8678 0.280762
-37.8625 0.336914

-37.8625 0.336914
-37.8561 0.393066

-37.8561 0.393066
-37.8488 0.449219

-37.8488 0.449219
-37.8405 0.505371

-37.8405 0.505371
-37.8312 0.561523

-37.8312 0.561523
-37.8209 0.617676

-37.8209 0.617676
-37.813 0.65704

-37.813 0.657037
-37.8096 0.673828

-37.8096 0.673828
-37.7974 0.72998

-37.7974 0.72998
-37.7841 0.786133

-37.7841 0.786133
-37.7699 0.842285

-37.7699 0.842285
-37.7568 0.890193

-37.7568 0.890193
-37.7546 0.898438

-37.7546 0.898438
-37.7383 0.95459

-37.7383 0.95459
-37.721 1.01074

-37.721 1.01074
-37.7027 1.06689

-37.7027 1.06689
-37.7007 1.07274

-37.7007 1.07276
-37.6833 1.12305

-37.6833 1.12305
-37.6629 1.1792

-37.6629 1.1792
-37.6445 1.22732

-37.6445 1.22732
-37.6415 1.23535

-37.6415 1.23535
-37.6189 1.2915

-37.6189 1.2915
-37.5953 1.34766

-37.5953 1.34766
-37.5884 1.36336

-37.5884 1.36338
-37.5706 1.40381

-37.5706 1.40381
-37.5447 1.45996

-37.5448 1.45996
-37.5322 1.48604

-37.5322 1.48605
-37.5178 1.51611

-37.5178 1.51611
-37.4897 1.57227

-37.4897 1.57227
-37.4761 1.5984

-37.4761 1.5984
-37.4604 1.62842

-37.4604 1.62842
-37.43 1.68457

-37.43 1.68457
-37.4199 1.70243

-37.4199 1.70245
-37.3984 1.74072

-37.3984 1.74072
-37.3655 1.79688

-37.3655 1.79688
-37.3638 1.7997

-37.3638 1.79971
-37.3314 1.85303

-37.3314 1.85303
-37.3076 1.89078

-37.3076 1.89079
-37.296 1.90918

-37.296 1.90918
-37.2594 1.96533

-37.2594 1.96533
-37.2515 1.97702

-37.2515 1.97704
-37.2214 2.02148

-37.2214 2.02148
-37.1953 2.05876

-37.1953 2.05877
-37.1821 2.07764

-37.1821 2.07764
-37.1414 2.13379

-37.1414 2.13379
-37.1392 2.13679

-37.1392 2.1368
-37.0993 2.18994

-37.0993 2.18994
-37.083 2.21102

-37.083 2.21103
-37.0558 2.24609

-37.0558 2.24609
-37.0269 2.28227

-37.0269 2.28228
-37.0109 2.30225

-37.0109 2.30225
-36.9707 2.35077

-36.9707 2.35078
-36.9644 2.3584

-36.9644 2.3584
-36.9164 2.41455

-36.9164 2.41455
-36.9146 2.41664

-36.9146 2.41665
-36.8668 2.4707

-36.8668 2.4707
-36.8584 2.47997

-36.8584 2.47998
-36.8157 2.52686

-36.8157 2.52686
-36.8022 2.54115

-36.8022 2.54116
-36.7629 2.58301

-36.7629 2.58301
-36.7461 2.60033

-36.7461 2.60034
-36.7084 2.63916

-36.7084 2.63916
-36.6899 2.65762

-36.6899 2.65789
-36.6521 2.69531

-36.652 2.69531
-36.6338 2.71331

-36.6338 2.71337
-36.5941 2.75146

-36.594 2.75146
-36.5776 2.76718

-36.5776 2.76726
-36.5344 2.80762

-36.5342 2.80762
-36.5215 2.81951

-36.5215 2.8196
-36.4728 2.86377

-36.4726 2.86377
-36.4653 2.87038

-36.4653 2.8705
-36.4094 2.91992

-36.4092 2.92007
-36.353 2.96837

-36.353 2.96828
-36.3437 2.97607

-36.3438 2.97607
-36.2969 3.01546

-36.2969 3.01542
-36.2763 3.03223

-36.2764 3.03223
-36.2407 3.0614

-36.2407 3.0614
-36.207 3.08838

-36.2069 3.08838
-36.1846 3.10626

-36.1846 3.10627
-36.1356 3.14453

-36.1355 3.14453
-36.1284 3.15003

-36.1284 3.15013
-36.0723 3.19303

-36.0723 3.19297
-36.0619 3.20068

-36.062 3.20068
-36.0161 3.23499

-36.0161 3.23499
-35.9863 3.25684

-35.9862 3.25684
-35.96 3.27608

-35.96 3.27608
-35.9085 3.31299

-35.9084 3.31299
-35.9038 3.31626

-35.9038 3.31635
-35.8477 3.35583

-35.8477 3.35581
-35.8283 3.36914

-35.8283 3.36914
-35.7915 3.39454

-35.7915 3.39454
-35.7461 3.42529

-35.746 3.42529
-35.7354 3.43249

-35.7354 3.43254
-35.6792 3.46986

-35.6792 3.46984
-35.6614 3.48145

-35.6614 3.48145
-35.623 3.50651

-35.623 3.50652
-35.5746 3.5376

-35.5745 3.5376
-35.5669 3.54249

-35.5669 3.54255
-35.5107 3.578

-35.5107 3.578
-35.4854 3.59375

-35.4854 3.59375
-35.4546 3.61286

-35.4546 3.61287
-35.3984 3.64719

-35.3984 3.64715
-35.3939 3.6499

-35.3939 3.6499
-35.3423 3.68099

-35.3423 3.681
-35.3001 3.70605

-35.3 3.70605
-35.2861 3.71427

-35.2861 3.7143
-35.23 3.74714

-35.23 3.74714
-35.2039 3.76221

-35.2038 3.76221
-35.1738 3.77951

-35.1738 3.77952
-35.1177 3.81146

-35.1177 3.81145
-35.1054 3.81836

-35.1054 3.81836
-35.0615 3.84299

-35.0615 3.843
-35.0054 3.87414

-35.0054 3.8741
-35.0046 3.87451

-35.0047 3.87451
-34.9492 3.90488

-34.9492 3.9049
-34.9016 3.93066

-34.9015 3.93066
-34.8931 3.93524

-34.8931 3.93528
-34.8369 3.96534

-34.8369 3.96536
-34.7964 3.98682

-34.7963 3.98682
-34.7808 3.99505

-34.7808 3.99507
-34.7246 4.02449

-34.7246 4.02451
-34.689 4.04297

-34.6889 4.04297
-34.6685 4.0536

-34.6685 4.05361
-34.6123 4.08245

-34.6123 4.08247
-34.5796 4.09912

-34.5795 4.09912
-34.5562 4.11101

-34.5562 4.11102
-34.5 4.13935

-34.5 34.6823
-34.5084 34.7021

-34.5084 34.7021
-34.5321 34.7583

-34.5321 34.7583
-34.5558 34.8145

-34.6123 34.9483
-34.6269 34.9829

-34.6269 34.9829
-34.6505 35.0391

-34.5562 34.8152
-34.5795 34.8706

-34.5795 34.8706
-34.6032 34.9268

-34.5562 34.8153
-34.5558 34.8145

-34.6123 34.9484
-34.6032 34.9268

-34.9492 35.7455
-34.9834 35.8252

-34.9834 35.8252
-35.0317 35.9375

-34.7246 35.2152
-34.745 35.2637

-34.8369 35.482
-34.8396 35.4883

-34.7808 35.349
-34.7921 35.376

-34.7449 35.2637
-34.7685 35.3198

-34.7808 35.349
-34.7685 35.3198

-34.7921 35.376
-34.8158 35.4321

-34.8369 35.482
-34.8158 35.4321

-34.6685 35.0816
-34.6742 35.0952

-34.6742 35.0952
-34.6978 35.1514

-34.6685 35.0816
-34.6505 35.0391

-34.6978 35.1514
-34.7214 35.2075

-34.7246 35.2152
-34.7214 35.2075

-34.8396 35.4883
-34.8634 35.5444

-34.8634 35.5444
-34.8873 35.6006

-34.8931 35.614
-34.9113 35.6567

-34.9113 35.6567
-34.9353 35.7129

-34.8931 35.614
-34.8873 35.6006

-34.9492 35.7456
-34.9352 35.7129

-38.0938 42.9411
-38.1754 43.125

-36.2969 38.8655
-36.5866 39.5312

-35.3984 36.7924
-35.4172 36.8359

-35.4177 36.8359
-35.8048 37.7344

-35.1738 36.2681
-35.2246 36.3867

-35.0319 35.9375
-35.1284 36.1621

-35.1738 36.2684
-35.1283 36.1621

-35.3984 36.7922
-35.2242 36.3867

-36.2969 38.8718
-35.8019 37.7344

-36.5862 39.5312
-37.3772 41.3281

-38.0938 42.9425
-37.3769 41.3281

-41.6875 50.8591
-42.2673 52.1094

-42.2675 52.1094
-43.1087 53.9062

-43.4844 54.7014
-43.9581 55.7031

-43.9586 55.7031
-44.8169 57.5

-43.4844 54.7083
-43.1051 53.9062

-38.1753 43.125
-38.9798 44.9219

-38.9795 44.9219
-39.7903 46.7188

-39.8906 46.9381
-40.609 48.5156

-40.609 48.5156
-41.4341 50.3125

-39.8906 46.9511
-39.7848 46.7188

-41.6875 50.8684
-41.4297 50.3125

-66.8438 100.346
-66.9932 100.625

-65.0469 96.9822
-65.073 97.0312

-63.25 93.6025
-64.1164 95.2344

-65.0469 96.9824
-64.1162 95.2344

-65.073 97.0312
-66.0318 98.8281

-66.8438 100.346
-66.0316 98.8281

-70.4375 107.031
-70.859 107.812

-74.0312 113.666
-74.7563 115

-72.2344 110.355
-72.8038 111.406

-70.8589 107.812
-71.8302 109.609

-72.2344 110.359
-71.8283 109.609

-72.8039 111.406
-73.7794 113.203

-74.0312 113.67
-73.7772 113.203

-68.6406 103.695
-68.922 104.219

-66.9932 100.625
-67.9564 102.422

-68.6406 103.697
-67.9556 102.422

-68.922 104.219
-69.8895 106.016

-70.4375 107.034
-69.8883 106.016

-48.875 65.7821
-49.2249 66.4844

-49.2254 66.4844
-50.1263 68.2812

-50.6719 69.3638
-51.032 70.0781

-51.0324 70.0781
-51.9432 71.875

-50.6719 69.3676
-50.1241 68.2812

-56.0625 79.9002
-56.5593 80.8594

-56.5595 80.8594
-57.4937 82.6562

-57.8594 83.3572
-58.4311 84.4531

-58.4312 84.4531
-59.3718 86.25

-57.8594 83.3621
-57.4911 82.6562

-52.4688 72.9072
-52.8582 73.6719

-52.8585 73.6719
-53.778 75.4688

-54.2656 76.418
-54.7012 77.2656

-54.7014 77.2656
-55.6287 79.0625

-54.2656 76.422
-53.7757 75.4688

-52.4688 72.911
-51.9411 71.875

-56.0625 79.9046
-55.6263 79.0625

-45.2812 58.4638
-45.6831 59.2969

-45.6837 59.2969
-46.5585 61.0938

-47.0781 62.153
-47.4402 62.8906

-47.4409 62.8906
-48.33 64.6875

-47.0781 62.1574
-46.5559 61.0938

-45.2812 58.4691
-44.8138 57.5

-48.875 65.786
-48.3277 64.6875

-59.6562 86.7918
-60.3153 88.0469

-60.3153 88.0469
-61.2617 89.8438

-61.4531 90.2062
-62.2107 91.6406

-62.2106 91.6406
-63.1624 93.4375

-61.4531 90.2123
-61.2585 89.8438

-59.6562 86.7972
-59.3689 86.25

-63.25 93.6093
-63.1588 93.4375

-34.5 4.13936
-34.4682 4.15527

-34.4681 4.15527
-34.4438 4.16741

-34.4438 4.16742
-34.3877 4.19527

-34.3877 4.19529
-34.3549 4.21143

-34.3548 4.21143
-34.3315 4.22289

-34.3315 4.2229
-34.2754 4.25034

-34.2754 4.25036
-34.2399 4.26758

-34.2398 4.26758
-34.2192 4.27756

-34.2192 4.27757
-34.1631 4.30463

-34.1631 4.30466
-34.1233 4.32373

-34.1232 4.32373
-34.1069 4.3315

-34.1069 4.33152
-34.0508 4.35825

-34.0508 4.35828
-34.0051 4.37988

-34.005 4.37988
-33.9946 4.38482

-33.9946 4.38483
-33.9385 4.41128

-33.9385 4.41131
-33.8857 4.43604

-33.8856 4.43604
-33.8823 4.43758

-33.8823 4.43759
-33.8262 4.4638

-33.8262 4.46382
-33.77 4.48993

-33.77 4.48993
-33.7651 4.49219

-33.7651 4.49219
-33.7139 4.51589

-33.7139 4.51591
-33.6577 4.54182

-33.6577 4.54183
-33.6436 4.54834

-33.6435 4.54834
-33.6016 4.56763

-33.6016 4.56764
-33.5454 4.5934

-33.5454 4.59342
-33.5212 4.60449

-33.5211 4.60449
-33.4893 4.61908

-33.4893 4.61909
-33.4331 4.64474

-33.4331 4.64476
-33.3983 4.66064

-33.3982 4.66064
-33.377 4.67032

-33.377 4.67033
-33.3208 4.6959

-33.3208 4.69592
-33.2749 4.7168

-33.2748 4.7168
-33.2646 4.72142

-33.2646 4.72142
-33.2085 4.74694

-33.2085 4.74697
-33.1523 4.77247

-33.1523 4.77248
-33.1513 4.77295

-33.1512 4.77295
-33.0962 4.79794

-33.0962 4.79796
-33.04 4.82347

-33.04 4.82349
-33.0277 4.8291

-33.0276 4.8291
-32.9839 4.84897

-32.9839 4.84898
-32.9277 4.87452

-32.9277 4.87454
-32.9042 4.88525

-32.9041 4.88525
-32.8716 4.90007

-32.8716 4.90008
-32.8154 4.92569

-32.8154 4.92571
-32.7811 4.94141

-32.781 4.94141
-32.7593 4.95132

-32.7593 4.95132
-32.7031 4.97703

-32.7031 4.97705
-32.6584 4.99756

-32.6584 4.99756
-32.647 5.00278

-32.647 5.00278
-32.5908 5.02861

-32.5908 5.02864
-32.5365 5.05371

-32.5364 5.05371
-32.5347 5.05452

-32.5347 5.05451
-32.4785 5.0805

-32.4785 5.08052
-32.4224 5.10661

-32.4224 5.10663
-32.4154 5.10986

-32.4153 5.10986
-32.3662 5.13276

-32.3662 5.13277
-32.3101 5.15907

-32.3101 5.1591
-32.2953 5.16602

-32.2952 5.16602
-32.2539 5.18545

-32.2539 5.18546
-32.1978 5.212

-32.1978 5.21203
-32.1764 5.22217

-32.1763 5.22217
-32.1416 5.23865

-32.1416 5.23866
-32.0854 5.26547

-32.0854 5.2655
-32.0587 5.27832

-32.0587 5.27832
-32.0293 5.29242

-32.0293 5.29243
-31.9731 5.31956

-31.9731 5.31958
-31.9425 5.33447

-31.9424 5.33447
-31.917 5.34684

-31.917 5.34685
-31.8608 5.37433

-31.8608 5.37435
-31.8278 5.39062

-31.8277 5.39062
-31.8047 5.40198

-31.8047 5.40199
-31.7485 5.42986

-31.7485 5.42988
-31.7148 5.44678

-31.7147 5.44678
-31.6924 5.45793

-31.6924 5.45794
-31.6362 5.48624

-31.6362 5.48627
-31.6034 5.50293

-31.6034 5.50293
-31.5801 5.51477

-31.5801 5.51477
-31.5239 5.54356

-31.5239 5.54359
-31.494 5.55908

-31.4939 5.55908
-31.4678 5.57259

-31.4678 5.57259
-31.4116 5.6019

-31.4116 5.60194
-31.3864 5.61523

-31.3863 5.61523
-31.3555 5.63149

-31.3555 5.6315
-31.2993 5.66138

-31.2993 5.66142
-31.2808 5.67139

-31.2807 5.67139
-31.2432 5.69157

-31.2432 5.69159
-31.187 5.72211

-31.187 5.72216
-31.1772 5.72754

-31.1771 5.72754
-31.1309 5.75295

-31.1309 5.75298
-31.0756 5.78369

-31.0756 5.78369
-31.0747 5.7842

-31.0747 5.78417
-31.0186 5.81576

-31.0186 5.81578
-30.9763 5.83984

-30.9763 5.83984
-30.9624 5.84774

-30.9624 5.84773
-30.9062 5.88012

-30.9062 5.88015
-30.8791 5.896

-30.8791 5.896
-30.8501 5.91292

-30.8501 5.91293
-30.7939 5.94618

-30.7939 5.94624
-30.7841 5.95215

-30.784 5.95215
-30.7378 5.97988

-30.7378 5.9799
-30.6912 6.0083

-30.6912 6.0083
-30.6816 6.0141

-30.6816 6.01407
-30.6255 6.04878

-30.6255 6.04882
-30.6006 6.06445

-30.6005 6.06445
-30.5693 6.084

-30.5693 6.08402
-30.5132 6.1198

-30.5132 6.1199
-30.5121 6.12061

-30.5119 6.12061
-30.457 6.15614

-30.457 6.15617
-30.4258 6.17676

-30.4257 6.17676
-30.4009 6.1931

-30.4009 6.19312
-30.3447 6.23071

-30.3447 6.23081
-30.3416 6.23291

-30.3415 6.23291
-30.2886 6.26894

-30.2886 6.26897
-30.2596 6.28906

-30.2595 6.28906
-30.2324 6.30786

-30.2324 6.30789
-30.1796 6.34521

-30.1796 6.34521
-30.1763 6.34759

-30.1763 6.34752
-30.1201 6.38793

-30.1201 6.388
-30.1019 6.40137

-30.1018 6.40137
-30.064 6.42912

-30.064 6.42914
-30.026 6.45752

-30.026 6.45752
-30.0078 6.47115

-30.0078 6.47115
-29.9521 6.51367

-29.9522 6.51367
-29.9517 6.5141

-29.9517 6.514
-29.8955 6.55778

-29.8955 6.55786
-29.8805 6.56982

-29.8803 6.56982
-29.8394 6.60248

-29.8394 6.60254
-29.8106 6.62598

-29.8105 6.62598
-29.7832 6.64818

-29.7832 6.6482
-29.7424 6.68213

-29.7424 6.68213
-29.7271 6.69495

-29.7271 6.69493
-29.6761 6.73828

-29.6762 6.73828
-29.6709 6.7428

-29.6709 6.74273
-29.6147 6.79169

-29.6147 6.79187
-29.6119 6.79443

-29.6116 6.79443
-29.5586 6.84181

-29.5586 6.84196
-29.5492 6.85059

-29.549 6.85059
-29.5024 6.89318

-29.5024 6.89331
-29.4881 6.90674

-29.488 6.90674
-29.4463 6.94586

-29.4463 6.94598
-29.4287 6.96289

-29.4286 6.96289
-29.3901 6.99993

-29.3901 7.00005
-29.3709 7.01904

-29.3708 7.01904
-29.334 7.05551

-29.334 7.05567
-29.3144 7.0752

-29.3144 7.0752
-29.2778 7.11273

-29.2778 7.11272
-29.2597 7.13135

-29.2597 7.13135
-29.2217 7.17136

-29.2217 7.17135
-29.2063 7.1875

-29.2064 7.1875
-29.1655 7.23166

-29.1655 7.23165
-29.1544 7.24365

-29.1544 7.24365
-29.1094 7.29371

-29.1094 7.29369
-29.1039 7.2998

-29.1039 7.2998
-29.0547 7.35596

-29.0547 7.35596
-29.0532 7.35765

-29.0532 7.35765
-29.0067 7.41211

-29.0067 7.41211
-28.9971 7.42371

-28.9971 7.42373
-28.96 7.46826

-28.96 7.46826
-28.9409 7.49181

-28.9409 7.49185
-28.9145 7.52441

-28.9145 7.52441
-28.8848 7.56211

-28.8848 7.56212
-28.8702 7.58057

-28.8702 7.58057
-28.8286 7.63464

-28.8286 7.63462
-28.827 7.63672

-28.827 7.63672
-28.7849 7.69287

-28.7849 7.69287
-28.7725 7.7099

-28.7725 7.70995
-28.7439 7.74902

-28.7439 7.74902
-28.7163 7.78776

-28.7163 7.78778
-28.7039 7.80518

-28.7039 7.80518
-28.6649 7.86133

-28.6649 7.86133
-28.6602 7.86839

-28.6602 7.86841
-28.6269 7.91748

-28.6269 7.91748
-28.604 7.95222

-28.604 7.95226
-28.5899 7.97363

-28.5899 7.97363
-28.5538 8.02979

-28.5538 8.02979
-28.5479 8.0392

-28.5479 8.03922
-28.5185 8.08594

-28.5185 8.08594
-28.4917 8.12981

-28.4917 8.12983
-28.4842 8.14209

-28.4842 8.14209
-28.4507 8.19824

-28.4507 8.19824
-28.4355 8.22425

-28.4355 8.2243
-28.418 8.25439

-28.418 8.25439
-28.3862 8.31055

-28.3861 8.31055
-28.3794 8.32273

-28.3794 8.32279
-28.3551 8.3667

-28.3551 8.3667
-28.3248 8.42285

-28.3248 8.42285
-28.3232 8.42575

-28.3232 8.42577
-28.2952 8.479

-28.2952 8.479
-28.2671 8.53378

-28.2671 8.53379
-28.2664 8.53516

-28.2664 8.53516
-28.2383 8.59131

-28.2383 8.59131
-28.2109 8.64724

-28.2109 8.64725
-28.2108 8.64746

-28.2108 8.64746
-28.1841 8.70361

-28.1841 8.70361
-28.158 8.75977

-28.158 8.75977
-28.1548 8.76679

-28.1548 8.76686
-28.1326 8.81592

-28.1326 8.81592
-28.1078 8.87207

-28.1077 8.87207
-28.0986 8.89323

-28.0986 8.89331
-28.0836 8.92822

-28.0836 8.92822
-28.06 8.98438

-28.06 8.98438
-28.0425 9.02717

-28.0425 9.02725
-28.037 9.04053

-28.037 9.04053
-28.0147 9.09668

-28.0147 9.09668
-27.9928 9.15283

-27.9928 9.15283
-27.9863 9.16996

-27.9863 9.17005
-27.9716 9.20898

-27.9716 9.20898
-27.9509 9.26514

-27.9509 9.26514
-27.9307 9.32129

-27.9307 9.32129
-27.9302 9.32283

-27.9302 9.32293
-27.9111 9.37744

-27.9112 9.37744
-27.8921 9.43359

-27.8921 9.43359
-27.874 9.48816

-27.874 9.48824
-27.8735 9.48975

-27.8735 9.48975
-27.8555 9.5459

-27.8555 9.5459
-27.838 9.60205

-27.8379 9.60205
-27.8209 9.6582

-27.8209 9.6582
-27.8179 9.66842

-27.8179 9.66854
-27.8044 9.71436

-27.8044 9.71436
-27.7883 9.77051

-27.7883 9.77051
-27.7728 9.82666

-27.7728 9.82666
-27.7617 9.86778

-27.7617 9.86791
-27.7577 9.88281

-27.7577 9.88281
-27.7431 9.93896

-27.7431 9.93896
-27.729 9.99512

-27.7289 9.99512
-27.7153 10.0513

-27.7153 10.0513
-27.7056 10.0924

-27.7056 10.0925
-27.7021 10.1074

-27.702 10.1074
-27.6893 10.1636

-27.6893 10.1636
-27.6769 10.2197

-27.6769 10.2197
-27.6651 10.2759

-27.665 10.2759
-27.6536 10.332

-27.6536 10.332
-27.6494 10.3532

-27.6494 10.3534
-27.6426 10.3882

-27.6426 10.3882
-27.632 10.4443

-27.632 10.4443
-27.6218 10.5005

-27.6218 10.5005
-27.612 10.5566

-27.612 10.5566
-27.6027 10.6128

-27.6027 10.6128
-27.5937 10.6689

-27.5937 10.6689
-27.5933 10.6718

-27.5933 10.672
-27.5852 10.7251

-27.5852 10.7251
-27.577 10.7812

-27.577 10.7812
-27.5692 10.8374

-27.5692 10.8374
-27.5618 10.8936

-27.5618 10.8936
-27.5548 10.9497

-27.5548 10.9497
-27.5481 11.0059

-27.5481 11.0059
-27.5417 11.062

-27.5417 11.062
-27.5371 11.1053

-27.5371 11.1055
-27.5358 11.1182

-27.5357 11.1182
-27.5301 11.1743

-27.5301 11.1743
-27.5247 11.2305

-27.5247 11.2305
-27.5196 11.2866

-27.5196 11.2866
-27.5148 11.3428

-27.5148 11.3428
-27.5103 11.3989

-27.5103 11.3989
-27.506 11.4551

-27.506 11.4551
-27.5019 11.5112

-27.5019 11.5112
-27.4981 11.5674

-27.4981 11.5674
-27.4944 11.6235

-27.4944 11.6235
-27.4909 11.6797

-27.4909 11.6797
-27.4876 11.7358

-27.4876 11.7358
-27.4844 11.792

-27.4844 11.792
-27.4815 11.8481

-27.4814 11.8481
-27.481 11.8576

-27.481 11.8581
-27.4786 11.9043

-27.4786 11.9043
-27.476 11.9604

-27.476 11.9604
-27.4734 12.0166

-27.4734 12.0166
-27.4711 12.0728

-27.4711 12.0728
-27.4689 12.1289

-27.4689 12.1289
-27.4668 12.1851

-27.4668 12.1851
-27.4649 12.2412

-27.4649 12.2412
-27.4631 12.2974

-27.4631 12.2974
-27.4614 12.3535

-27.4614 12.3535
-27.4599 12.4097

-27.4599 12.4097
-27.4584 12.4658

-27.4584 12.4658
-27.4572 12.522

-27.4572 12.522
-27.456 12.5781

-27.456 12.5781
-27.455 12.6343

-27.455 12.6343
-27.4541 12.6904

-27.4541 12.6904
-27.4533 12.7466

-27.4533 12.7466
-27.4527 12.8027

-27.4527 12.8027
-27.4522 12.8589

-27.4522 12.8589
-27.4519 12.915

-27.4519 12.915
-27.4517 12.9712

-27.4517 12.9712
-27.4517 13.0273

-27.4517 13.0273
-27.4519 13.0835

-27.4519 13.0835
-27.4522 13.1396

-27.4522 13.1396
-27.4526 13.1958

-27.4526 13.1958
-27.4532 13.252

-27.4532 13.252
-27.4539 13.3081

-27.4539 13.3081
-27.4548 13.3643

-27.4548 13.3643
-27.4557 13.4204

-27.4557 13.4204
-27.4569 13.4766

-27.4569 13.4766
-27.4582 13.5327

-27.4582 13.5327
-27.4596 13.5889

-27.4596 13.5889
-27.4612 13.645

-27.4612 13.645
-27.463 13.7012

-27.463 13.7012
-27.465 13.7573

-27.465 13.7573
-27.4672 13.8135

-27.4672 13.8135
-27.4696 13.8696

-27.4696 13.8696
-27.4722 13.9258

-27.4722 13.9258
-27.475 13.9819

-27.475 13.9819
-27.478 14.0381

-27.481 14.09
-27.4812 14.0942

-27.4812 14.0942
-27.4846 14.1504

-27.481 14.0904
-27.478 14.0381

-27.4846 14.1504
-27.4881 14.2065

-27.4881 14.2065
-27.4919 14.2627

-27.4918 14.2627
-27.4958 14.3188

-27.4958 14.3188
-27.5 14.375

-27.5371 14.7745
-27.5425 14.8242

-27.5 14.375
-27.5044 14.4312

-27.5044 14.4312
-27.5091 14.4873

-27.5091 14.4873
-27.5141 14.5435

-27.5141 14.5435
-27.5193 14.5996

-27.5193 14.5996
-27.5248 14.6558

-27.5248 14.6558
-27.5305 14.7119

-27.5305 14.7119
-27.5364 14.7681

-27.5371 14.7747
-27.5364 14.7681

-27.5425 14.8242
-27.5488 14.8804

-27.5488 14.8804
-27.5553 14.9365

-27.5553 14.9365
-27.5619 14.9927

-27.5619 14.9927
-27.5687 15.0488

-27.5687 15.0488
-27.5757 15.105

-27.5757 15.105
-27.5828 15.1611

-27.5933 15.2404
-27.5977 15.2734

-27.5828 15.1611
-27.5902 15.2173

-27.5933 15.2405
-27.5902 15.2173

-27.5977 15.2734
-27.6053 15.3296

-27.6053 15.3296
-27.6131 15.3857

-27.6131 15.3857
-27.6211 15.4419

-27.6211 15.4419
-27.6292 15.498

-27.6494 15.6337
-27.6544 15.6665

-27.6544 15.6665
-27.6631 15.7227

-27.6292 15.498
-27.6374 15.5542

-27.6374 15.5542
-27.6458 15.6104

-27.6494 15.6338
-27.6458 15.6104

-27.6631 15.7227
-27.6719 15.7788

-27.6719 15.7788
-27.6809 15.835

-27.6809 15.835
-27.69 15.8911

-27.69 15.8911
-27.6992 15.9473

-27.7056 15.9852
-27.7086 16.0034

-27.7086 16.0034
-27.7181 16.0596

-27.7056 15.9853
-27.6992 15.9473

-27.7181 16.0596
-27.7277 16.1157

-27.7277 16.1157
-27.7375 16.1719

-27.7617 16.3069
-27.7678 16.3403

-27.7678 16.3403
-27.7782 16.3965

-27.7782 16.3965
-27.7887 16.4526

-27.7887 16.4526
-27.7993 16.5088

-27.8179 16.6052
-27.8209 16.6211

-27.7993 16.5088
-27.81 16.5649

-27.8179 16.6053
-27.81 16.5649

-27.8209 16.6211
-27.8319 16.6772

-27.8319 16.6772
-27.8431 16.7334

-27.8431 16.7334
-27.8543 16.7896

-27.8543 16.7896
-27.8657 16.8457

-27.874 16.8859
-27.8773 16.9019

-27.8773 16.9019
-27.889 16.958

-27.889 16.958
-27.9008 17.0142

-27.9008 17.0142
-27.9127 17.0703

-27.874 16.886
-27.8657 16.8457

-27.7375 16.1719
-27.7475 16.228

-27.7475 16.228
-27.7576 16.2842

-27.7617 16.307
-27.7576 16.2842

-27.9863 17.4046
-27.9869 17.4072

-27.9869 17.4072
-27.9997 17.4634

-27.9997 17.4634
-28.0127 17.5195

-27.9302 17.1514
-27.9369 17.1826

-27.9127 17.0703
-27.9248 17.1265

-27.9302 17.1515
-27.9247 17.1265

-27.9369 17.1826
-27.9492 17.2388

-27.9492 17.2388
-27.9617 17.2949

-27.9617 17.2949
-27.9742 17.3511

-27.9863 17.4047
-27.9742 17.3511

-28.0127 17.5195
-28.0258 17.5757

-28.0258 17.5757
-28.0391 17.6318

-28.0425 17.6462
-28.0525 17.688

-28.0525 17.688
-28.0661 17.7441

-28.0425 17.6462
-28.039 17.6318

-28.0986 17.8755
-28.108 17.9126

-28.108 17.9126
-28.1223 17.9688

-28.0661 17.7441
-28.0799 17.8003

-28.0799 17.8003
-28.0938 17.8564

-28.0986 17.8756
-28.0938 17.8564

-29.1094 20.9739
-29.1187 21.001

-29.1187 21.001
-29.1381 21.0571

-29.1381 21.0571
-29.1574 21.1133

-29.2217 21.3019
-29.2339 21.3379

-29.1655 21.1371
-29.1766 21.1694

-29.1766 21.1694
-29.1958 21.2256

-29.1655 21.1371
-29.1574 21.1133

-29.1958 21.2256
-29.2148 21.2817

-29.2217 21.3019
-29.2148 21.2817

-29.2339 21.3379
-29.2529 21.394

-29.2529 21.394
-29.2718 21.4502

-29.2778 21.4681
-29.2907 21.5063

-29.2907 21.5063
-29.3095 21.5625

-29.2778 21.4681
-29.2718 21.4502

-28.2109 18.3016
-28.2121 18.3057

-28.212 18.3057
-28.2276 18.3618

-28.2276 18.3618
-28.2434 18.418

-28.2671 18.5009
-28.2755 18.5303

-28.2434 18.418
-28.2594 18.4741

-28.2671 18.501
-28.2594 18.4741

-28.2755 18.5303
-28.2918 18.5864

-28.2918 18.5864
-28.3083 18.6426

-28.3232 18.6929
-28.325 18.6987

-28.325 18.6987
-28.3418 18.7549

-28.3418 18.7549
-28.3588 18.811

-28.3588 18.811
-28.376 18.8672

-28.3232 18.693
-28.3083 18.6426

-28.6602 19.7232
-28.6753 19.7656

-28.4355 19.0571
-28.4466 19.0918

-28.4466 19.0918
-28.4647 19.1479

-28.4647 19.1479
-28.483 19.2041

-28.4917 19.2305
-28.5015 19.2603

-28.5015 19.2603
-28.5201 19.3164

-28.4917 19.2305
-28.483 19.2041

-28.3794 18.8781
-28.3934 18.9233

-28.3934 18.9233
-28.411 18.9795

-28.3794 18.8782
-28.376 18.8672

-28.411 18.9795
-28.4287 19.0356

-28.4355 19.0571
-28.4287 19.0356

-28.5479 19.3989
-28.5579 19.4287

-28.5579 19.4287
-28.577 19.4849

-28.577 19.4849
-28.5963 19.541

-28.5201 19.3164
-28.5389 19.3726

-28.5479 19.399
-28.5389 19.3726

-28.604 19.5631
-28.6158 19.5972

-28.6158 19.5972
-28.6355 19.6533

-28.604 19.5631
-28.5963 19.541

-28.6355 19.6533
-28.6553 19.7095

-28.6602 19.7232
-28.6553 19.7095

-28.1223 17.9688
-28.1368 18.0249

-28.1368 18.0249
-28.1515 18.0811

-28.1548 18.0936
-28.1663 18.1372

-28.1663 18.1372
-28.1814 18.1934

-28.1548 18.0937
-28.1514 18.0811

-28.1814 18.1934
-28.1966 18.2495

-28.2109 18.3016
-28.1966 18.2495

-28.6753 19.7656
-28.6954 19.8218

-28.6954 19.8218
-28.7157 19.8779

-28.7163 19.8796
-28.7361 19.9341

-28.7361 19.9341
-28.7566 19.9902

-28.7163 19.8796
-28.7157 19.8779

-28.7725 20.0334
-28.7772 20.0464

-28.7772 20.0464
-28.7978 20.1025

-28.8286 20.1867
-28.8389 20.2148

-28.7978 20.1025
-28.8184 20.1587

-28.8286 20.1867
-28.8184 20.1587

-28.7725 20.0335
-28.7566 19.9902

-28.8848 20.3407
-28.9002 20.3833

-28.9002 20.3833
-28.9205 20.4395

-28.9971 20.6535
-29.0008 20.6641

-28.9409 20.4962
-28.9608 20.5518

-28.9205 20.4395
-28.9407 20.4956

-28.9409 20.4963
-28.9407 20.4956

-28.9608 20.5518
-28.9809 20.6079

-28.9971 20.6535
-28.9809 20.6079

-28.8389 20.2148
-28.8594 20.271

-28.8594 20.271
-28.8798 20.3271

-28.8848 20.3407
-28.8798 20.3271

-29.0008 20.6641
-29.0207 20.7202

-29.0207 20.7202
-29.0405 20.7764

-29.0532 20.8127
-29.0602 20.8325

-29.0602 20.8325
-29.0798 20.8887

-29.0532 20.8127
-29.0405 20.7764

-29.0798 20.8887
-29.0993 20.9448

-29.1094 20.974
-29.0993 20.9448

-30.9062 25.877
-30.9097 25.8862

-30.9097 25.8862
-30.931 25.9424

-30.9624 26.0253
-30.9736 26.0547

-30.931 25.9424
-30.9522 25.9985

-30.9624 26.0253
-30.9522 25.9985

-31.1309 26.4654
-31.1457 26.5039

-31.0186 26.1728
-31.0378 26.2231

-31.0378 26.2231
-31.0593 26.2793

-30.9736 26.0547
-30.9949 26.1108

-30.9949 26.1108
-31.0163 26.167

-31.0186 26.1729
-31.0163 26.167

-31.0747 26.3196
-31.0808 26.3354

-31.0808 26.3354
-31.1024 26.3916

-31.0747 26.3196
-31.0593 26.2793

-31.1024 26.3916
-31.124 26.4478

-31.1309 26.4654
-31.124 26.4478

-31.187 26.6103
-31.1893 26.6162

-31.1457 26.5039
-31.1675 26.5601

-31.187 26.6103
-31.1675 26.5601

-31.1893 26.6162
-31.2112 26.6724

-31.2112 26.6724
-31.2331 26.7285

-31.2432 26.7543
-31.2551 26.7847

-31.255 26.7847
-31.2771 26.8408

-31.2993 26.8974
-31.3213 26.9531

-31.2771 26.8408
-31.2991 26.897

-31.2993 26.8974
-31.2991 26.897

-31.2432 26.7543
-31.2331 26.7285

-31.8047 28.1509
-31.82 28.1885

-31.8608 28.2888
-31.8657 28.3008

-31.82 28.1885
-31.8429 28.2446

-31.8608 28.2889
-31.8429 28.2446

-32.0293 28.7053
-32.0473 28.75

-31.917 28.4273
-31.934 28.4692

-31.934 28.4692
-31.9567 28.5254

-31.8657 28.3008
-31.8885 28.3569

-31.8885 28.3569
-31.9112 28.4131

-31.917 28.4273
-31.9112 28.4131

-31.9731 28.5661
-31.9794 28.5815

-31.9794 28.5815
-32.002 28.6377

-31.9731 28.5661
-31.9567 28.5254

-32.002 28.6377
-32.0247 28.6938

-32.0293 28.7053
-32.0247 28.6938

-31.3555 27.0397
-31.3656 27.0654

-31.3656 27.0654
-31.3879 27.1216

-31.3879 27.1216
-31.4101 27.1777

-31.4678 27.3226
-31.4772 27.3462

-31.4772 27.3462
-31.4996 27.4023

-31.4116 27.1815
-31.4324 27.2339

-31.4324 27.2339
-31.4548 27.29

-31.4116 27.1815
-31.4101 27.1777

-31.4678 27.3226
-31.4548 27.29

-31.5801 27.6018
-31.5903 27.627

-31.5903 27.627
-31.6131 27.6831

-31.6132 27.6831
-31.6361 27.7393

-31.6362 27.7396
-31.6591 27.7954

-31.6591 27.7954
-31.6821 27.8516

-31.6362 27.7396
-31.6361 27.7393

-31.5239 27.4629
-31.5448 27.5146

-31.4996 27.4023
-31.5222 27.4585

-31.5239 27.4629
-31.5222 27.4585

-31.5448 27.5146
-31.5675 27.5708

-31.5801 27.6018
-31.5675 27.5708

-31.3213 26.9531
-31.3434 27.0093

-31.3555 27.0398
-31.3434 27.0093

-31.6924 27.8766
-31.7052 27.9077

-31.7052 27.9077
-31.7282 27.9639

-31.7485 28.0135
-31.7512 28.02

-31.7512 28.02
-31.7742 28.0762

-31.7485 28.0135
-31.7282 27.9639

-31.6924 27.8766
-31.6821 27.8516

-31.7742 28.0762
-31.7971 28.1323

-31.8047 28.1509
-31.7971 28.1323

-29.5586 22.3099
-29.5718 22.3486

-29.5718 22.3486
-29.5911 22.4048

-29.5911 22.4048
-29.6106 22.4609

-29.334 21.6357
-29.347 21.6748

-29.347 21.6748
-29.3656 21.731

-29.3656 21.731
-29.3842 21.7871

-29.4463 21.9752
-29.4584 22.0117

-29.3901 21.8051
-29.4027 21.8433

-29.4027 21.8433
-29.4213 21.8994

-29.3901 21.8051
-29.3842 21.7871

-29.4213 21.8994
-29.4398 21.9556

-29.4463 21.9753
-29.4398 21.9556

-29.3095 21.5625
-29.3283 21.6187

-29.334 21.6358
-29.3283 21.6187

-29.4584 22.0117
-29.477 22.0679

-29.477 22.0679
-29.4957 22.124

-29.5024 22.144
-29.5146 22.1802

-29.5146 22.1802
-29.5335 22.2363

-29.5024 22.144
-29.4957 22.124

-29.5335 22.2363
-29.5526 22.2925

-29.5586 22.31
-29.5526 22.2925

-29.6709 22.6329
-29.6896 22.6855

-29.6147 22.4728
-29.6302 22.5171

-29.6302 22.5171
-29.6498 22.5732

-29.6147 22.4729
-29.6106 22.4609

-29.6498 22.5732
-29.6697 22.6294

-29.6709 22.6329
-29.6697 22.6294

-29.7271 22.79
-29.7299 22.7979

-29.6896 22.6855
-29.7097 22.7417

-29.7271 22.7901
-29.7097 22.7417

-29.7299 22.7979
-29.7502 22.854

-29.7502 22.854
-29.7706 22.9102

-29.7832 22.9445
-29.7912 22.9663

-29.7912 22.9663
-29.8119 23.0225

-29.8394 23.0965
-29.8536 23.1348

-29.8119 23.0225
-29.8327 23.0786

-29.8394 23.0965
-29.8327 23.0786

-29.8955 23.2461
-29.8959 23.2471

-29.8958 23.2471
-29.9171 23.3032

-29.9171 23.3032
-29.9386 23.3594

-29.8536 23.1348
-29.8747 23.1909

-29.8955 23.2462
-29.8747 23.1909

-29.7832 22.9445
-29.7706 22.9102

-30.0078 23.539
-30.0253 23.584

-30.064 23.6827
-30.0693 23.6963

-30.0253 23.584
-30.0473 23.6401

-30.064 23.6827
-30.0473 23.6401

-30.0693 23.6963
-30.0914 23.7524

-30.0914 23.7524
-30.1135 23.8086

-30.2324 24.1099
-30.2464 24.1455

-30.2886 24.253
-30.2905 24.2578

-30.2464 24.1455
-30.2685 24.2017

-30.2886 24.253
-30.2685 24.2017

-30.1201 23.8252
-30.1357 23.8647

-30.1357 23.8647
-30.1579 23.9209

-30.1763 23.9674
-30.1801 23.9771

-30.1801 23.9771
-30.2022 24.0332

-30.1763 23.9674
-30.1579 23.9209

-30.1201 23.8252
-30.1135 23.8086

-30.2022 24.0332
-30.2243 24.0894

-30.2324 24.1099
-30.2243 24.0894

-30.457 24.6872
-30.4647 24.707

-30.4647 24.707
-30.4862 24.7632

-30.4862 24.7632
-30.5077 24.8193

-30.5132 24.8336
-30.5292 24.8755

-30.5292 24.8755
-30.5506 24.9316

-30.5132 24.8337
-30.5077 24.8193

-30.5693 24.9809
-30.572 24.9878

-30.5719 24.9878
-30.5933 25.0439

-30.6255 25.129
-30.6358 25.1562

-30.5933 25.0439
-30.6145 25.1001

-30.6255 25.1291
-30.6145 25.1001

-30.5693 24.9809
-30.5506 24.9316

-30.3447 24.3969
-30.3562 24.4263

-30.3562 24.4263
-30.378 24.4824

-30.2905 24.2578
-30.3124 24.314

-30.3124 24.314
-30.3343 24.3701

-30.3447 24.3969
-30.3343 24.3701

-30.4009 24.5416
-30.4214 24.5947

-30.378 24.4824
-30.3997 24.5386

-30.4009 24.5416
-30.3997 24.5386

-30.4214 24.5947
-30.4431 24.6509

-30.457 24.6872
-30.4431 24.6509

-29.9517 23.3936
-29.9601 23.4155

-29.9601 23.4155
-29.9817 23.4717

-29.9517 23.3936
-29.9386 23.3594

-29.9817 23.4717
-30.0035 23.5278

-30.0078 23.539
-30.0035 23.5278

-30.6816 25.2781
-30.6991 25.3247

-30.6991 25.3247
-30.7202 25.3809

-30.7939 25.5782
-30.8042 25.6055

-30.7378 25.4279
-30.7412 25.437

-30.7412 25.437
-30.7622 25.4932

-30.7378 25.428
-30.7202 25.3809

-30.7622 25.4932
-30.7832 25.5493

-30.7939 25.5782
-30.7831 25.5493

-30.6358 25.1562
-30.6569 25.2124

-30.6569 25.2124
-30.6781 25.2686

-30.6816 25.2781
-30.6781 25.2686

-30.8042 25.6055
-30.8252 25.6616

-30.8252 25.6616
-30.8463 25.7178

-30.8501 25.728
-30.8674 25.7739

-30.8674 25.7739
-30.8885 25.8301

-30.8501 25.728
-30.8463 25.7178

-30.9062 25.877
-30.8885 25.8301

-32.7031 30.3807
-32.7251 30.4346

-32.7593 30.5185
-32.7709 30.5469

-32.7251 30.4346
-32.748 30.4907

-32.7593 30.5185
-32.7479 30.4907

-32.9277 30.9296
-32.932 30.9399

-32.932 30.9399
-32.9551 30.9961

-32.8154 30.6559
-32.8168 30.6592

-32.8168 30.6592
-32.8397 30.7153

-32.8397 30.7153
-32.8628 30.7715

-32.7709 30.5469
-32.7938 30.603

-32.8154 30.6559
-32.7938 30.603

-32.8716 30.793
-32.8858 30.8276

-32.8858 30.8276
-32.9089 30.8838

-32.8716 30.793
-32.8628 30.7715

-32.9277 30.9296
-32.9089 30.8838

-33.04 31.201
-33.0482 31.2207

-32.9839 31.0656
-33.0016 31.1084

-32.9551 30.9961
-32.9783 31.0522

-32.9839 31.0656
-32.9783 31.0522

-33.0016 31.1084
-33.0249 31.1646

-33.04 31.201
-33.0249 31.1646

-33.0482 31.2207
-33.0716 31.2769

-33.0716 31.2769
-33.095 31.333

-33.0962 31.3358
-33.1185 31.3892

-33.1185 31.3892
-33.1419 31.4453

-33.0962 31.3359
-33.095 31.333

-33.1523 31.4702
-33.1654 31.5015

-33.1654 31.5015
-33.189 31.5576

-33.2085 31.6041
-33.2125 31.6138

-33.2125 31.6138
-33.2361 31.6699

-33.2085 31.6042
-33.189 31.5576

-33.2646 31.7379
-33.2833 31.7822

-33.3208 31.8715
-33.3305 31.8945

-33.2833 31.7822
-33.3069 31.8384

-33.3208 31.8715
-33.3069 31.8384

-33.2361 31.6699
-33.2597 31.7261

-33.2646 31.7379
-33.2597 31.7261

-33.377 32.005
-33.3777 32.0068

-33.3777 32.0068
-33.4013 32.063

-33.4013 32.063
-33.4249 32.1191

-33.4893 32.2724
-33.4957 32.2876

-33.4956 32.2876
-33.5192 32.3438

-33.4331 32.1386
-33.4485 32.1753

-33.4485 32.1753
-33.4721 32.2314

-33.4331 32.1386
-33.4249 32.1191

-33.4893 32.2724
-33.4721 32.2314

-33.3305 31.8945
-33.3541 31.9507

-33.377 32.005
-33.3541 31.9507

-33.1523 31.4702
-33.1419 31.4453

-32.2539 29.2657
-32.2722 29.3115

-32.3101 29.4063
-32.3171 29.4238

-32.2722 29.3115
-32.2946 29.3677

-32.3101 29.4063
-32.2946 29.3677

-32.3662 29.5466
-32.3845 29.5923

-32.3845 29.5923
-32.407 29.6484

-32.3171 29.4238
-32.3395 29.48

-32.3395 29.48
-32.362 29.5361

-32.3662 29.5466
-32.362 29.5361

-32.0854 28.8447
-32.0925 28.8623

-32.0473 28.75
-32.0699 28.8062

-32.0854 28.8447
-32.0699 28.8062

-32.0925 28.8623
-32.1151 28.9185

-32.1151 28.9185
-32.1376 28.9746

-32.1416 28.9847
-32.1601 29.0308

-32.1601 29.0308
-32.1825 29.0869

-32.1978 29.1251
-32.2049 29.1431

-32.2049 29.1431
-32.2274 29.1992

-32.1978 29.1251
-32.1825 29.0869

-32.1416 28.9847
-32.1376 28.9746

-32.2274 29.1992
-32.2498 29.2554

-32.2539 29.2657
-32.2498 29.2554

-32.4785 29.8261
-32.4974 29.873

-32.5347 29.9653
-32.5428 29.9854

-32.4974 29.873
-32.5201 29.9292

-32.5347 29.9653
-32.5201 29.9292

-32.5428 29.9854
-32.5655 30.0415

-32.5655 30.0415
-32.5882 30.0977

-32.4224 29.6866
-32.4296 29.7046

-32.4296 29.7046
-32.4522 29.7607

-32.4224 29.6866
-32.407 29.6484

-32.4522 29.7607
-32.4748 29.8169

-32.4785 29.8261
-32.4748 29.8169

-32.5908 30.1041
-32.611 30.1538

-32.611 30.1538
-32.6337 30.21

-32.647 30.2425
-32.6565 30.2661

-32.6565 30.2661
-32.6794 30.3223

-32.647 30.2426
-32.6337 30.21

-32.5908 30.1041
-32.5882 30.0977

-32.6794 30.3223
-32.7022 30.3784

-32.7031 30.3807
-32.7022 30.3784

-33.6016 32.5407
-33.6131 32.5684

-33.6577 32.6753
-33.66 32.6807

-33.6131 32.5684
-33.6365 32.6245

-33.6577 32.6753
-33.6365 32.6245

-33.66 32.6807
-33.6833 32.7368

-33.6833 32.7368
-33.7067 32.793

-33.8262 33.0802
-33.8469 33.1299

-33.8823 33.2148
-33.8938 33.2422

-33.8469 33.1299
-33.8703 33.186

-33.8823 33.2148
-33.8703 33.186

-33.7139 32.8102
-33.7301 32.8491

-33.7301 32.8491
-33.7534 32.9053

-33.77 32.9452
-33.7768 32.9614

-33.7768 32.9614
-33.8001 33.0176

-33.77 32.9452
-33.7534 32.9053

-33.7139 32.8102
-33.7067 32.793

-33.8001 33.0176
-33.8235 33.0737

-33.8262 33.0802
-33.8235 33.0737

-34.0508 33.6163
-34.0588 33.6353

-34.0588 33.6353
-34.0824 33.6914

-34.1631 33.8832
-34.1769 33.916

-34.1069 33.7498
-34.1296 33.8037

-34.0824 33.6914
-34.106 33.7476

-34.1069 33.7498
-34.106 33.7476

-34.1296 33.8037
-34.1533 33.8599

-34.1631 33.8832
-34.1533 33.8599

-34.2192 34.0167
-34.2241 34.0283

-34.1769 33.916
-34.2005 33.9722

-34.2192 34.0167
-34.2005 33.9722

-34.2241 34.0283
-34.2478 34.0845

-34.2478 34.0845
-34.2714 34.1406

-33.9385 33.3489
-33.9408 33.3545

-33.9408 33.3545
-33.9644 33.4106

-33.9644 33.4106
-33.9879 33.4668

-33.8938 33.2422
-33.9173 33.2983

-33.9385 33.3489
-33.9173 33.2983

-33.9946 33.4827
-34.0115 33.5229

-34.0115 33.5229
-34.0351 33.5791

-33.9946 33.4827
-33.9879 33.4668

-34.0508 33.6163
-34.0351 33.5791

-33.5454 32.4064
-33.5662 32.4561

-33.5192 32.3438
-33.5427 32.3999

-33.5454 32.4064
-33.5427 32.3999

-33.5662 32.4561
-33.5897 32.5122

-33.6016 32.5407
-33.5897 32.5122

-34.2754 34.1502
-34.295 34.1968

-34.295 34.1968
-34.3186 34.2529

-34.3315 34.2835
-34.3423 34.3091

-34.3423 34.3091
-34.366 34.3652

-34.3315 34.2835
-34.3186 34.2529

-34.3877 34.4165
-34.3897 34.4214

-34.3897 34.4214
-34.4135 34.4775

-34.4438 34.5494
-34.461 34.5898

-34.4135 34.4775
-34.4372 34.5337

-34.4438 34.5494
-34.4372 34.5337

-34.3877 34.4166
-34.366 34.3652

-34.2754 34.1502
-34.2714 34.1406

-34.461 34.5898
-34.4847 34.646

-34.5 34.6823
-34.4847 34.646

-77.625 120.252
-77.7011 120.391

-77.7006 120.391
-78.6849 122.188

-81.2188 126.788
-81.6536 127.578

-81.6516 127.578
-82.643 129.375

-79.4219 123.528
-79.673 123.984

-79.6739 123.984
-80.6645 125.781

-79.4219 123.53
-78.6836 122.188

-81.2188 126.788
-80.6647 125.781

-86.6094 136.514
-86.6368 136.562

-84.8125 133.281
-85.6323 134.766

-86.6094 136.518
-85.6249 134.766

-88.4062 139.651
-88.6964 140.156

-90.2031 142.669
-90.8775 143.75

-88.6883 140.156
-89.7472 141.953

-90.2031 142.739
-89.7127 141.953

-86.6422 136.562
-87.6679 138.359

-88.4062 139.65
-87.6654 138.359

-83.0156 130.043
-83.6429 131.172

-83.646 131.172
-84.6434 132.969

-83.0156 130.052
-82.6395 129.375

-84.8125 133.276
-84.6428 132.969

-75.8281 116.966
-76.7174 118.594

-74.7559 115
-75.7353 116.797

-75.8281 116.972
-75.7323 116.797

-77.625 120.252
-76.7178 118.594

-92 145.482
-90.8803 143.75

-92 145.59
-91.974 145.547

