-51.5699 0
-51.5694 0.0561523

-51.5694 0.0561523
-51.568 0.112305

-51.568 0.112305
-51.5657 0.168457

-51.5657 0.168457
-51.5624 0.224609

-51.5624 0.224609
-51.5583 0.280762

-51.5583 0.280762
-51.5531 0.336914

-51.5531 0.336914
-51.5471 0.393066

-51.5471 0.393066
-51.5401 0.449219

-51.5401 0.449219
-51.5322 0.505371

-51.5322 0.505371
-51.5233 0.561523

-51.5233 0.561523
-51.5142 0.6136

-51.5142 0.613597
-51.5134 0.617676

-51.5134 0.617676
-51.5027 0.673828

-51.5027 0.673828
-51.4909 0.72998

-51.4909 0.72998
-51.4782 0.786133

-51.4782 0.786133
-51.4645 0.842285

-51.4645 0.842285
-51.458 0.867308

-51.458 0.867307
-51.4499 0.898438

-51.4499 0.898438
-51.4342 0.95459

-51.4342 0.95459
-51.4176 1.01074

-51.4176 1.01074
-51.4019 1.06091

-51.4019 1.06091
-51.4 1.06689

-51.4 1.06689
-51.3813 1.12305

-51.3813 1.12305
-51.3617 1.1792

-51.3617 1.1792
-51.3457 1.22253

-51.3457 1.22253
-51.341 1.23535

-51.341 1.23535
-51.3192 1.2915

-51.3192 1.2915
-51.2964 1.34766

-51.2964 1.34766
-51.2896 1.36388

-51.2896 1.36389
-51.2726 1.40381

-51.2726 1.40381
-51.2476 1.45996

-51.2476 1.45996
-51.2334 1.49066

-51.2334 1.49067
-51.2216 1.51611

-51.2216 1.51611
-51.1944 1.57227

-51.1944 1.57227
-51.1772 1.60637

-51.1772 1.60637
-51.1661 1.62842

-51.1661 1.62842
-51.1367 1.68457

-51.1367 1.68457
-51.1211 1.71316

-51.1211 1.71317
-51.1061 1.74072

-51.1061 1.74072
-51.0742 1.79688

-51.0742 1.79688
-51.0649 1.81269

-51.0649 1.8127
-51.0412 1.85303

-51.0412 1.85303
-51.0088 1.90614

-51.0088 1.90614
-51.0069 1.90918

-51.0069 1.90918
-50.9714 1.96533

-50.9714 1.96533
-50.9526 1.99392

-50.9526 1.99393
-50.9346 2.02148

-50.9346 2.02148
-50.8965 2.07749

-50.8965 2.07749
-50.8964 2.07764

-50.8964 2.07764
-50.8569 2.13379

-50.8569 2.13379
-50.8403 2.15649

-50.8403 2.1565
-50.816 2.18994

-50.816 2.18994
-50.7842 2.23211

-50.7842 2.23211
-50.7736 2.24609

-50.7736 2.24609
-50.7298 2.30225

-50.7299 2.30225
-50.728 2.30451

-50.728 2.30452
-50.6846 2.3584

-50.6846 2.3584
-50.6719 2.37362

-50.6719 2.37363
-50.6377 2.41455

-50.6378 2.41455
-50.6157 2.44011

-50.6157 2.44011
-50.5893 2.4707

-50.5894 2.4707
-50.5596 2.50413

-50.5596 2.50413
-50.5393 2.52686

-50.5393 2.52686
-50.5034 2.56584

-50.5034 2.56585
-50.4876 2.58301

-50.4876 2.58301
-50.4473 2.62541

-50.4473 2.62542
-50.4342 2.63916

-50.4342 2.63916
-50.3911 2.68296

-50.3911 2.68297
-50.379 2.69531

-50.3789 2.69531
-50.335 2.73884

-50.335 2.73872
-50.3217 2.75146

-50.3218 2.75146
-50.2788 2.7927

-50.2788 2.79261
-50.2627 2.80762

-50.2628 2.80762
-50.2227 2.84497

-50.2227 2.84491
-50.2018 2.86377

-50.2018 2.86377
-50.1665 2.89565

-50.1665 2.89564
-50.1388 2.91992

-50.1388 2.91992
-50.1104 2.94489

-50.1104 2.94489
-50.0738 2.97607

-50.0737 2.97607
-50.0542 2.99271

-50.0542 2.99275
-50.0066 3.03223

-50.0064 3.03223
-49.998 3.03918

-49.998 3.0393
-49.9419 3.08462

-49.9419 3.0845
-49.937 3.08838

-49.9371 3.08838
-49.8857 3.12873

-49.8857 3.12869
-49.8651 3.14453

-49.8651 3.14453
-49.8296 3.17171

-49.8296 3.17171
-49.7908 3.20068

-49.7907 3.20068
-49.7734 3.21358

-49.7734 3.21363
-49.7173 3.25452

-49.7173 3.25442
-49.7139 3.25684

-49.714 3.25684
-49.6611 3.29441

-49.6611 3.2944
-49.6344 3.31299

-49.6344 3.31299
-49.605 3.33337

-49.605 3.33337
-49.5522 3.36914

-49.5521 3.36914
-49.5488 3.37133

-49.5488 3.37143
-49.4927 3.40864

-49.4927 3.40863
-49.467 3.42529

-49.4669 3.42529
-49.4365 3.445

-49.4365 3.44501
-49.3804 3.48059

-49.3804 3.4805
-49.3788 3.48145

-49.379 3.48145
-49.3242 3.51539

-49.3242 3.51539
-49.2876 3.5376

-49.2876 3.5376
-49.2681 3.54944

-49.2681 3.54946
-49.2119 3.58283

-49.2119 3.58281
-49.1931 3.59375

-49.1931 3.59375
-49.1558 3.6155

-49.1558 3.61551
-49.0996 3.64754

-49.0996 3.64748
-49.0953 3.6499

-49.0954 3.6499
-49.0435 3.67891

-49.0435 3.67892
-48.994 3.70605

-48.9938 3.70605
-48.9873 3.70962

-48.9873 3.70969
-48.9312 3.73988

-48.9312 3.73989
-48.8888 3.76221

-48.8887 3.76221
-48.875 3.76945

-48.875 3.76949
-48.8188 3.79856

-48.8188 3.79857
-48.7799 3.81836

-48.7798 3.81836
-48.7627 3.82706

-48.7627 3.82709
-48.7065 3.85511

-48.7065 3.85512
-48.667 3.87451

-48.6669 3.87451
-48.6504 3.8826

-48.6504 3.88263
-48.5942 3.90968

-48.5942 3.90969
-48.5499 3.93066

-48.5498 3.93066
-48.5381 3.93622

-48.5381 3.93625
-48.4819 3.96239

-48.4819 3.9624
-48.4286 3.98682

-48.4284 3.98682
-48.4258 3.98802

-48.4258 3.98807
-48.3696 4.01336

-48.3696 4.01337
-48.3135 4.03825

-48.3135 4.03823
-48.3026 4.04297

-48.3026 4.04297
-48.2573 4.06271

-48.2573 4.06272
-48.2012 4.08682

-48.2012 4.08683
-48.1721 4.09912

-48.172 4.09912
-48.145 4.11054

-48.145 4.11055
-48.0889 4.13393

-48.0889 4.13395
-48.0369 4.15527

-48.0367 4.15527
-48.0327 4.15692

-48.0327 4.15696
-47.9766 4.17967

-47.9766 4.17968
-47.9204 4.20207

-47.9204 4.20207
-47.8966 4.21143

-47.8966 4.21143
-47.8643 4.22413

-47.8643 4.22413
-47.8081 4.24592

-47.8081 4.24593
-47.752 4.26742

-47.752 4.26739
-47.7514 4.26758

-47.7515 4.26758
-47.6958 4.2886

-47.6958 4.28861
-47.6396 4.30956

-47.6396 4.30957
-47.6012 4.32373

-47.6011 4.32373
-47.5835 4.3302

-47.5835 4.33022
-47.5273 4.35065

-47.5273 4.35066
-47.4712 4.37086

-47.4712 4.37086
-47.4458 4.37988

-47.4457 4.37988
-47.415 4.39078

-47.415 4.39078
-47.3589 4.41051

-47.3589 4.41053
-47.3027 4.43004

-47.3027 4.43004
-47.2853 4.43604

-47.2852 4.43604
-47.2466 4.44931

-47.2466 4.44931
-47.1904 4.46842

-47.1904 4.46844
-47.1343 4.48734

-47.1343 4.48734
-47.1197 4.49219

-47.1197 4.49219
-47.0781 4.50603

-47.0781 4.50603
-47.022 4.52458

-47.022 4.5246
-46.9658 4.54297

-46.9658 4.54296
-46.9492 4.54834

-46.9492 4.54834
-46.9097 4.56113

-46.9097 4.56113
-46.8535 4.57918

-46.8535 4.5792
-46.7974 4.5971

-46.7974 4.5971
-46.774 4.60449

-46.7739 4.60449
-46.7412 4.6148

-46.7412 4.6148
-46.6851 4.63242

-46.6851 4.63244
-46.6289 4.64993

-46.6289 4.64993
-46.5942 4.66064

-46.5941 4.66064
-46.5728 4.66723

-46.5728 4.66723
-46.5166 4.68446

-46.5166 4.68447
-46.4604 4.7016

-46.4604 4.70161
-46.4103 4.7168

-46.4101 4.7168
-46.4043 4.71856

-46.4043 4.71858
-46.3481 4.73546

-46.3481 4.73546
-46.292 4.75228

-46.292 4.7523
-46.2358 4.769

-46.2358 4.769
-46.2225 4.77295

-46.2224 4.77295
-46.1797 4.78558

-46.1797 4.78558
-46.1235 4.80212

-46.1235 4.80214
-46.0674 4.81861

-46.0674 4.81862
-46.0314 4.8291

-46.0313 4.8291
-46.0112 4.83495

-46.0112 4.83496
-45.9551 4.85126

-45.9551 4.85127
-45.8989 4.86755

-45.8989 4.86756
-45.8428 4.88375

-45.8428 4.88375
-45.8375 4.88525

-45.8374 4.88525
-45.7866 4.89984

-45.7866 4.89984
-45.7305 4.91594

-45.7305 4.91596
-45.6743 4.93202

-45.6743 4.93203
-45.6414 4.94141

-45.6413 4.94141
-45.6182 4.94798

-45.6182 4.94798
-45.562 4.96394

-45.562 4.96395
-45.5059 4.97991

-45.5059 4.97992
-45.4497 4.99582

-45.4497 4.99582
-45.4436 4.99756

-45.4435 4.99756
-45.3936 5.01166

-45.3936 5.01165
-45.3374 5.02753

-45.3374 5.02755
-45.2812 5.04341

-45.2812 5.04341
-45.2447 5.05371

-45.2446 5.05371
-45.2251 5.0592

-45.2251 5.0592
-45.1689 5.07501

-45.1689 5.07502
-45.1128 5.09086

-45.1128 5.09087
-45.0566 5.10669

-45.0566 5.10669
-45.0454 5.10986

-45.0453 5.10986
-45.0005 5.12247

-45.0005 5.12246
-44.9443 5.1383

-44.9443 5.13831
-44.8882 5.15417

-44.8882 5.15418
-44.8462 5.16602

-44.8461 5.16602
-44.832 5.16998

-44.832 5.16998
-44.7759 5.18584

-44.7759 5.18584
-44.7197 5.20175

-44.7197 5.20177
-44.6636 5.21768

-44.6636 5.21769
-44.6478 5.22217

-44.6477 5.22217
-44.6074 5.23358

-44.6074 5.23357
-44.5513 5.24955

-44.5513 5.24957
-44.4951 5.26559

-44.4951 5.2656
-44.4506 5.27832

-44.4505 5.27832
-44.439 5.28161

-44.439 5.28161
-44.3828 5.29768

-44.3828 5.29768
-44.3267 5.31383

-44.3267 5.31384
-44.2705 5.33003

-44.2705 5.33003
-44.2551 5.33447

-44.255 5.33447
-44.2144 5.34622

-44.2144 5.34621
-44.1582 5.36251

-44.1582 5.36253
-44.1021 5.37889

-44.1021 5.3789
-44.0619 5.39062

-44.0618 5.39062
-44.0459 5.39526

-44.0459 5.39526
-43.9897 5.41172

-43.9897 5.41173
-43.9336 5.42829

-43.9336 5.4283
-43.8774 5.44492

-43.8774 5.44493
-43.8712 5.44678

-43.8711 5.44678
-43.8213 5.46157

-43.8213 5.46157
-43.7651 5.47835

-43.7651 5.47837
-43.709 5.49523

-43.709 5.49524
-43.6835 5.50293

-43.6834 5.50293
-43.6528 5.51213

-43.6528 5.51213
-43.5967 5.52916

-43.5967 5.52917
-43.5405 5.54631

-43.5405 5.54632
-43.4989 5.55908

-43.4988 5.55908
-43.4844 5.56351

-43.4844 5.5635
-43.4282 5.58081

-43.4282 5.58082
-43.3721 5.59826

-43.3721 5.59827
-43.3177 5.61523

-43.3177 5.61523
-43.3159 5.61579

-43.3159 5.61577
-43.2598 5.6334

-43.2598 5.6334
-43.2036 5.65118

-43.2036 5.6512
-43.1475 5.66907

-43.1475 5.66909
-43.1403 5.67139

-43.1402 5.67139
-43.0913 5.68703

-43.0913 5.68703
-43.0352 5.70517

-43.0352 5.70518
-42.979 5.72344

-42.979 5.72346
-42.9665 5.72754

-42.9664 5.72754
-42.9229 5.7418

-42.9229 5.74179
-42.8667 5.76033

-42.8667 5.76035
-42.8105 5.77902

-42.8105 5.77904
-42.7966 5.78369

-42.7965 5.78369
-42.7544 5.7978

-42.7544 5.7978
-42.6982 5.81677

-42.6982 5.81679
-42.6421 5.83591

-42.6421 5.83593
-42.6307 5.83984

-42.6306 5.83984
-42.5859 5.85515

-42.5859 5.85515
-42.5298 5.87459

-42.5298 5.87461
-42.4736 5.89422

-42.4736 5.89424
-42.4686 5.896

-42.4685 5.896
-42.4175 5.91396

-42.4175 5.91396
-42.3613 5.93392

-42.3613 5.93394
-42.3105 5.95215

-42.3105 5.95215
-42.3052 5.95405

-42.3052 5.95403
-42.249 5.97433

-42.249 5.97435
-42.1929 5.99486

-42.1929 5.99487
-42.1564 6.0083

-42.1564 6.0083
-42.1367 6.01553

-42.1367 6.01552
-42.0806 6.03641

-42.0806 6.03644
-42.0244 6.05754

-42.0244 6.05756
-42.0062 6.06445

-42.0061 6.06445
-41.9683 6.0788

-41.9683 6.07881
-41.9121 6.10032

-41.9121 6.10035
-41.8597 6.12061

-41.8597 6.12061
-41.856 6.12206

-41.856 6.12204
-41.7998 6.14398

-41.7998 6.14399
-41.7437 6.16618

-41.7437 6.1662
-41.7172 6.17676

-41.7171 6.17676
-41.6875 6.18857

-41.6875 6.18856
-41.6313 6.21122

-41.6313 6.21124
-41.5782 6.23291

-41.5782 6.23291
-41.5752 6.23412

-41.5752 6.2341
-41.519 6.25722

-41.519 6.25724
-41.4629 6.28063

-41.4629 6.28066
-41.4429 6.28906

-41.4428 6.28906
-41.4067 6.30426

-41.4067 6.30426
-41.3506 6.32818

-41.3506 6.32819
-41.3111 6.34521

-41.311 6.34521
-41.2944 6.35236

-41.2944 6.35234
-41.2383 6.3768

-41.2383 6.37683
-41.1826 6.40137

-41.1826 6.40137
-41.1821 6.40157

-41.1821 6.40154
-41.126 6.42656

-41.126 6.42658
-41.0698 6.4519

-41.0698 6.45194
-41.0576 6.45752

-41.0575 6.45752
-41.0137 6.4775

-41.0137 6.47751
-40.9575 6.50344

-40.9575 6.50347
-40.9357 6.51367

-40.9356 6.51367
-40.9014 6.52967

-40.9014 6.52967
-40.8452 6.55623

-40.8452 6.55626
-40.8169 6.56982

-40.8168 6.56982
-40.7891 6.58311

-40.7891 6.58311
-40.7329 6.61033

-40.7329 6.61036
-40.7011 6.62598

-40.701 6.62598
-40.6768 6.63788

-40.6768 6.63789
-40.6206 6.66579

-40.6206 6.66582
-40.5882 6.68213

-40.5881 6.68213
-40.5645 6.69404

-40.5645 6.69405
-40.5083 6.72267

-40.5083 6.7227
-40.4781 6.73828

-40.478 6.73828
-40.4521 6.75165

-40.4521 6.75165
-40.396 6.78102

-40.396 6.78105
-40.3707 6.79443

-40.3707 6.79443
-40.3398 6.81076

-40.3398 6.81077
-40.2837 6.84091

-40.2837 6.84095
-40.266 6.85059

-40.2659 6.85059
-40.2275 6.87144

-40.2275 6.87146
-40.1714 6.90241

-40.1714 6.90247
-40.1637 6.90674

-40.1636 6.90674
-40.1152 6.93376

-40.1152 6.93379
-40.0638 6.96289

-40.0638 6.96289
-40.0591 6.96559

-40.0591 6.96556
-40.0029 6.99778

-40.0029 6.9978
-39.9664 7.01904

-39.9664 7.01904
-39.9468 7.03046

-39.9468 7.03045
-39.8906 7.06358

-39.8906 7.06362
-39.8713 7.0752

-39.8712 7.0752
-39.8345 7.09716

-39.8345 7.09718
-39.7783 7.13123

-39.7781 7.13135
-39.7222 7.16576

-39.7222 7.16578
-39.6874 7.1875

-39.6873 7.1875
-39.666 7.20079

-39.666 7.20079
-39.6099 7.23633

-39.6099 7.23639
-39.5986 7.24365

-39.5984 7.24365
-39.5537 7.27237

-39.5537 7.2724
-39.5116 7.2998

-39.5116 7.2998
-39.4976 7.30897

-39.4976 7.30895
-39.4414 7.34606

-39.4414 7.34612
-39.4267 7.35596

-39.4266 7.35596
-39.3853 7.38372

-39.3853 7.38374
-39.3436 7.41211

-39.3436 7.41211
-39.3291 7.42196

-39.3291 7.42195
-39.2729 7.46075

-39.2729 7.46082
-39.2623 7.46826

-39.2622 7.46826
-39.2168 7.50013

-39.2168 7.50016
-39.1827 7.52441

-39.1827 7.52441
-39.1606 7.54011

-39.1606 7.54013
-39.1047 7.58057

-39.1048 7.58057
-39.1045 7.58078

-39.1045 7.58071
-39.0483 7.62195

-39.0483 7.622
-39.0286 7.63672

-39.0285 7.63672
-38.9922 7.66382

-38.9922 7.66384
-38.9539 7.69287

-38.9539 7.69287
-38.936 7.70638

-38.936 7.70638
-38.8806 7.74902

-38.8807 7.74902
-38.8799 7.74966

-38.8799 7.74959
-38.8237 7.7935

-38.8237 7.79357
-38.8091 7.80518

-38.809 7.80518
-38.7676 7.83812

-38.7676 7.83817
-38.7389 7.86133

-38.7389 7.86133
-38.7114 7.88349

-38.7114 7.88351
-38.6701 7.91748

-38.6701 7.91748
-38.6553 7.92963

-38.6553 7.92962
-38.6026 7.97363

-38.6026 7.97363
-38.5991 7.97657

-38.5991 7.97651
-38.543 8.0242

-38.543 8.02432
-38.5366 8.02979

-38.5365 8.02979
-38.4868 8.0727

-38.4868 8.07279
-38.4719 8.08594

-38.4717 8.08594
-38.4307 8.12205

-38.4307 8.12212
-38.4083 8.14209

-38.4083 8.14209
-38.3745 8.17228

-38.3745 8.17233
-38.3461 8.19824

-38.346 8.19824
-38.3184 8.2234

-38.3184 8.22344
-38.285 8.25439

-38.2849 8.25439
-38.2622 8.27545

-38.2622 8.27547
-38.2251 8.31055

-38.225 8.31055
-38.2061 8.32847

-38.2061 8.32846
-38.1663 8.3667

-38.1663 8.3667
-38.1499 8.38248

-38.1499 8.38246
-38.1087 8.42285

-38.1087 8.42285
-38.0938 8.4375

-38.0938 8.43746
-38.0521 8.479

-38.0521 8.479
-38.0376 8.49365

-38.0376 8.49366
-37.9966 8.53516

-37.9966 8.53516
-37.9814 8.55081

-37.9814 8.55083
-37.9422 8.59131

-37.9422 8.59131
-37.9253 8.60911

-37.9253 8.60912
-37.8888 8.64746

-37.8888 8.64746
-37.8691 8.66855

-37.8691 8.66858
-37.8364 8.70361

-37.8364 8.70361
-37.813 8.7292

-37.813 8.72923
-37.785 8.75977

-37.785 8.75977
-37.7568 8.79112

-37.7568 8.79113
-37.7346 8.81592

-37.7346 8.81592
-37.7007 8.8543

-37.7007 8.8543
-37.685 8.87207

-37.685 8.87207
-37.6445 8.91878

-37.6445 8.91877
-37.6363 8.92822

-37.6364 8.92822
-37.5886 8.98438

-37.5886 8.98438
-37.5884 8.98462

-37.5884 8.98462
-37.5417 9.04053

-37.5417 9.04053
-37.5322 9.05204

-37.5322 9.05206
-37.4956 9.09668

-37.4956 9.09668
-37.4761 9.12088

-37.4761 9.12091
-37.4503 9.15283

-37.4503 9.15283
-37.4199 9.19125

-37.4199 9.19126
-37.4059 9.20898

-37.4059 9.20898
-37.3638 9.26308

-37.3638 9.26307
-37.3622 9.26514

-37.3622 9.26514
-37.3192 9.32129

-37.3192 9.32129
-37.3076 9.33669

-37.3076 9.33672
-37.277 9.37744

-37.277 9.37744
-37.2515 9.41196

-37.2515 9.41198
-37.2355 9.43359

-37.2355 9.43359
-37.1953 9.48884

-37.1953 9.48883
-37.1946 9.48975

-37.1947 9.48975
-37.1545 9.5459

-37.1545 9.5459
-37.1392 9.56766

-37.1392 9.5677
-37.115 9.60205

-37.115 9.60205
-37.083 9.64825

-37.083 9.64825
-37.0761 9.6582

-37.0761 9.6582
-37.0379 9.71436

-37.0379 9.71436
-37.0269 9.73076

-37.0269 9.73081
-37.0002 9.77051

-37.0002 9.77051
-36.9707 9.81526

-36.9707 9.81527
-36.9632 9.82666

-36.9632 9.82666
-36.9267 9.88281

-36.9267 9.88281
-36.9146 9.9018

-36.9146 9.90184
-36.8908 9.93896

-36.8908 9.93896
-36.8584 9.99043

-36.8584 9.99043
-36.8554 9.99512

-36.8555 9.99512
-36.8206 10.0513

-36.8206 10.0513
-36.8022 10.0813

-36.8022 10.0814
-36.7863 10.1074

-36.7863 10.1074
-36.7526 10.1636

-36.7526 10.1636
-36.7461 10.1745

-36.7461 10.1745
-36.7193 10.2197

-36.7193 10.2197
-36.6899 10.2701

-36.6899 10.2701
-36.6866 10.2759

-36.6866 10.2759
-36.6543 10.332

-36.6543 10.332
-36.6338 10.3683

-36.6338 10.3683
-36.6225 10.3882

-36.6225 10.3882
-36.5912 10.4443

-36.5912 10.4443
-36.5776 10.469

-36.5776 10.4691
-36.5604 10.5005

-36.5604 10.5005
-36.53 10.5566

-36.53 10.5566
-36.5215 10.5726

-36.5215 10.5727
-36.5001 10.6128

-36.5001 10.6128
-36.4706 10.6689

-36.4706 10.6689
-36.4653 10.6792

-36.4653 10.6792
-36.4416 10.7251

-36.4416 10.7251
-36.413 10.7812

-36.413 10.7812
-36.4092 10.7889

-36.4092 10.7889
-36.3849 10.8374

-36.3849 10.8374
-36.3571 10.8936

-36.3571 10.8936
-36.353 10.902

-36.353 10.902
-36.3298 10.9497

-36.3298 10.9497
-36.303 11.0059

-36.3029 11.0059
-36.2969 11.0187

-36.2969 11.0188
-36.2765 11.062

-36.2765 11.062
-36.2504 11.1182

-36.2504 11.1182
-36.2407 11.1394

-36.2407 11.1394
-36.2248 11.1743

-36.2248 11.1743
-36.1995 11.2305

-36.1995 11.2305
-36.1846 11.2642

-36.1846 11.2643
-36.1747 11.2866

-36.1747 11.2866
-36.1502 11.3428

-36.1502 11.3428
-36.1284 11.3937

-36.1284 11.3937
-36.1262 11.3989

-36.1262 11.3989
-36.1025 11.4551

-36.1025 11.4551
-36.0792 11.5112

-36.0792 11.5112
-36.0723 11.5283

-36.0723 11.5283
-36.0563 11.5674

-36.0564 11.5674
-36.0338 11.6235

-36.0338 11.6235
-36.0161 11.6685

-36.0161 11.6685
-36.0117 11.6797

-36.0117 11.6797
-35.99 11.7358

-35.99 11.7358
-35.9686 11.792

-35.9686 11.792
-35.96 11.815

-35.96 11.815
-35.9476 11.8481

-35.9476 11.8481
-35.9269 11.9043

-35.9269 11.9043
-35.9067 11.9604

-35.9066 11.9604
-35.9038 11.9684

-35.9038 11.9685
-35.8868 12.0166

-35.8868 12.0166
-35.8672 12.0728

-35.8672 12.0728
-35.848 12.1289

-35.848 12.1289
-35.8477 12.1298

-35.8477 12.1299
-35.8292 12.1851

-35.8292 12.1851
-35.8107 12.2412

-35.8107 12.2412
-35.7925 12.2974

-35.7925 12.2974
-35.7915 12.3004

-35.7915 12.3005
-35.7747 12.3535

-35.7747 12.3535
-35.7572 12.4097

-35.7572 12.4097
-35.7401 12.4658

-35.7401 12.4658
-35.7354 12.4816

-35.7354 12.4817
-35.7233 12.522

-35.7233 12.522
-35.7068 12.5781

-35.7068 12.5781
-35.6906 12.6343

-35.6906 12.6343
-35.6792 12.6748

-35.6792 12.6749
-35.6748 12.6904

-35.6748 12.6904
-35.6593 12.7466

-35.6593 12.7466
-35.6441 12.8027

-35.6441 12.8027
-35.6292 12.8589

-35.6292 12.8589
-35.623 12.8826

-35.623 12.8827
-35.6147 12.915

-35.6146 12.915
-35.6004 12.9712

-35.6004 12.9712
-35.5864 13.0273

-35.5864 13.0273
-35.5727 13.0835

-35.5727 13.0835
-35.5669 13.1081

-35.5669 13.1082
-35.5594 13.1396

-35.5594 13.1396
-35.5463 13.1958

-35.5463 13.1958
-35.5336 13.252

-35.5336 13.252
-35.5211 13.3081

-35.5211 13.3081
-35.5107 13.3559

-35.5107 13.356
-35.5089 13.3643

-35.5089 13.3643
-35.4971 13.4204

-35.4971 13.4204
-35.4855 13.4766

-35.4855 13.4766
-35.4742 13.5327

-35.4741 13.5327
-35.4631 13.5889

-35.4631 13.5889
-35.4546 13.6335

-35.4546 13.6336
-35.4524 13.645

-35.4524 13.645
-35.4419 13.7012

-35.4419 13.7012
-35.4318 13.7573

-35.4318 13.7573
-35.4219 13.8135

-35.4219 13.8135
-35.4123 13.8696

-35.4123 13.8696
-35.4029 13.9258

-35.4029 13.9258
-35.3984 13.9537

-35.3984 13.9538
-35.3939 13.9819

-35.3939 13.9819
-35.3851 14.0381

-35.3851 14.0381
-35.3766 14.0942

-35.3766 14.0942
-35.3684 14.1504

-35.3684 14.1504
-35.3604 14.2065

-35.3604 14.2065
-35.3527 14.2627

-35.3527 14.2627
-35.3453 14.3188

-35.3453 14.3188
-35.3423 14.3425

-35.3423 14.3427
-35.3382 14.375

-35.3382 14.375
-35.3313 14.4312

-35.3313 14.4312
-35.3247 14.4873

-35.3247 14.4873
-35.3183 14.5435

-35.3183 14.5435
-35.3123 14.5996

-35.3123 14.5996
-35.3064 14.6558

-35.3064 14.6558
-35.3009 14.7119

-35.3009 14.7119
-35.2956 14.7681

-35.2956 14.7681
-35.2906 14.8242

-35.2906 14.8242
-35.2861 14.8774

-35.2861 14.8776
-35.2859 14.8804

-35.2859 14.8804
-35.2814 14.9365

-35.2814 14.9365
-35.2772 14.9927

-35.2772 14.9927
-35.2732 15.0488

-35.2732 15.0488
-35.2696 15.105

-35.2696 15.105
-35.2661 15.1611

-35.2661 15.1611
-35.263 15.2173

-35.263 15.2173
-35.2601 15.2734

-35.2601 15.2734
-35.2575 15.3296

-35.2575 15.3296
-35.2551 15.3857

-35.2551 15.3857
-35.253 15.4419

-35.253 15.4419
-35.2511 15.498

-35.2511 15.498
-35.2495 15.5542

-35.2495 15.5542
-35.2482 15.6104

-35.2482 15.6104
-35.2471 15.6665

-35.2471 15.6665
-35.2463 15.7227

-35.2463 15.7227
-35.2457 15.7788

-35.2457 15.7788
-35.2454 15.835

-35.2454 15.835
-35.2453 15.8911

-35.2453 15.8911
-35.2455 15.9473

-35.2455 15.9473
-35.2459 16.0034

-35.2459 16.0034
-35.2465 16.0596

-35.2465 16.0596
-35.2474 16.1157

-35.2474 16.1157
-35.2485 16.1719

-35.2485 16.1719
-35.2499 16.228

-35.2499 16.228
-35.2515 16.2842

-35.2515 16.2842
-35.2533 16.3403

-35.2533 16.3403
-35.2554 16.3965

-35.2554 16.3965
-35.2576 16.4526

-35.2576 16.4526
-35.2601 16.5088

-35.2601 16.5088
-35.2628 16.5649

-35.2628 16.5649
-35.2657 16.6211

-35.2657 16.6211
-35.2689 16.6772

-35.2689 16.6772
-35.2722 16.7334

-35.2722 16.7334
-35.2757 16.7896

-35.2757 16.7896
-35.2794 16.8457

-35.2861 16.9401
-35.2874 16.958

-35.2874 16.958
-35.2917 17.0142

-35.2917 17.0142
-35.2961 17.0703

-35.2794 16.8457
-35.2833 16.9019

-35.2861 16.9404
-35.2833 16.9019

-35.2961 17.0703
-35.3007 17.1265

-35.3007 17.1265
-35.3055 17.1826

-35.3055 17.1826
-35.3104 17.2388

-35.3104 17.2388
-35.3154 17.2949

-35.3154 17.2949
-35.3206 17.3511

-35.3206 17.3511
-35.326 17.4072

-35.326 17.4072
-35.3314 17.4634

-35.3314 17.4634
-35.337 17.5195

-35.3423 17.5711
-35.3428 17.5757

-35.3427 17.5757
-35.3486 17.6318

-35.3423 17.5712
-35.337 17.5195

-35.3486 17.6318
-35.3545 17.688

-35.3545 17.688
-35.3605 17.7441

-35.3605 17.7441
-35.3667 17.8003

-35.3667 17.8003
-35.3729 17.8564

-35.3729 17.8564
-35.3793 17.9126

-35.3793 17.9126
-35.3857 17.9688

-35.3984 18.0777
-35.3988 18.0811

-35.3988 18.0811
-35.4055 18.1372

-35.4055 18.1372
-35.4123 18.1934

-35.4123 18.1934
-35.4191 18.2495

-35.4191 18.2495
-35.4261 18.3057

-35.4261 18.3057
-35.4331 18.3618

-35.4331 18.3618
-35.4402 18.418

-35.4402 18.418
-35.4473 18.4741

-35.4473 18.4741
-35.4546 18.5303

-35.4546 18.5305
-35.4619 18.5864

-35.4619 18.5864
-35.4693 18.6426

-35.4546 18.5306
-35.4545 18.5303

-35.4693 18.6426
-35.4767 18.6987

-35.4767 18.6987
-35.4843 18.7549

-35.4843 18.7549
-35.4919 18.811

-35.4919 18.811
-35.4996 18.8672

-35.5107 18.9476
-35.5152 18.9795

-35.5152 18.9795
-35.5231 19.0356

-35.5231 19.0356
-35.5311 19.0918

-35.4996 18.8672
-35.5073 18.9233

-35.5107 18.9477
-35.5073 18.9233

-35.5311 19.0918
-35.5392 19.1479

-35.5392 19.1479
-35.5474 19.2041

-35.5474 19.2041
-35.5557 19.2603

-35.5557 19.2603
-35.564 19.3164

-35.623 19.6956
-35.6253 19.7095

-35.6253 19.7095
-35.6344 19.7656

-35.5669 19.3353
-35.5725 19.3726

-35.5725 19.3726
-35.581 19.4287

-35.5669 19.3354
-35.564 19.3164

-35.581 19.4287
-35.5897 19.4849

-35.5897 19.4849
-35.5984 19.541

-35.5984 19.541
-35.6073 19.5972

-35.6073 19.5972
-35.6162 19.6533

-35.623 19.6957
-35.6162 19.6533

-35.3857 17.9688
-35.3922 18.0249

-35.3984 18.0778
-35.3922 18.0249

-35.6344 19.7656
-35.6437 19.8218

-35.6437 19.8218
-35.653 19.8779

-35.653 19.8779
-35.6625 19.9341

-35.6625 19.9341
-35.6721 19.9902

-35.6792 20.0315
-35.6818 20.0464

-35.6818 20.0464
-35.6915 20.1025

-35.6792 20.0316
-35.6721 19.9902

-35.6915 20.1025
-35.7014 20.1587

-35.7014 20.1587
-35.7114 20.2148

-35.7354 20.3467
-35.7421 20.3833

-35.7421 20.3833
-35.7525 20.4395

-35.7114 20.2148
-35.7215 20.271

-35.7215 20.271
-35.7318 20.3271

-35.7354 20.3467
-35.7318 20.3271

-35.7525 20.4395
-35.763 20.4956

-35.763 20.4956
-35.7737 20.5518

-35.7915 20.6447
-35.7952 20.6641

-35.7737 20.5518
-35.7844 20.6079

-35.7915 20.6448
-35.7844 20.6079

-35.8477 20.9292
-35.8508 20.9448

-35.8508 20.9448
-35.8622 21.001

-35.8622 21.001
-35.8736 21.0571

-35.8736 21.0571
-35.8852 21.1133

-35.9038 21.2032
-35.9085 21.2256

-35.8852 21.1133
-35.8968 21.1694

-35.9038 21.2033
-35.8968 21.1694

-35.9085 21.2256
-35.9202 21.2817

-35.9202 21.2817
-35.932 21.3379

-35.96 21.4694
-35.9679 21.5063

-35.9679 21.5063
-35.9799 21.5625

-35.932 21.3379
-35.9439 21.394

-35.9439 21.394
-35.9559 21.4502

-35.96 21.4694
-35.9559 21.4502

-35.7952 20.6641
-35.8062 20.7202

-35.8062 20.7202
-35.8172 20.7764

-35.8172 20.7764
-35.8283 20.8325

-35.8283 20.8325
-35.8395 20.8887

-35.8477 20.9293
-35.8395 20.8887

-36.2969 22.9727
-36.3085 23.0225

-36.3085 23.0225
-36.3217 23.0786

-36.3217 23.0786
-36.3349 23.1348

-36.353 23.2113
-36.3615 23.2471

-36.3349 23.1348
-36.3482 23.1909

-36.353 23.2114
-36.3482 23.1909

-36.3615 23.2471
-36.3749 23.3032

-36.3749 23.3032
-36.3883 23.3594

-36.4092 23.4464
-36.4153 23.4717

-36.4153 23.4717
-36.4288 23.5278

-36.4288 23.5278
-36.4424 23.584

-36.3883 23.3594
-36.4017 23.4155

-36.4092 23.4464
-36.4017 23.4155

-36.4653 23.6778
-36.4699 23.6963

-36.4425 23.584
-36.4561 23.6401

-36.4653 23.6778
-36.4561 23.6401

-36.4699 23.6963
-36.4836 23.7524

-36.4836 23.7524
-36.4975 23.8086

-36.5215 23.9053
-36.5253 23.9209

-36.5253 23.9209
-36.5394 23.9771

-36.5394 23.9771
-36.5534 24.0332

-36.5776 24.1292
-36.5818 24.1455

-36.5534 24.0332
-36.5676 24.0894

-36.5776 24.1293
-36.5676 24.0894

-36.5817 24.1455
-36.596 24.2017

-36.596 24.2017
-36.6103 24.2578

-36.4975 23.8086
-36.5114 23.8647

-36.5215 23.9054
-36.5114 23.8647

-36.7461 24.7799
-36.7565 24.8193

-36.7565 24.8193
-36.7715 24.8755

-36.7715 24.8755
-36.7865 24.9316

-36.8022 24.9905
-36.8166 25.0439

-36.7865 24.9316
-36.8015 24.9878

-36.8022 24.9906
-36.8015 24.9878

-36.8166 25.0439
-36.8317 25.1001

-36.8317 25.1001
-36.8469 25.1562

-36.6338 24.3495
-36.6391 24.3701

-36.6391 24.3701
-36.6536 24.4263

-36.6536 24.4263
-36.6681 24.4824

-36.6103 24.2578
-36.6247 24.314

-36.6338 24.3495
-36.6247 24.314

-36.6899 24.5663
-36.6974 24.5947

-36.6681 24.4824
-36.6827 24.5386

-36.6899 24.5664
-36.6827 24.5386

-36.6973 24.5947
-36.7121 24.6509

-36.7121 24.6509
-36.7268 24.707

-36.7268 24.707
-36.7417 24.7632

-36.7461 24.78
-36.7416 24.7632

-36.0723 21.985
-36.0782 22.0117

-35.9799 21.5625
-35.992 21.6187

-35.992 21.6187
-36.0042 21.6748

-36.0161 21.7295
-36.0164 21.731

-36.0164 21.731
-36.0287 21.7871

-36.0161 21.7295
-36.0042 21.6748

-36.0287 21.7871
-36.041 21.8433

-36.041 21.8433
-36.0533 21.8994

-36.0534 21.8994
-36.0657 21.9556

-36.0723 21.985
-36.0657 21.9556

-36.0782 22.0117
-36.0907 22.0679

-36.0907 22.0679
-36.1032 22.124

-36.1032 22.124
-36.1157 22.1802

-36.1157 22.1802
-36.1283 22.2363

-36.1284 22.2368
-36.1409 22.2925

-36.1409 22.2925
-36.1536 22.3486

-36.1284 22.2368
-36.1283 22.2363

-36.1536 22.3486
-36.1663 22.4048

-36.1663 22.4048
-36.1791 22.4609

-36.1846 22.4852
-36.1918 22.5171

-36.1918 22.5171
-36.2046 22.5732

-36.2046 22.5732
-36.2175 22.6294

-36.2175 22.6294
-36.2304 22.6855

-36.1846 22.4852
-36.179 22.4609

-36.2407 22.7305
-36.2433 22.7417

-36.2433 22.7417
-36.2563 22.7979

-36.2407 22.7305
-36.2304 22.6855

-36.2563 22.7979
-36.2693 22.854

-36.2693 22.854
-36.2823 22.9102

-36.2823 22.9102
-36.2954 22.9663

-36.2969 22.9727
-36.2954 22.9663

-37.1953 26.4088
-37.2064 26.4478

-37.2064 26.4478
-37.2223 26.5039

-37.2515 26.6061
-37.2543 26.6162

-37.2223 26.5039
-37.2383 26.5601

-37.2515 26.6062
-37.2383 26.5601

-37.2543 26.6162
-37.2704 26.6724

-37.2704 26.6724
-37.2864 26.7285

-37.3076 26.8024
-37.3186 26.8408

-37.3186 26.8408
-37.3348 26.897

-37.3348 26.897
-37.351 26.9531

-37.2864 26.7285
-37.3025 26.7847

-37.3076 26.8024
-37.3025 26.7847

-36.8584 25.1984
-36.8622 25.2124

-36.8622 25.2124
-36.8775 25.2686

-36.8775 25.2686
-36.8928 25.3247

-36.8928 25.3247
-36.9082 25.3809

-36.8584 25.1985
-36.8469 25.1562

-36.9146 25.4041
-36.9236 25.437

-36.9236 25.437
-36.939 25.4932

-36.9146 25.4041
-36.9082 25.3809

-36.939 25.4932
-36.9545 25.5493

-36.9545 25.5493
-36.9701 25.6055

-36.9707 25.6078
-36.9856 25.6616

-36.9856 25.6616
-37.0012 25.7178

-37.0269 25.8099
-37.0325 25.8301

-37.0012 25.7178
-37.0168 25.7739

-37.0269 25.81
-37.0168 25.7739

-37.083 26.0107
-37.0953 26.0547

-37.0325 25.8301
-37.0481 25.8862

-37.0481 25.8862
-37.0638 25.9424

-37.0638 25.9424
-37.0796 25.9985

-37.083 26.0108
-37.0796 25.9985

-36.9707 25.6079
-36.97 25.6055

-37.0953 26.0547
-37.1111 26.1108

-37.1111 26.1108
-37.1269 26.167

-37.1392 26.2103
-37.1428 26.2231

-37.1428 26.2231
-37.1586 26.2793

-37.1392 26.2103
-37.1269 26.167

-37.1586 26.2793
-37.1745 26.3354

-37.1745 26.3354
-37.1904 26.3916

-37.1953 26.4088
-37.1904 26.3916

-37.4199 27.1913
-37.4323 27.2339

-37.4323 27.2339
-37.4487 27.29

-37.4761 27.3838
-37.4815 27.4023

-37.4487 27.29
-37.4651 27.3462

-37.4761 27.3838
-37.4651 27.3462

-37.3638 26.9975
-37.3672 27.0093

-37.3672 27.0093
-37.3834 27.0654

-37.3638 26.9975
-37.351 26.9531

-37.3834 27.0654
-37.3997 27.1216

-37.3997 27.1216
-37.416 27.1777

-37.4199 27.1913
-37.416 27.1777

-37.5322 27.5749
-37.5476 27.627

-37.4815 27.4023
-37.498 27.4585

-37.498 27.4585
-37.5145 27.5146

-37.5145 27.5146
-37.531 27.5708

-37.5322 27.575
-37.531 27.5708

-37.5476 27.627
-37.5642 27.6831

-37.5642 27.6831
-37.5808 27.7393

-37.5884 27.7647
-37.5975 27.7954

-37.5975 27.7954
-37.6142 27.8516

-37.5884 27.7647
-37.5808 27.7393

-37.6445 27.9531
-37.6478 27.9639

-37.6478 27.9639
-37.6646 28.02

-37.6646 28.02
-37.6815 28.0762

-37.7007 28.14
-37.7153 28.1885

-37.6815 28.0762
-37.6984 28.1323

-37.7007 28.1401
-37.6983 28.1323

-37.7153 28.1885
-37.7323 28.2446

-37.7323 28.2446
-37.7493 28.3008

-37.8691 28.6926
-37.8695 28.6938

-37.8695 28.6938
-37.8868 28.75

-37.7568 28.3256
-37.7664 28.3569

-37.7664 28.3569
-37.7835 28.4131

-37.813 28.5098
-37.8178 28.5254

-37.7835 28.4131
-37.8006 28.4692

-37.813 28.5098
-37.8006 28.4692

-37.7568 28.3256
-37.7493 28.3008

-37.8178 28.5254
-37.835 28.5815

-37.835 28.5815
-37.8522 28.6377

-37.8691 28.6926
-37.8522 28.6377

-37.6142 27.8516
-37.631 27.9077

-37.6445 27.9531
-37.631 27.9077

-48.875 57.161
-49.0253 57.5

-41.6875 39.7404
-41.6933 39.7559

-41.6933 39.7559
-41.7145 39.812

-41.7145 39.812
-41.7358 39.8682

-41.7437 39.889
-41.757 39.9243

-41.757 39.9243
-41.7783 39.9805

-41.7437 39.889
-41.7358 39.8682

-41.9121 40.3331
-41.9275 40.3735

-41.9275 40.3735
-41.9488 40.4297

-41.7998 40.0373
-41.8208 40.0928

-41.856 40.1854
-41.8634 40.2051

-41.8208 40.0928
-41.8421 40.1489

-41.856 40.1854
-41.8421 40.1489

-41.7783 39.9805
-41.7995 40.0366

-41.7998 40.0374
-41.7995 40.0366

-41.8634 40.2051
-41.8848 40.2612

-41.8848 40.2612
-41.9061 40.3174

-41.9121 40.3331
-41.9061 40.3174

-42.1367 40.9226
-42.1415 40.9351

-42.1415 40.9351
-42.1629 40.9912

-42.1929 41.0699
-42.2057 41.1035

-42.1629 40.9912
-42.1843 41.0474

-42.1929 41.0699
-42.1843 41.0474

-42.249 41.2172
-42.2699 41.272

-42.2699 41.272
-42.2913 41.3281

-42.2057 41.1035
-42.2271 41.1597

-42.2271 41.1597
-42.2485 41.2158

-42.249 41.2173
-42.2485 41.2158

-42.0244 40.628
-42.0344 40.6543

-41.9683 40.4807
-41.9702 40.4858

-41.9702 40.4858
-41.9916 40.542

-41.9683 40.4807
-41.9488 40.4297

-41.9916 40.542
-42.013 40.5981

-42.0244 40.6281
-42.013 40.5981

-42.0344 40.6543
-42.0558 40.7104

-42.0558 40.7104
-42.0772 40.7666

-42.0806 40.7753
-42.0986 40.8228

-42.0986 40.8228
-42.1201 40.8789

-42.0806 40.7753
-42.0772 40.7666

-42.1367 40.9226
-42.1201 40.8789

-42.5859 42.0946
-42.5936 42.1143

-42.5936 42.1143
-42.6154 42.1704

-42.6154 42.1704
-42.6373 42.2266

-42.8105 42.6693
-42.8131 42.6758

-42.6982 42.3824
-42.7032 42.395

-42.7032 42.395
-42.7252 42.4512

-42.6421 42.2388
-42.6592 42.2827

-42.6592 42.2827
-42.6812 42.3389

-42.6421 42.2388
-42.6373 42.2266

-42.6982 42.3824
-42.6812 42.3389

-42.7544 42.5258
-42.7691 42.5635

-42.7252 42.4512
-42.7471 42.5073

-42.7544 42.5259
-42.7471 42.5073

-42.7691 42.5635
-42.7911 42.6196

-42.8105 42.6693
-42.7911 42.6196

-42.8131 42.6758
-42.8351 42.7319

-42.8351 42.7319
-42.857 42.7881

-42.8667 42.8128
-42.879 42.8442

-42.879 42.8442
-42.9009 42.9004

-42.8667 42.8129
-42.857 42.7881

-42.9229 42.9563
-42.9229 42.9565

-42.9229 42.9565
-42.945 43.0127

-42.945 43.0127
-42.989 43.125

-42.9229 42.9563
-42.9009 42.9004

-42.3613 41.5118
-42.3769 41.5527

-42.4175 41.6587
-42.4199 41.665

-42.3769 41.5527
-42.3984 41.6089

-42.4175 41.6587
-42.3984 41.6089

-42.4199 41.665
-42.4414 41.7212

-42.4414 41.7212
-42.463 41.7773

-42.3052 41.3645
-42.3127 41.3843

-42.3127 41.3843
-42.3341 41.4404

-42.3052 41.3645
-42.2913 41.3281

-42.3341 41.4404
-42.3555 41.4966

-42.3613 41.5118
-42.3555 41.4966

-42.4736 41.8048
-42.4847 41.8335

-42.4847 41.8335
-42.5064 41.8896

-42.5298 41.95
-42.5499 42.002

-42.5064 41.8896
-42.5281 41.9458

-42.5298 41.9501
-42.5281 41.9458

-42.4736 41.8048
-42.463 41.7773

-42.5499 42.002
-42.5717 42.0581

-42.5859 42.0946
-42.5717 42.0581

-38.0938 29.4121
-38.0975 29.4238

-38.0975 29.4238
-38.1152 29.48

-38.1152 29.48
-38.133 29.5361

-38.1499 29.5895
-38.1508 29.5923

-38.1508 29.5923
-38.1686 29.6484

-38.1499 29.5895
-38.133 29.5361

-38.2061 29.7662
-38.2222 29.8169

-38.2222 29.8169
-38.2401 29.873

-38.1686 29.6484
-38.1864 29.7046

-38.1864 29.7046
-38.2043 29.7607

-38.2061 29.7663
-38.2043 29.7607

-38.2622 29.9423
-38.276 29.9854

-38.2401 29.873
-38.258 29.9292

-38.2622 29.9423
-38.258 29.9292

-38.276 29.9854
-38.2939 30.0415

-38.2939 30.0415
-38.3119 30.0977

-38.3184 30.1178
-38.3299 30.1538

-38.3299 30.1538
-38.3479 30.21

-38.3745 30.2927
-38.384 30.3223

-38.3479 30.21
-38.366 30.2661

-38.3745 30.2927
-38.366 30.2661

-38.4307 30.467
-38.4383 30.4907

-38.4383 30.4907
-38.4564 30.5469

-38.384 30.3223
-38.4021 30.3784

-38.4021 30.3784
-38.4202 30.4346

-38.4307 30.467
-38.4202 30.4346

-38.3184 30.1178
-38.3119 30.0977

-38.9922 32.1804
-39.0092 32.2314

-39.0092 32.2314
-39.0279 32.2876

-39.0279 32.2876
-39.0466 32.3438

-38.543 30.814
-38.5474 30.8276

-38.5474 30.8276
-38.5656 30.8838

-38.5991 30.9867
-38.6022 30.9961

-38.5656 30.8838
-38.5839 30.9399

-38.5991 30.9867
-38.5839 30.9399

-38.6553 31.1588
-38.6572 31.1646

-38.6572 31.1646
-38.6755 31.2207

-38.6022 30.9961
-38.6205 31.0522

-38.6205 31.0522
-38.6388 31.1084

-38.6553 31.1588
-38.6388 31.1084

-38.7114 31.3303
-38.7123 31.333

-38.6755 31.2207
-38.6939 31.2769

-38.7114 31.3304
-38.6939 31.2769

-38.7123 31.333
-38.7307 31.3892

-38.7307 31.3892
-38.7491 31.4453

-38.4868 30.6408
-38.4928 30.6592

-38.4564 30.5469
-38.4746 30.603

-38.4868 30.6408
-38.4746 30.603

-38.4928 30.6592
-38.5109 30.7153

-38.5109 30.7153
-38.5292 30.7715

-38.543 30.814
-38.5292 30.7715

-38.7676 31.5015
-38.7861 31.5576

-38.7861 31.5576
-38.8046 31.6138

-38.8046 31.6138
-38.8231 31.6699

-38.8799 31.8419
-38.8973 31.8945

-38.8237 31.6719
-38.8416 31.7261

-38.8416 31.7261
-38.8601 31.7822

-38.8237 31.6719
-38.8231 31.6699

-38.8601 31.7822
-38.8787 31.8384

-38.8799 31.8419
-38.8787 31.8384

-38.7676 31.5014
-38.7491 31.4453

-38.8973 31.8945
-38.9159 31.9507

-38.9159 31.9507
-38.9345 32.0068

-38.936 32.0114
-38.9532 32.063

-38.9532 32.063
-38.9718 32.1191

-38.936 32.0114
-38.9345 32.0068

-38.9718 32.1191
-38.9905 32.1753

-38.9922 32.1804
-38.9905 32.1753

-39.8906 34.8096
-39.8923 34.8145

-39.8923 34.8145
-39.912 34.8706

-39.912 34.8706
-39.9317 34.9268

-39.9468 34.9695
-39.9515 34.9829

-39.9515 34.9829
-39.9712 35.0391

-39.9468 34.9695
-39.9317 34.9268

-40.1152 35.4465
-40.1301 35.4883

-40.0029 35.129
-40.0108 35.1514

-40.0108 35.1514
-40.0306 35.2075

-40.0306 35.2075
-40.0505 35.2637

-39.9712 35.0391
-39.991 35.0952

-40.0029 35.129
-39.991 35.0952

-40.0591 35.288
-40.0703 35.3198

-40.0703 35.3198
-40.0902 35.376

-40.0591 35.288
-40.0505 35.2637

-40.0902 35.376
-40.1101 35.4321

-40.1152 35.4465
-40.1101 35.4321

-40.1301 35.4883
-40.15 35.5444

-40.15 35.5444
-40.17 35.6006

-40.1714 35.6045
-40.19 35.6567

-40.19 35.6567
-40.21 35.7129

-40.1714 35.6045
-40.17 35.6006

-40.2275 35.762
-40.2301 35.769

-40.2301 35.769
-40.2501 35.8252

-40.2837 35.9191
-40.2903 35.9375

-40.2501 35.8252
-40.2702 35.8813

-40.2837 35.9191
-40.2702 35.8813

-40.2275 35.762
-40.21 35.7129

-39.1045 32.5169
-39.1217 32.5684

-39.0483 32.3489
-39.0654 32.3999

-39.0654 32.3999
-39.0841 32.4561

-39.0483 32.3489
-39.0466 32.3438

-39.0841 32.4561
-39.1029 32.5122

-39.1045 32.5169
-39.1029 32.5122

-39.1217 32.5684
-39.1406 32.6245

-39.1406 32.6245
-39.1594 32.6807

-39.1606 32.6843
-39.1783 32.7368

-39.1783 32.7368
-39.1972 32.793

-39.1606 32.6844
-39.1594 32.6807

-39.2168 32.8512
-39.235 32.9053

-39.235 32.9053
-39.254 32.9614

-39.2729 33.0175
-39.254 32.9614

-39.3291 33.1832
-39.3301 33.186

-39.3301 33.186
-39.3491 33.2422

-39.273 33.0176
-39.292 33.0737

-39.292 33.0737
-39.311 33.1299

-39.3291 33.1832
-39.311 33.1299

-39.1972 32.793
-39.2161 32.8491

-39.2168 32.8513
-39.2161 32.8491

-39.4414 33.5127
-39.4449 33.5229

-39.4449 33.5229
-39.4641 33.5791

-39.4976 33.6766
-39.5027 33.6914

-39.4641 33.5791
-39.4834 33.6353

-39.4976 33.6766
-39.4834 33.6353

-39.5537 33.8399
-39.5606 33.8599

-39.5606 33.8599
-39.5799 33.916

-39.5027 33.6914
-39.5219 33.7476

-39.5219 33.7476
-39.5412 33.8037

-39.5537 33.8399
-39.5412 33.8037

-39.6099 34.0027
-39.6187 34.0283

-39.5799 33.916
-39.5993 33.9722

-39.6099 34.0028
-39.5993 33.9722

-39.6187 34.0283
-39.6381 34.0845

-39.6381 34.0845
-39.6575 34.1406

-39.3853 33.3482
-39.3874 33.3545

-39.3491 33.2422
-39.3683 33.2983

-39.3853 33.3482
-39.3683 33.2983

-39.3874 33.3545
-39.4065 33.4106

-39.4065 33.4106
-39.4257 33.4668

-39.4414 33.5127
-39.4257 33.4668

-39.666 34.1651
-39.677 34.1968

-39.677 34.1968
-39.6965 34.2529

-39.7222 34.3269
-39.7355 34.3652

-39.6965 34.2529
-39.716 34.3091

-39.7222 34.327
-39.716 34.3091

-39.7783 34.4883
-39.7941 34.5337

-39.7941 34.5337
-39.8137 34.5898

-39.7355 34.3652
-39.755 34.4214

-39.755 34.4214
-39.7746 34.4775

-39.7783 34.4883
-39.7746 34.4775

-39.666 34.1651
-39.6575 34.1406

-39.8345 34.6492
-39.853 34.7021

-39.8137 34.5898
-39.8334 34.646

-39.8345 34.6492
-39.8334 34.646

-39.853 34.7021
-39.8727 34.7583

-39.8906 34.8096
-39.8727 34.7583

-37.8868 28.75
-37.9042 28.8062

-37.9042 28.8062
-37.9216 28.8623

-37.9253 28.8742
-37.939 28.9185

-37.939 28.9185
-37.9565 28.9746

-37.9253 28.8742
-37.9216 28.8623

-37.9814 29.0545
-37.9916 29.0869

-37.9916 29.0869
-38.0091 29.1431

-38.0091 29.1431
-38.0267 29.1992

-37.9565 28.9746
-37.974 29.0308

-37.9814 29.0545
-37.974 29.0308

-38.0376 29.2338
-38.0444 29.2554

-38.0444 29.2554
-38.062 29.3115

-38.0376 29.2338
-38.0267 29.1992

-38.062 29.3115
-38.0797 29.3677

-38.0938 29.4121
-38.0797 29.3677

-40.7891 37.3181
-40.7976 37.3413

-40.7975 37.3413
-40.8181 37.3975

-40.8452 37.4717
-40.8592 37.5098

-40.8181 37.3975
-40.8386 37.4536

-40.8452 37.4717
-40.8386 37.4536

-40.9014 37.6249
-40.9209 37.6782

-40.9209 37.6782
-40.9416 37.7344

-40.8592 37.5098
-40.8797 37.5659

-40.8797 37.5659
-40.9003 37.6221

-40.9014 37.6249
-40.9003 37.6221

-40.3398 36.0758
-40.3506 36.106

-40.3506 36.106
-40.3708 36.1621

-40.396 36.2323
-40.4111 36.2744

-40.3708 36.1621
-40.391 36.2183

-40.396 36.2323
-40.391 36.2183

-40.4111 36.2744
-40.4313 36.3306

-40.4313 36.3306
-40.4515 36.3867

-40.5645 36.6997
-40.5731 36.7236

-40.5731 36.7236
-40.5934 36.7798

-40.5934 36.7798
-40.6138 36.8359

-40.4521 36.3884
-40.4718 36.4429

-40.4718 36.4429
-40.492 36.499

-40.5083 36.5442
-40.5123 36.5552

-40.5123 36.5552
-40.5325 36.6113

-40.5083 36.5442
-40.492 36.499

-40.4521 36.3884
-40.4515 36.3867

-40.5325 36.6113
-40.5528 36.6675

-40.5645 36.6997
-40.5528 36.6675

-40.2903 35.9375
-40.3104 35.9937

-40.3104 35.9937
-40.3305 36.0498

-40.3398 36.0758
-40.3305 36.0498

-40.6768 37.0096
-40.6953 37.0605

-40.6206 36.8548
-40.6341 36.8921

-40.6341 36.8921
-40.6545 36.9482

-40.6206 36.8548
-40.6138 36.8359

-40.6545 36.9482
-40.6749 37.0044

-40.6768 37.0096
-40.6749 37.0044

-40.7329 37.164
-40.7361 37.1729

-40.6953 37.0605
-40.7157 37.1167

-40.7329 37.164
-40.7157 37.1167

-40.7361 37.1729
-40.7566 37.229

-40.7566 37.229
-40.7771 37.2852

-40.7891 37.3181
-40.7771 37.2852

-41.2383 38.5371
-41.2529 38.5767

-41.2529 38.5767
-41.2738 38.6328

-41.0137 37.9302
-41.0243 37.959

-41.0243 37.959
-41.045 38.0151

-41.045 38.0151
-41.0658 38.0713

-41.0698 38.0823
-41.0865 38.1274

-41.0865 38.1274
-41.1073 38.1836

-41.0698 38.0823
-41.0658 38.0713

-40.9575 37.7777
-40.9622 37.7905

-40.9622 37.7905
-40.9829 37.8467

-40.9575 37.7778
-40.9416 37.7344

-40.9829 37.8467
-41.0036 37.9028

-41.0137 37.9302
-41.0036 37.9028

-41.126 38.2341
-41.1281 38.2397

-41.1281 38.2397
-41.1489 38.2959

-41.1821 38.3857
-41.1905 38.4082

-41.1489 38.2959
-41.1697 38.3521

-41.1821 38.3857
-41.1697 38.3521

-41.126 38.2341
-41.1073 38.1836

-41.1905 38.4082
-41.2113 38.4644

-41.2113 38.4644
-41.2321 38.5205

-41.2383 38.5371
-41.2321 38.5205

-41.3506 38.8396
-41.3572 38.8574

-41.2944 38.6884
-41.2946 38.689

-41.2946 38.689
-41.3155 38.7451

-41.2944 38.6884
-41.2738 38.6328

-41.3155 38.7451
-41.3364 38.8013

-41.3506 38.8396
-41.3364 38.8013

-41.3572 38.8574
-41.3781 38.9136

-41.3781 38.9136
-41.399 38.9697

-41.4067 38.9905
-41.4199 39.0259

-41.4199 39.0259
-41.4408 39.082

-41.4067 38.9905
-41.399 38.9697

-41.4629 39.1413
-41.4827 39.1943

-41.519 39.2917
-41.5246 39.3066

-41.4827 39.1943
-41.5036 39.2505

-41.519 39.2917
-41.5036 39.2505

-41.5752 39.4418
-41.5877 39.4751

-41.5877 39.4751
-41.6087 39.5312

-41.5246 39.3066
-41.5456 39.3628

-41.5456 39.3628
-41.5666 39.4189

-41.5752 39.4418
-41.5666 39.4189

-41.4408 39.082
-41.4617 39.1382

-41.4629 39.1413
-41.4617 39.1382

-41.6313 39.5914
-41.651 39.6436

-41.6087 39.5312
-41.6299 39.5874

-41.6313 39.5914
-41.6298 39.5874

-41.651 39.6436
-41.6721 39.6997

-41.6875 39.7404
-41.6721 39.6997

-45.2812 48.8089
-45.9093 50.3125

-43.4844 44.3899
-43.5169 44.4727

-43.5157 44.4727
-43.6959 44.9219

-44.3828 46.6253
-44.4205 46.7188

-43.698 44.9219
-44.0595 45.8203

-44.3828 46.6232
-44.0585 45.8203

-43.0352 43.2428
-43.077 43.3496

-43.0769 43.3496
-43.1648 43.5742

-43.1649 43.5742
-43.3403 44.0234

-43.0352 43.243
-42.989 43.125

-43.4844 44.3906
-43.3385 44.0234

-44.4199 46.7188
-45.1569 48.5156

-45.2812 48.8197
-45.1542 48.5156

-47.0781 53.0575
-47.4435 53.9062

-45.9089 50.3125
-46.6699 52.1094

-47.0781 53.0634
-46.6674 52.1094

-47.444 53.9062
-48.2294 55.7031

-48.875 57.1634
-48.2275 55.7031

-77.625 114.596
-77.8406 115

-63.25 87.016
-63.7725 88.0469

-63.7727 88.0469
-64.6875 89.8438

-65.0469 90.5473
-65.6057 91.6406

-65.6059 91.6406
-66.5281 93.4375

-65.0469 90.5517
-64.685 89.8438

-66.8438 94.0507
-67.4534 95.2344

-67.4535 95.2344
-68.3824 97.0312

-68.6406 97.5291
-69.3145 98.8281

-69.3146 98.8281
-70.25 100.625

-68.6406 97.5342
-68.3797 97.0312

-66.8438 94.0553
-66.5255 93.4375

-70.4375 100.984
-71.1882 102.422

-71.188 102.422
-72.1295 104.219

-72.2344 104.418
-73.0741 106.016

-73.0741 106.016
-74.0215 107.812

-72.2344 104.424
-72.1263 104.219

-75.8281 111.225
-75.9243 111.406

-74.0312 107.831
-74.9711 109.609

-75.8281 111.226
-74.9706 109.609

-75.9246 111.406
-76.8813 113.203

-77.625 114.597
-76.8814 113.203

-74.0312 107.837
-74.0183 107.812

-70.4375 100.989
-70.2472 100.625

-49.0261 57.5
-49.8342 59.2969

-49.8333 59.2969
-50.6513 61.0938

-50.6719 61.1363
-51.4804 62.8906

-51.4803 62.8906
-52.3167 64.6875

-50.6719 61.1476
-50.6471 61.0938

-52.4688 65.0096
-53.1623 66.4844

-53.1624 66.4844
-54.0145 68.2812

-54.2656 68.8059
-54.874 70.0781

-54.8743 70.0781
-55.74 71.875

-54.2656 68.813
-54.0113 68.2812

-52.4688 65.0184
-52.3131 64.6875

-56.0625 72.5399
-56.6118 73.6719

-56.6121 73.6719
-57.4897 75.4688

-57.8594 76.2213
-58.3727 77.2656

-58.373 77.2656
-59.2613 79.0625

-57.8594 76.2264
-57.487 75.4688

-59.6562 79.8574
-60.1544 80.8594

-60.1547 80.8594
-61.0527 82.6562

-61.4531 83.4541
-61.9549 84.4531

-61.9552 84.4531
-62.8619 86.25

-61.4531 83.4585
-61.0502 82.6562

-59.6562 79.862
-59.2588 79.0625

-56.0625 72.5458
-55.737 71.875

-63.25 87.0204
-62.8595 86.25

-84.8125 127.873
-85.6314 129.375

-81.2188 121.28
-81.7083 122.188

-79.4219 117.951
-79.7675 118.594

-77.84 115
-78.8011 116.797

-79.4219 117.954
-78.7992 116.797

-79.7688 118.594
-80.739 120.391

-81.2188 121.28
-80.7389 120.391

-83.0156 124.594
-83.6664 125.781

-81.7059 122.188
-82.6801 123.984

-83.0156 124.604
-82.6758 123.984

-83.6704 125.781
-84.6555 127.578

-84.8125 127.866
-84.6555 127.578

-88.4062 134.284
-88.6819 134.766

-88.6707 134.766
-89.7311 136.562

-86.6094 131.14
-86.6269 131.172

-86.6335 131.172
-87.6564 132.969

-86.6094 131.147
-85.6219 129.375

-88.4062 134.282
-87.655 132.969

-90.2031 137.258
-90.8702 138.359

-92 140.102
-90.9439 138.359

-90.2031 137.399
-89.6963 136.562

