-34.5 57.2742
-34.6271 57.5

-63.25 107.718
-63.3041 107.812

-66.8438 113.991
-67.4219 115

-65.0469 110.855
-65.3627 111.406

-63.304 107.812
-64.333 109.609

-65.0469 110.857
-64.3324 109.609

-65.3624 111.406
-66.3919 113.203

-66.8438 113.994
-66.3904 113.203

-48.875 82.5736
-48.9222 82.6562

-50.6719 85.721
-50.9739 86.25

-48.922 82.6562
-49.9474 84.4531

-50.6719 85.7232
-49.9467 84.4531

-41.6875 69.9631
-41.7529 70.0781

-41.7528 70.0781
-42.7758 71.875

-38.0938 63.6385
-38.6884 64.6875

-36.2969 60.4623
-36.6533 61.0938

-34.6265 57.5
-35.6385 59.2969

-36.2969 60.4659
-35.637 59.2969

-36.6529 61.0938
-37.6693 62.8906

-38.0938 63.6446
-37.6663 62.8906

-39.8906 66.8041
-40.7303 68.2812

-38.688 64.6875
-39.7085 66.4844

-39.8906 66.8129
-39.7039 66.4844

-41.6875 69.9637
-40.7298 68.2812

-45.2812 76.271
-45.8481 77.2656

-45.8477 77.2656
-46.8722 79.0625

-43.4844 73.1176
-43.8001 73.6719

-43.7998 73.6719
-44.8235 75.4688

-43.4844 73.1203
-42.775 71.875

-45.2812 76.2758
-44.8212 75.4688

-47.0781 79.4232
-47.8971 80.8594

-48.875 82.5739
-47.8966 80.8594

-47.0781 79.4303
-46.8684 79.0625

-56.0625 95.1568
-56.1069 95.2344

-56.1068 95.2344
-57.1341 97.0312

-57.8594 98.2984
-58.1624 98.8281

-58.1621 98.8281
-59.1899 100.625

-57.8594 98.3003
-57.1335 97.0312

-52.4688 88.8675
-53.0264 89.8438

-54.2656 92.0127
-55.0798 93.4375

-53.026 89.8438
-54.0528 91.6406

-54.2656 92.0187
-54.0496 91.6406

-50.9736 86.25
-51.9996 88.0469

-52.4688 88.8715
-51.9977 88.0469

-56.0625 95.157
-55.0793 93.4375

-59.6562 101.439
-60.2184 102.422

-60.2181 102.422
-61.2466 104.219

-61.4531 104.579
-62.2753 106.016

-63.25 107.718
-62.2749 106.016

-61.4531 104.585
-61.2437 104.219

-59.6562 101.443
-59.1883 100.625

-7.54688 13.8553
-7.55736 13.8696

-7.55734 13.8696
-7.59826 13.9258

-7.88379 14.3259
-7.91814 14.375

-7.82764 14.246
-7.83944 14.2627

-7.77148 14.1666
-7.79984 14.2065

-7.82764 14.246
-7.79982 14.2065

-7.8394 14.2627
-7.87883 14.3188

-7.88379 14.326
-7.87878 14.3188

-7.65918 14.0098
-7.67963 14.0381

-7.71533 14.0878
-7.71995 14.0942

-7.71995 14.0942
-7.76002 14.1504

-7.71533 14.0878
-7.67961 14.0381

-7.60303 13.9323
-7.63904 13.9819

-7.65918 14.0099
-7.63901 13.9819

-7.60303 13.9324
-7.59822 13.9258

-7.77148 14.1666
-7.75997 14.1504

-5.75 11.1897
-5.77277 11.2305

-6.03076 11.6731
-6.03472 11.6797

-5.97461 11.5796
-6.00084 11.6235

-6.03076 11.6731
-6.00084 11.6235

-5.8623 11.3879
-5.86864 11.3989

-5.86864 11.3989
-5.90121 11.4551

-5.80615 11.2897
-5.83638 11.3428

-5.77276 11.2305
-5.80442 11.2866

-5.80615 11.2897
-5.80438 11.2866

-5.8623 11.3879
-5.83638 11.3428

-5.91846 11.4845
-5.9341 11.5112

-5.93409 11.5112
-5.9673 11.5674

-5.91846 11.4846
-5.90119 11.4551

-5.97461 11.5797
-5.96727 11.5674

-6.31152 12.1177
-6.31887 12.1289

-6.19922 11.9442
-6.20957 11.9604

-6.20956 11.9604
-6.24563 12.0166

-6.25537 12.0316
-6.28207 12.0728

-6.31152 12.1177
-6.28207 12.0728

-6.25537 12.0317
-6.24561 12.0166

-6.42383 12.2863
-6.43128 12.2974

-6.43128 12.2974
-6.46938 12.3535

-6.53613 12.4509
-6.54641 12.4658

-6.59229 12.532
-6.62435 12.5781

-6.5464 12.4658
-6.58526 12.522

-6.59229 12.5321
-6.58523 12.522

-6.47998 12.369
-6.50776 12.4097

-6.53613 12.4509
-6.50776 12.4097

-6.47998 12.3691
-6.46935 12.3535

-6.36768 12.2025
-6.39348 12.2412

-6.31887 12.1289
-6.356 12.1851

-6.36768 12.2026
-6.35598 12.1851

-6.42383 12.2863
-6.39348 12.2412

-6.08691 11.765
-6.10357 11.792

-6.14307 11.8554
-6.17387 11.9043

-6.10356 11.792
-6.13853 11.8481

-6.14307 11.8554
-6.1385 11.8481

-6.03473 11.6797
-6.06897 11.7358

-6.08691 11.765
-6.06896 11.7358

-6.19922 11.9442
-6.17386 11.9043

-7.09766 13.2424
-7.10459 13.252

-7.26611 13.4731
-7.26866 13.4766

-7.20996 13.3965
-7.22745 13.4204

-7.26611 13.4731
-7.22744 13.4204

-7.15381 13.3196
-7.18636 13.3643

-7.10459 13.252
-7.1454 13.3081

-7.15381 13.3197
-7.14537 13.3081

-7.20996 13.3965
-7.18634 13.3643

-6.9292 13.0086
-6.94261 13.0273

-6.87305 12.9301
-6.90238 12.9712

-6.9292 13.0087
-6.90236 12.9712

-6.76074 12.7721
-6.78241 12.8027

-6.64844 12.6126
-6.66363 12.6343

-6.66362 12.6343
-6.70306 12.6904

-6.70459 12.6926
-6.74266 12.7466

-6.76074 12.7722
-6.74263 12.7466

-6.70459 12.6927
-6.70301 12.6904

-6.81689 12.8513
-6.82226 12.8589

-6.82227 12.8589
-6.86226 12.915

-6.81689 12.8513
-6.7824 12.8027

-6.87305 12.9302
-6.86222 12.915

-6.98535 13.0869
-7.02337 13.1396

-7.0415 13.1648
-7.06393 13.1958

-7.09766 13.2424
-7.06391 13.1958

-7.0415 13.1648
-7.02334 13.1396

-6.94259 13.0273
-6.98292 13.0835

-6.98535 13.0869
-6.98288 13.0835

-7.32227 13.5494
-7.3513 13.5889

-7.37842 13.6257
-7.39265 13.645

-7.39264 13.645
-7.43393 13.7012

-7.37842 13.6257
-7.3513 13.5889

-7.49072 13.7785
-7.51631 13.8135

-7.43457 13.702
-7.47517 13.7573

-7.49072 13.7786
-7.47513 13.7573

-7.54688 13.8553
-7.5163 13.8135

-7.43457 13.7021
-7.43386 13.7012

-7.26866 13.4766
-7.30995 13.5327

-7.32227 13.5495
-7.30993 13.5327

-7.26611 13.4767
-7.26601 13.4766

-6.64844 12.6126
-6.62434 12.5781

-16.5312 27.0577
-17.6595 28.75

-14.7344 24.4273
-15.2382 25.1562

-12.9375 21.8461
-13.9832 23.3594

-14.7344 24.4371
-13.9895 23.3594

-15.2311 25.1562
-16.4542 26.9531

-16.5312 27.0836
-16.4443 26.9531

-10.2422 17.9427
-10.2592 17.9688

-9.34375 16.558
-9.67511 17.0703

-10.2422 17.9372
-9.67644 17.0703

-11.1406 19.2629
-11.4838 19.7656

-11.505 19.7656
-12.7546 21.5625

-11.1406 19.2848
-10.2421 17.9688

-8.44531 15.1629
-8.51792 15.2734

-8.89453 15.8562
-9.0968 16.1719

-8.51666 15.2734
-8.8078 15.7227

-8.89453 15.8582
-8.80766 15.7227

-8.2207 14.8216
-8.22248 14.8242

-7.99648 14.4873
-8.07333 14.5996

-8.2207 14.8199
-8.07346 14.5996

-8.22251 14.8242
-8.37026 15.0488

-8.44531 15.1637
-8.37037 15.0488

-7.93994 14.4062
-7.95733 14.4312

-7.99609 14.487
-7.95736 14.4312

-7.93994 14.4063
-7.91812 14.375

-7.99609 14.4877
-7.99583 14.4873

-9.34375 16.5639
-9.09018 16.1719

-12.9375 21.8781
-12.7194 21.5625

-21.9219 35.5297
-22.1709 35.9375

-20.125 32.6088
-21.0745 34.1406

-21.9219 35.5334
-21.0714 34.1406

-23.7188 38.5143
-24.3258 39.5312

-25.5156 41.5464
-26.4414 43.125

-24.3239 39.5312
-25.3872 41.3281

-25.5156 41.5621
-25.3784 41.3281

-22.1686 35.9375
-23.2518 37.7344

-23.7188 38.5244
-23.2471 37.7344

-27.3125 44.6216
-27.4873 44.9219

-27.4866 44.9219
-28.5237 46.7188

-29.1094 47.7392
-29.5543 48.5156

-29.5533 48.5156
-30.576 50.3125

-29.1094 47.7453
-28.5211 46.7188

-30.9062 50.8959
-31.5931 52.1094

-31.5919 52.1094
-32.6055 53.9062

-32.7031 54.0805
-33.6162 55.7031

-34.5 57.2754
-33.6151 55.7031

-32.7031 54.0925
-32.5983 53.9062

-30.9062 50.9051
-30.5708 50.3125

-27.3125 44.624
-26.44 43.125

-18.3281 29.7801
-18.826 30.5469

-18.8237 30.5469
-19.9623 32.3438

-18.3281 29.7909
-17.6522 28.75

-20.125 32.6281
-19.9487 32.3438

-4.1208 0
-4.1206 0.0561523

-4.12059 0.0561523
-4.12 0.112305

-4.12 0.112305
-4.11903 0.168457

-4.11903 0.168457
-4.11769 0.224609

-4.11769 0.224609
-4.11598 0.280762

-4.11598 0.280762
-4.11389 0.336914

-4.11389 0.336914
-4.11143 0.393066

-4.11143 0.393066
-4.1086 0.449219

-4.1086 0.449219
-4.10542 0.505371

-4.10542 0.505371
-4.10189 0.561523

-4.10188 0.561523
-4.09799 0.617676

-4.09799 0.617676
-4.09376 0.673828

-4.09376 0.673828
-4.08919 0.72998

-4.08919 0.72998
-4.0843 0.786133

-4.0843 0.786133
-4.07909 0.842285

-4.07909 0.842285
-4.07357 0.898438

-4.07357 0.898438
-4.06776 0.95459

-4.06775 0.95459
-4.06543 0.975932

-4.06543 0.975989
-4.06165 1.01074

-4.06164 1.01074
-4.05526 1.06689

-4.05526 1.06689
-4.04862 1.12305

-4.04862 1.12305
-4.04172 1.1792

-4.04172 1.1792
-4.03458 1.23535

-4.03457 1.23535
-4.02722 1.2915

-4.02721 1.2915
-4.01966 1.34766

-4.01966 1.34766
-4.0119 1.40381

-4.01189 1.40381
-4.00928 1.42227

-4.00928 1.42232
-4.00395 1.45996

-4.00394 1.45996
-3.99583 1.51611

-3.99582 1.51611
-3.98756 1.57227

-3.98756 1.57227
-3.97916 1.62842

-3.97916 1.62842
-3.97066 1.68457

-3.97066 1.68457
-3.96206 1.74072

-3.96206 1.74072
-3.95338 1.79688

-3.95337 1.79688
-3.95312 1.79842

-3.95312 1.79847
-3.94461 1.85303

-3.9446 1.85303
-3.93577 1.90918

-3.93577 1.90918
-3.9269 1.96533

-3.9269 1.96533
-3.91802 2.02148

-3.91801 2.02148
-3.90914 2.07764

-3.90914 2.07764
-3.90028 2.13379

-3.90028 2.13379
-3.89697 2.15475

-3.89697 2.15481
-3.89144 2.18994

-3.89143 2.18994
-3.88261 2.24609

-3.88261 2.24609
-3.87385 2.30225

-3.87385 2.30225
-3.86517 2.3584

-3.86517 2.3584
-3.85658 2.41455

-3.85658 2.41455
-3.8481 2.4707

-3.8481 2.4707
-3.84082 2.51953

-3.84082 2.51963
-3.83974 2.52686

-3.83973 2.52686
-3.83147 2.58301

-3.83147 2.58301
-3.82335 2.63916

-3.82334 2.63916
-3.81538 2.69531

-3.81539 2.69531
-3.80759 2.75146

-3.80758 2.75146
-3.79995 2.80762

-3.79995 2.80762
-3.79251 2.86377

-3.79252 2.86377
-3.78528 2.91992

-3.78526 2.91992
-3.78467 2.92461

-3.78467 2.9247
-3.77823 2.97607

-3.77823 2.97607
-3.7714 3.03223

-3.7714 3.03223
-3.7648 3.08838

-3.7648 3.08838
-3.75843 3.14453

-3.75843 3.14453
-3.75231 3.20068

-3.7523 3.20068
-3.74643 3.25684

-3.74643 3.25684
-3.74081 3.31299

-3.74081 3.31299
-3.73545 3.36914

-3.73545 3.36914
-3.73035 3.42529

-3.73032 3.42529
-3.72852 3.44627

-3.72852 3.44653
-3.72551 3.48145

-3.7255 3.48145
-3.72095 3.5376

-3.72095 3.5376
-3.71668 3.59375

-3.95312 6.63848
-3.96295 6.68213

-3.96294 6.68213
-3.97586 6.73828

-3.97586 6.73828
-3.98907 6.79443

-3.98908 6.79443
-4.00255 6.85059

-4.00928 6.87813
-4.01627 6.90674

-4.01625 6.90674
-4.03024 6.96289

-4.00928 6.87823
-4.00252 6.85059

-4.06543 7.09934
-4.07386 7.13135

-4.07385 7.13135
-4.0889 7.1875

-4.03024 6.96289
-4.04451 7.01904

-4.04453 7.01904
-4.05907 7.0752

-4.06543 7.09944
-4.05904 7.0752

-3.71668 3.59375
-3.7127 3.6499

-3.7127 3.6499
-3.70902 3.70605

-3.70902 3.70605
-3.70563 3.76221

-3.70562 3.76221
-3.70252 3.81836

-3.70252 3.81836
-3.69972 3.87451

-3.69972 3.87451
-3.69723 3.93066

-3.69722 3.93066
-3.69504 3.98682

-3.69504 3.98682
-3.69319 4.04297

-3.6932 4.04297
-3.69166 4.09912

-3.69165 4.09912
-3.69041 4.15527

-3.69041 4.15527
-3.68949 4.21143

-3.68949 4.21143
-3.68889 4.26758

-3.68889 4.26758
-3.68862 4.32373

-3.68862 4.32373
-3.68866 4.37988

-3.68866 4.37988
-3.68902 4.43604

-3.68902 4.43604
-3.68972 4.49219

-3.68972 4.49219
-3.69075 4.54834

-3.69075 4.54834
-3.6921 4.60449

-3.6921 4.60449
-3.69377 4.66064

-3.69378 4.66064
-3.69578 4.7168

-3.69578 4.7168
-3.6981 4.77295

-3.6981 4.77295
-3.70075 4.8291

-3.70075 4.8291
-3.70373 4.88525

-3.70373 4.88525
-3.70703 4.94141

-3.72852 5.22356
-3.73361 5.27832

-3.7336 5.27832
-3.73914 5.33447

-3.73915 5.33447
-3.74501 5.39062

-3.70704 4.94141
-3.71067 4.99756

-3.71067 4.99756
-3.71461 5.05371

-3.71461 5.05371
-3.71887 5.10986

-3.71887 5.10986
-3.72346 5.16602

-3.72347 5.16602
-3.72838 5.22217

-3.72852 5.22391
-3.72835 5.22217

-3.74501 5.39062
-3.75117 5.44678

-3.75117 5.44678
-3.75765 5.50293

-3.75766 5.50293
-3.76445 5.55908

-3.76444 5.55908
-3.77155 5.61523

-3.78467 5.71283
-3.78669 5.72754

-3.77155 5.61523
-3.77896 5.67139

-3.78467 5.71295
-3.77896 5.67139

-3.78666 5.72754
-3.79468 5.78369

-3.79468 5.78369
-3.803 5.83984

-3.803 5.83984
-3.81162 5.896

-3.81162 5.896
-3.82055 5.95215

-3.82055 5.95215
-3.82977 6.0083

-3.82976 6.0083
-3.83927 6.06445

-3.84082 6.07331
-3.84908 6.12061

-3.84908 6.12061
-3.85918 6.17676

-3.85919 6.17676
-3.86959 6.23291

-3.86959 6.23291
-3.88027 6.28906

-3.84082 6.07346
-3.83925 6.06445

-3.89697 6.37383
-3.90249 6.40137

-3.88027 6.28906
-3.89123 6.34521

-3.89697 6.37394
-3.89122 6.34521

-3.90248 6.40137
-3.91402 6.45752

-3.91402 6.45752
-3.92585 6.51367

-3.92585 6.51367
-3.93794 6.56982

-3.93794 6.56982
-3.9503 6.62598

-3.95312 6.63861
-3.95028 6.62598

-4.17773 7.50117
-4.1846 7.52441

-4.18458 7.52441
-4.20141 7.58057

-4.20141 7.58057
-4.21849 7.63672

-4.0889 7.1875
-4.10421 7.24365

-4.1042 7.24365
-4.11976 7.2998

-4.12158 7.30623
-4.1356 7.35596

-4.13559 7.35596
-4.15168 7.41211

-4.12158 7.30635
-4.11974 7.2998

-4.15168 7.41211
-4.16801 7.46826

-4.17773 7.50125
-4.168 7.46826

-4.23389 7.68667
-4.2358 7.69287

-4.2358 7.69287
-4.25337 7.74902

-4.23389 7.68665
-4.21849 7.63672

-4.25337 7.74902
-4.27118 7.80518

-4.27117 7.80518
-4.28922 7.86133

-4.29004 7.86383
-4.30751 7.91748

-4.3075 7.91748
-4.32603 7.97363

-4.34619 8.03392
-4.36378 8.08594

-4.32604 7.97363
-4.3448 8.02979

-4.34619 8.03401
-4.34476 8.02979

-4.29004 7.86395
-4.28919 7.86133

-4.40234 8.19788
-4.40247 8.19824

-4.40246 8.19824
-4.42215 8.25439

-4.42216 8.25439
-4.44207 8.31055

-4.51465 8.50995
-4.52399 8.53516

-4.4585 8.35633
-4.46222 8.3667

-4.4622 8.3667
-4.48257 8.42285

-4.4585 8.35636
-4.44207 8.31055

-4.48258 8.42285
-4.50317 8.479

-4.51465 8.51002
-4.50315 8.479

-4.62695 8.80466
-4.63135 8.81592

-4.63133 8.81592
-4.65345 8.87207

-4.68311 8.94644
-4.69834 8.98438

-4.65346 8.87207
-4.67579 8.92822

-4.68311 8.9465
-4.67577 8.92822

-4.52397 8.53516
-4.54501 8.59131

-4.54502 8.59131
-4.56627 8.64746

-4.5708 8.65931
-4.58774 8.70361

-4.58774 8.70361
-4.60943 8.75977

-4.5708 8.65938
-4.56624 8.64746

-4.62695 8.80469
-4.60943 8.75977

-4.36379 8.08594
-4.38301 8.14209

-4.40234 8.1979
-4.38301 8.14209

-4.40234 8.19858
-4.40223 8.19824

-4.85156 9.35296
-4.86203 9.37744

-4.86203 9.37744
-4.88624 9.43359

-5.07617 9.85862
-5.08731 9.88281

-4.96387 9.61049
-4.98514 9.6582

-4.90771 9.48301
-4.91064 9.48975

-4.91064 9.48975
-4.93526 9.5459

-4.90771 9.483
-4.88624 9.43359

-4.93527 9.5459
-4.9601 9.60205

-4.96387 9.61057
-4.96007 9.60205

-5.02002 9.73565
-5.03581 9.77051

-4.98514 9.6582
-5.01037 9.71436

-5.02002 9.73571
-5.01035 9.71436

-5.0358 9.77051
-5.06145 9.82666

-5.07617 9.85866
-5.06144 9.82666

-5.30078 10.3306
-5.30148 10.332

-5.52539 10.7736
-5.52937 10.7812

-5.41309 10.5555
-5.41364 10.5566

-5.35693 10.4439
-5.35713 10.4443

-5.30149 10.332
-5.3292 10.3882

-5.35693 10.4439
-5.3292 10.3882

-5.35713 10.4443
-5.38528 10.5005

-5.41309 10.5555
-5.38528 10.5005

-5.35693 10.4446
-5.35678 10.4443

-5.46924 10.6655
-5.47103 10.6689

-5.41364 10.5566
-5.44223 10.6128

-5.46924 10.6654
-5.44223 10.6128

-5.47105 10.6689
-5.50009 10.7251

-5.52539 10.7736
-5.50009 10.7251

-5.46924 10.6691
-5.46916 10.6689

-5.41309 10.5569
-5.41295 10.5566

-5.18848 10.0985
-5.19274 10.1074

-5.13232 9.97953
-5.13961 9.99512

-5.0873 9.88281
-5.11335 9.93896

-5.13232 9.97956
-5.11334 9.93896

-5.13961 9.99512
-5.16607 10.0513

-5.18848 10.0985
-5.16607 10.0513

-5.24463 10.2155
-5.24668 10.2197

-5.19273 10.1074
-5.21961 10.1636

-5.24463 10.2154
-5.21962 10.1636

-5.24669 10.2197
-5.27398 10.2759

-5.30078 10.3306
-5.27399 10.2759

-5.30078 10.3323
-5.30066 10.332

-4.73926 9.08491
-4.74407 9.09668

-4.74406 9.09668
-4.76724 9.15283

-4.76724 9.15283
-4.79062 9.20898

-4.69833 8.98438
-4.72109 9.04053

-4.73926 9.08494
-4.72109 9.04053

-4.79541 9.22038
-4.81421 9.26514

-4.81421 9.26514
-4.83801 9.32129

-4.79541 9.22046
-4.79059 9.20898

-4.85156 9.35301
-4.838 9.32129

-5.6377 10.9849
-5.64897 11.0059

-5.58154 10.8801
-5.58867 10.8936

-5.52938 10.7812
-5.5589 10.8374

-5.58154 10.8801
-5.55889 10.8374

-5.58867 10.8936
-5.61869 10.9497

-5.6377 10.985
-5.61868 10.9497

-5.69385 11.0881
-5.71032 11.1182

-5.64896 11.0059
-5.6795 11.062

-5.69385 11.0882
-5.67949 11.062

-5.71031 11.1182
-5.7414 11.1743

-5.75 11.1898
-5.74137 11.1743

-77.625 132.781
-77.7326 132.969

-79.4219 135.92
-79.7898 136.562

-77.7323 132.969
-78.7611 134.766

-79.4219 135.922
-78.7604 134.766

-81.2188 139.068
-81.8381 140.156

-83.0156 142.224
-83.8877 143.75

-81.8366 140.156
-82.8602 141.953

-83.0156 142.23
-82.8571 141.953

-79.7901 136.562
-80.8158 138.359

-81.2188 139.069
-80.8147 138.359

-70.4375 120.259
-70.5127 120.391

-70.5126 120.391
-71.5435 122.188

-74.0312 126.52
-74.6384 127.578

-74.6381 127.578
-75.6699 129.375

-72.2344 123.391
-72.5753 123.984

-72.5751 123.984
-73.6066 125.781

-72.2344 123.392
-71.5429 122.188

-74.0312 126.523
-73.6053 125.781

-68.6406 117.126
-69.4821 118.594

-67.4216 115
-68.4517 116.797

-68.6406 117.131
-68.4491 116.797

-70.4375 120.26
-69.4818 118.594

-75.8281 129.65
-76.7019 131.172

-77.625 132.781
-76.7019 131.172

-75.8281 129.655
-75.6675 129.375

-84.8125 145.365
-84.9165 145.547

-84.9136 145.547
-85.9517 147.344

-86.6094 148.461
-87.0098 149.141

-87.0108 149.141
-88.0876 150.938

-86.6094 148.466
-85.9485 147.344

-90.2031 154.364
-90.3084 154.531

-88.4062 151.463
-89.1808 152.734

-90.2031 154.373
-89.1742 152.734

-90.314 154.531
-91.4643 156.328

-92 157.201
-91.4728 156.328

-88.4062 151.468
-88.0827 150.938

-84.8125 145.364
-83.8879 143.75

