-35.7614 0
-35.7609 0.0561523

-35.7609 0.0561523
-35.7594 0.112305

-35.7594 0.112305
-35.7569 0.168457

-35.7569 0.168457
-35.7535 0.224609

-35.7535 0.224609
-35.749 0.280762

-35.749 0.280762
-35.7436 0.336914

-35.7436 0.336914
-35.7372 0.393066

-35.7372 0.393066
-35.7354 0.406919

-35.7354 0.406973
-35.7298 0.449219

-35.7298 0.449219
-35.7214 0.505371

-35.7214 0.505371
-35.712 0.561523

-35.712 0.561523
-35.7017 0.617676

-35.7017 0.617676
-35.6903 0.673828

-35.6903 0.673828
-35.6792 0.724334

-35.6792 0.724332
-35.678 0.72998

-35.678 0.72998
-35.6646 0.786133

-35.6646 0.786133
-35.6502 0.842285

-35.6502 0.842285
-35.6349 0.898438

-35.6349 0.898438
-35.623 0.938927

-35.623 0.938927
-35.6185 0.95459

-35.6185 0.95459
-35.6011 1.01074

-35.6011 1.01074
-35.5826 1.06689

-35.5826 1.06689
-35.5669 1.11213

-35.5669 1.11213
-35.5631 1.12305

-35.5631 1.12305
-35.5425 1.1792

-35.5426 1.1792
-35.5209 1.23535

-35.5209 1.23535
-35.5107 1.26058

-35.5107 1.26058
-35.4982 1.2915

-35.4982 1.2915
-35.4745 1.34766

-35.4745 1.34766
-35.4546 1.39252

-35.4546 1.39252
-35.4496 1.40381

-35.4496 1.40381
-35.4236 1.45996

-35.4236 1.45996
-35.3984 1.51202

-35.3984 1.51202
-35.3965 1.51611

-35.3965 1.51611
-35.3682 1.57227

-35.3682 1.57227
-35.3423 1.62166

-35.3423 1.62166
-35.3387 1.62842

-35.3387 1.62842
-35.3081 1.68457

-35.3081 1.68457
-35.2861 1.72336

-35.2861 1.72337
-35.2763 1.74072

-35.2763 1.74072
-35.2432 1.79688

-35.2432 1.79688
-35.23 1.81859

-35.23 1.81861
-35.209 1.85303

-35.209 1.85303
-35.1738 1.90848

-35.1738 1.90848
-35.1734 1.90918

-35.1734 1.90918
-35.1365 1.96533

-35.1365 1.96533
-35.1177 1.99308

-35.1177 1.99309
-35.0984 2.02148

-35.0984 2.02148
-35.0615 2.07384

-35.0615 2.07385
-35.0589 2.07764

-35.0589 2.07764
-35.018 2.13379

-35.018 2.13379
-35.0054 2.15053

-35.0054 2.15054
-34.9757 2.18994

-34.9757 2.18994
-34.9492 2.22397

-34.9492 2.22397
-34.932 2.24609

-34.932 2.24609
-34.8931 2.29449

-34.8931 2.2945
-34.8868 2.30225

-34.8868 2.30225
-34.8402 2.3584

-34.8402 2.3584
-34.8369 2.3622

-34.8369 2.36222
-34.792 2.41455

-34.792 2.41455
-34.7808 2.42726

-34.7808 2.42727
-34.7423 2.4707

-34.7423 2.4707
-34.7246 2.49006

-34.7246 2.49007
-34.691 2.52686

-34.691 2.52686
-34.6685 2.55077

-34.6685 2.55077
-34.6381 2.58301

-34.6381 2.58301
-34.6123 2.60952

-34.6123 2.60952
-34.5835 2.63916

-34.5835 2.63916
-34.5562 2.66648

-34.5562 2.66669
-34.527 2.69531

-34.527 2.69531
-34.5 2.72185

-34.5 36.5678
-34.6179 36.8359

-34.6198 36.8359
-35.0184 37.7344

-35.0165 37.7344
-35.8171 39.5312

-36.2969 40.5956
-36.6262 41.3281

-36.6258 41.3281
-37.4388 43.125

-36.2969 40.6016
-35.8157 39.5312

-41.6875 52.3075
-42.4456 53.9062

-43.4844 56.0743
-44.173 57.5

-42.4454 53.9062
-43.305 55.7031

-43.4844 56.084
-43.3004 55.7031

-38.0938 44.5634
-38.2571 44.9219

-38.2574 44.9219
-39.0822 46.7188

-39.8906 48.4699
-39.9118 48.5156

-39.9121 48.5156
-40.7496 50.3125

-39.8906 48.4704
-39.081 46.7188

-38.0938 44.5663
-37.437 43.125

-40.7493 50.3125
-41.5933 52.1094

-41.6875 52.3192
-41.588 52.1094

-63.25 94.5628
-63.6083 95.2344

-63.6083 95.2344
-64.5691 97.0312

-65.0469 97.9225
-65.5323 98.8281

-65.5323 98.8281
-66.4975 100.625

-65.0469 97.9257
-64.5674 97.0312

-74.0312 114.528
-74.2887 115

-72.2344 111.231
-72.3294 111.406

-70.4375 107.922
-71.3526 109.609

-72.2344 111.232
-71.3523 109.609

-72.3294 111.406
-73.3081 113.203

-74.0312 114.529
-73.3078 113.203

-66.8438 101.268
-67.4647 102.422

-67.4646 102.422
-68.4339 104.219

-68.6406 104.601
-69.405 106.016

-69.4049 106.016
-70.378 107.812

-68.6406 104.607
-68.4311 104.219

-66.8438 101.272
-66.4953 100.625

-70.4375 107.928
-70.3748 107.812

-48.875 66.9818
-49.5319 68.2812

-50.6719 70.5216
-51.3631 71.875

-49.5321 68.2812
-50.4454 70.0781

-50.6719 70.529
-50.4416 70.0781

-56.0625 80.9588
-56.9503 82.6562

-57.8594 84.3885
-57.8933 84.4531

-57.8933 84.4531
-58.8391 86.25

-57.8594 84.3888
-56.9501 82.6562

-52.4688 74.0283
-53.211 75.4688

-54.2656 77.5062
-55.0738 79.0625

-53.2109 75.4688
-54.1407 77.2656

-54.2656 77.514
-54.1366 77.2656

-51.3631 71.875
-52.2851 73.6719

-52.4688 74.0358
-52.2812 73.6719

-55.0738 79.0625
-56.0105 80.8594

-56.0625 80.967
-56.0062 80.8594

-45.2812 59.7696
-45.9323 61.0938

-47.0781 63.4013
-47.7203 64.6875

-45.9325 61.0938
-46.8231 62.8906

-47.0781 63.4091
-46.8193 62.8906

-44.1731 57.5
-45.0488 59.2969

-45.2812 59.7781
-45.0447 59.2969

-47.7205 64.6875
-48.6236 66.4844

-48.875 66.9892
-48.6198 66.4844

-59.6562 87.7974
-59.788 88.0469

-59.788 88.0469
-60.7392 89.8438

-61.4531 91.1882
-61.6933 91.6406

-61.6933 91.6406
-62.6495 93.4375

-61.4531 91.1899
-60.7385 89.8438

-59.6562 87.7983
-58.8388 86.25

-63.25 94.5652
-62.6483 93.4375

-34.5 2.72184
-34.469 2.75146

-34.469 2.75146
-34.4438 2.77545

-34.4438 2.77546
-34.4092 2.80762

-34.4092 2.80762
-34.3877 2.82756

-34.3877 2.82759
-34.3477 2.86377

-34.3476 2.86377
-34.3315 2.87825

-34.3315 2.87832
-34.2843 2.91992

-34.2841 2.91992
-34.2754 2.92763

-34.2754 2.92774
-34.2192 2.97595

-34.2192 2.97581
-34.2189 2.97607

-34.2191 2.97607
-34.1631 3.02298

-34.1631 3.02291
-34.1517 3.03223

-34.1518 3.03223
-34.1069 3.06892

-34.1069 3.0689
-34.0826 3.08838

-34.0826 3.08838
-34.0508 3.11381

-34.0508 3.11382
-34.0115 3.14453

-34.0115 3.14453
-33.9946 3.1577

-33.9946 3.15774
-33.9386 3.20068

-33.9385 3.20074
-33.8823 3.24285

-33.8823 3.24283
-33.8633 3.25684

-33.8633 3.25684
-33.8262 3.28413

-33.8262 3.28414
-33.7862 3.31299

-33.7861 3.31299
-33.77 3.32458

-33.77 3.32462
-33.7139 3.36436

-33.7139 3.36431
-33.7069 3.36914

-33.707 3.36914
-33.6577 3.40336

-33.6577 3.40337
-33.6256 3.42529

-33.6256 3.42529
-33.6016 3.44169

-33.6016 3.4417
-33.5454 3.47939

-33.5454 3.47934
-33.5422 3.48145

-33.5423 3.48145
-33.4893 3.51645

-33.4893 3.51646
-33.4567 3.5376

-33.4567 3.5376
-33.4331 3.55292

-33.4331 3.55293
-33.377 3.58885

-33.377 3.58882
-33.3691 3.59375

-33.3692 3.59375
-33.3208 3.62423

-33.3208 3.62424
-33.2795 3.6499

-33.2794 3.6499
-33.2646 3.65908

-33.2646 3.65911
-33.2085 3.69351

-33.2085 3.6935
-33.1877 3.70605

-33.1877 3.70605
-33.1523 3.72743

-33.1523 3.72744
-33.0962 3.76094

-33.0962 3.76091
-33.094 3.76221

-33.094 3.76221
-33.04 3.79401

-33.04 3.79402
-32.9982 3.81836

-32.9982 3.81836
-32.9839 3.82667

-32.9839 3.82669
-32.9277 3.85901

-32.9277 3.85902
-32.9005 3.87451

-32.9005 3.87451
-32.8716 3.89095

-32.8716 3.89096
-32.8154 3.92257

-32.8154 3.92257
-32.8009 3.93066

-32.8009 3.93066
-32.7593 3.95386

-32.7593 3.95387
-32.7031 3.98486

-32.7031 3.98484
-32.6995 3.98682

-32.6995 3.98682
-32.647 4.01555

-32.647 4.01557
-32.5964 4.04297

-32.5963 4.04297
-32.5908 4.04594

-32.5908 4.04597
-32.5347 4.07615

-32.5347 4.07617
-32.4916 4.09912

-32.4915 4.09912
-32.4785 4.10606

-32.4785 4.10608
-32.4224 4.13579

-32.4224 4.13581
-32.3853 4.15527

-32.3852 4.15527
-32.3662 4.16527

-32.3662 4.16528
-32.3101 4.19458

-32.3101 4.1946
-32.2776 4.21143

-32.2775 4.21143
-32.2539 4.22368

-32.2539 4.22369
-32.1978 4.25263

-32.1978 4.25265
-32.1686 4.26758

-32.1686 4.26758
-32.1416 4.28139

-32.1416 4.2814
-32.0854 4.31003

-32.0854 4.31005
-32.0585 4.32373

-32.0584 4.32373
-32.0293 4.33851

-32.0293 4.33852
-31.9731 4.36689

-31.9731 4.36691
-31.9474 4.37988

-31.9473 4.37988
-31.917 4.39514

-31.917 4.39515
-31.8608 4.42331

-31.8608 4.42333
-31.8354 4.43604

-31.8353 4.43604
-31.8047 4.45136

-31.8047 4.45137
-31.7485 4.47936

-31.7485 4.47938
-31.7228 4.49219

-31.7227 4.49219
-31.6924 4.50726

-31.6924 4.50727
-31.6362 4.53513

-31.6362 4.53515
-31.6096 4.54834

-31.6095 4.54834
-31.5801 4.56293

-31.5801 4.56294
-31.5239 4.59071

-31.5239 4.59073
-31.4961 4.60449

-31.496 4.60449
-31.4678 4.61844

-31.4678 4.61845
-31.4116 4.64618

-31.4116 4.6462
-31.3824 4.66064

-31.3823 4.66064
-31.3555 4.67388

-31.3555 4.67389
-31.2993 4.70161

-31.2993 4.70163
-31.2686 4.7168

-31.2685 4.7168
-31.2432 4.72932

-31.2432 4.72933
-31.187 4.75709

-31.187 4.75711
-31.155 4.77295

-31.1549 4.77295
-31.1309 4.78485

-31.1309 4.78486
-31.0747 4.81268

-31.0747 4.8127
-31.0417 4.8291

-31.0416 4.8291
-31.0186 4.84053

-31.0186 4.84054
-30.9624 4.86847

-30.9624 4.86849
-30.9288 4.88525

-30.9287 4.88525
-30.9062 4.89645

-30.9062 4.89646
-30.8501 4.92453

-30.8501 4.92455
-30.8165 4.94141

-30.8164 4.94141
-30.7939 4.95267

-30.7939 4.95268
-30.7378 4.98093

-30.7378 4.98095
-30.7049 4.99756

-30.7048 4.99756
-30.6816 5.00927

-30.6816 5.00928
-30.6255 5.03775

-30.6255 5.03778
-30.5942 5.05371

-30.5941 5.05371
-30.5693 5.06633

-30.5693 5.06634
-30.5132 5.09507

-30.5132 5.0951
-30.4845 5.10986

-30.4844 5.10986
-30.457 5.12394

-30.457 5.12394
-30.4009 5.15298

-30.4009 5.15301
-30.3759 5.16602

-30.3758 5.16602
-30.3447 5.18216

-30.3447 5.18217
-30.2886 5.21154

-30.2886 5.21157
-30.2684 5.22217

-30.2684 5.22217
-30.2324 5.24109

-30.2324 5.2411
-30.1763 5.27085

-30.1763 5.27089
-30.1623 5.27832

-30.1623 5.27832
-30.1201 5.30081

-30.1201 5.30083
-30.064 5.33101

-30.064 5.33106
-30.0577 5.33447

-30.0575 5.33447
-30.0078 5.36142

-30.0078 5.36144
-29.9544 5.39062

-29.9544 5.39062
-29.9517 5.39211

-29.9517 5.39208
-29.8955 5.42301

-29.8955 5.42304
-29.8528 5.44678

-29.8527 5.44678
-29.8394 5.45422

-29.8394 5.45421
-29.7832 5.4857

-29.7832 5.48573
-29.7528 5.50293

-29.7528 5.50293
-29.7271 5.51748

-29.7271 5.51749
-29.6709 5.5496

-29.6709 5.54964
-29.6546 5.55908

-29.6545 5.55908
-29.6147 5.58203

-29.6147 5.58204
-29.5586 5.61482

-29.5586 5.61489
-29.558 5.61523

-29.5579 5.61523
-29.5024 5.64796

-29.5024 5.64798
-29.4632 5.67139

-29.4632 5.67139
-29.4463 5.68149

-29.4463 5.68149
-29.3901 5.71542

-29.3901 5.71547
-29.3704 5.72754

-29.3703 5.72754
-29.334 5.74977

-29.334 5.74979
-29.2793 5.78369

-29.2793 5.78369
-29.2778 5.7846

-29.2778 5.78456
-29.2217 5.81982

-29.2217 5.81985
-29.1903 5.83984

-29.1902 5.83984
-29.1655 5.85557

-29.1655 5.85558
-29.1094 5.89183

-29.1094 5.89191
-29.1031 5.896

-29.103 5.896
-29.0532 5.92861

-29.0532 5.92863
-29.0179 5.95215

-29.0178 5.95215
-28.9971 5.96595

-28.9971 5.96596
-28.9409 6.00389

-28.9409 6.00398
-28.9346 6.0083

-28.9345 6.0083
-28.8848 6.04243

-28.8848 6.04246
-28.8533 6.06445

-28.8532 6.06445
-28.8286 6.08162

-28.8286 6.08164
-28.7737 6.12061

-28.7738 6.12061
-28.7725 6.12156

-28.7725 6.12149
-28.7163 6.16208

-28.7163 6.16214
-28.6965 6.17676

-28.6963 6.17676
-28.6602 6.20341

-28.6602 6.20343
-28.6209 6.23291

-28.6209 6.23291
-28.604 6.24555

-28.604 6.24555
-28.5479 6.2885

-28.5479 6.28865
-28.5473 6.28906

-28.5471 6.28906
-28.4917 6.33231

-28.4917 6.33239
-28.4756 6.34521

-28.4755 6.34521
-28.4355 6.37702

-28.4355 6.37707
-28.4057 6.40137

-28.4056 6.40137
-28.3794 6.42271

-28.3794 6.42272
-28.3376 6.45752

-28.3376 6.45752
-28.3232 6.46945

-28.3232 6.46943
-28.2713 6.51367

-28.2713 6.51367
-28.2671 6.51728

-28.2671 6.5172
-28.2109 6.5661

-28.2109 6.56627
-28.207 6.56982

-28.2067 6.56982
-28.1548 6.61615

-28.1548 6.61629
-28.1442 6.62598

-28.144 6.62598
-28.0986 6.66746

-28.0986 6.66758
-28.0831 6.68213

-28.083 6.68213
-28.0425 6.7201

-28.0425 6.72021
-28.0237 6.73828

-28.0236 6.73828
-27.9863 6.77413

-27.9863 6.77424
-27.9659 6.79443

-27.9658 6.79443
-27.9302 6.82969

-27.9302 6.82986
-27.9094 6.85059

-27.9094 6.85059
-27.874 6.88695

-27.874 6.88695
-27.8547 6.90674

-27.8548 6.90674
-27.8179 6.94565

-27.8179 6.94565
-27.8015 6.96289

-27.8015 6.96289
-27.7617 7.00609

-27.7617 7.00608
-27.7498 7.01904

-27.7498 7.01904
-27.7056 7.06835

-27.7056 7.06834
-27.6994 7.0752

-27.6994 7.0752
-27.6505 7.13135

-27.6505 7.13135
-27.6494 7.13259

-27.6494 7.13259
-27.6028 7.1875

-27.6028 7.1875
-27.5933 7.19906

-27.5933 7.19909
-27.5565 7.24365

-27.5564 7.24365
-27.5371 7.26772

-27.5371 7.26776
-27.5114 7.2998

-27.5114 7.2998
-27.481 7.33872

-27.481 7.33873
-27.4675 7.35596

-27.4675 7.35596
-27.4248 7.41211

-27.4248 7.41212
-27.3833 7.46826

-27.3832 7.46826
-27.3687 7.48852

-27.3687 7.48857
-27.3428 7.52441

-27.3428 7.52441
-27.3125 7.56771

-27.3125 7.56772
-27.3035 7.58057

-27.3035 7.58057
-27.2652 7.63672

-27.2652 7.63672
-27.2563 7.65005

-27.2563 7.65007
-27.2279 7.69287

-27.2279 7.69287
-27.2002 7.73579

-27.2002 7.7358
-27.1917 7.74902

-27.1917 7.74902
-27.1563 7.80518

-27.1563 7.80518
-27.144 7.8252

-27.144 7.82526
-27.122 7.86133

-27.122 7.86133
-27.0885 7.91748

-27.0885 7.91748
-27.0879 7.9185

-27.0879 7.91852
-27.0559 7.97363

-27.0559 7.97363
-27.0317 8.01633

-27.0317 8.01637
-27.0242 8.02979

-27.0242 8.02979
-26.9933 8.08594

-26.9932 8.08594
-26.9756 8.11888

-26.9756 8.11894
-26.9632 8.14209

-26.9632 8.14209
-26.9339 8.19824

-26.9339 8.19824
-26.9194 8.22664

-26.9194 8.22671
-26.9054 8.25439

-26.9054 8.25439
-26.8776 8.31055

-26.8776 8.31055
-26.8633 8.34022

-26.8633 8.3403
-26.8506 8.3667

-26.8506 8.3667
-26.8242 8.42285

-26.8242 8.42285
-26.8071 8.46027

-26.8071 8.46035
-26.7986 8.479

-26.7986 8.479
-26.7737 8.53516

-26.7736 8.53516
-26.751 8.58747

-26.751 8.58753
-26.7493 8.59131

-26.7493 8.59131
-26.7257 8.64746

-26.7257 8.64746
-26.7027 8.70361

-26.7027 8.70361
-26.6948 8.72328

-26.6948 8.72337
-26.6803 8.75977

-26.6803 8.75977
-26.6585 8.81592

-26.6585 8.81592
-26.6387 8.8684

-26.6387 8.8685
-26.6373 8.87207

-26.6373 8.87207
-26.6167 8.92822

-26.6167 8.92822
-26.5966 8.98438

-26.5966 8.98438
-26.5825 9.0249

-26.5825 9.025
-26.5771 9.04053

-26.5771 9.04053
-26.5582 9.09668

-26.5582 9.09668
-26.5397 9.15283

-26.5397 9.15283
-26.5264 9.19461

-26.5264 9.19472
-26.5218 9.20898

-26.5218 9.20898
-26.5044 9.26514

-26.5044 9.26514
-26.4875 9.32129

-26.4875 9.32129
-26.4711 9.37744

-26.471 9.37744
-26.4702 9.38038

-26.4702 9.3805
-26.4552 9.43359

-26.4552 9.43359
-26.4397 9.48975

-26.4397 9.48975
-26.4247 9.5459

-26.4247 9.5459
-26.4141 9.58719

-26.4141 9.58732
-26.4103 9.60205

-26.4102 9.60205
-26.3962 9.6582

-26.3962 9.6582
-26.3826 9.71436

-26.3826 9.71436
-26.3694 9.77051

-26.3694 9.77051
-26.3579 9.82133

-26.3579 9.82144
-26.3567 9.82666

-26.3567 9.82666
-26.3444 9.88281

-26.3444 9.88281
-26.3326 9.93896

-26.3326 9.93896
-26.3212 9.99512

-26.3212 9.99512
-26.3102 10.0513

-26.3102 10.0513
-26.3018 10.0959

-26.3018 10.0961
-26.2996 10.1074

-26.2996 10.1074
-26.2894 10.1636

-26.2894 10.1636
-26.2797 10.2197

-26.2797 10.2197
-26.2704 10.2759

-26.2704 10.2759
-26.2614 10.332

-26.2614 10.332
-26.2529 10.3882

-26.2529 10.3882
-26.2456 10.4384

-26.2456 10.4386
-26.2448 10.4443

-26.2448 10.4443
-26.237 10.5005

-26.237 10.5005
-26.2297 10.5566

-26.2297 10.5566
-26.2227 10.6128

-26.2227 10.6128
-26.2161 10.6689

-26.2161 10.6689
-26.2099 10.7251

-26.2099 10.7251
-26.2041 10.7812

-26.2041 10.7812
-26.1986 10.8374

-26.1986 10.8374
-26.1936 10.8936

-26.1936 10.8936
-26.1895 10.9425

-26.1895 10.9428
-26.1889 10.9497

-26.1889 10.9497
-26.1845 11.0059

-26.1845 11.0059
-26.1805 11.062

-26.1805 11.062
-26.1769 11.1182

-26.1769 11.1182
-26.1736 11.1743

-26.1736 11.1743
-26.1706 11.2305

-26.1706 11.2305
-26.168 11.2866

-26.168 11.2866
-26.1657 11.3428

-26.1657 11.3428
-26.1638 11.3989

-26.1638 11.3989
-26.1621 11.4551

-26.1621 11.4551
-26.1608 11.5112

-26.1608 11.5112
-26.1598 11.5674

-26.1599 11.5674
-26.1591 11.6235

-26.1591 11.6235
-26.1587 11.6797

-26.1587 11.6797
-26.1585 11.7358

-26.1585 11.7358
-26.1586 11.792

-26.1586 11.792
-26.1588 11.8481

-26.1588 11.8481
-26.1592 11.9043

-26.1593 11.9043
-26.1598 11.9604

-26.1598 11.9604
-26.1606 12.0166

-26.1606 12.0166
-26.1615 12.0728

-26.1615 12.0728
-26.1625 12.1289

-26.1625 12.1289
-26.1636 12.1851

-26.1636 12.1851
-26.1649 12.2412

-26.1649 12.2412
-26.1662 12.2974

-26.1662 12.2974
-26.1677 12.3535

-26.1677 12.3535
-26.1693 12.4097

-26.1693 12.4097
-26.171 12.4658

-26.171 12.4658
-26.1728 12.522

-26.1728 12.522
-26.1747 12.5781

-26.1895 12.9387
-26.1909 12.9712

-26.1909 12.9712
-26.1936 13.0273

-26.1747 12.5781
-26.1767 12.6343

-26.1767 12.6343
-26.1789 12.6904

-26.1789 12.6904
-26.1811 12.7466

-26.1811 12.7466
-26.1835 12.8027

-26.1835 12.8027
-26.1859 12.8589

-26.1859 12.8589
-26.1884 12.915

-26.1895 12.9392
-26.1883 12.915

-26.1936 13.0273
-26.1963 13.0835

-26.1963 13.0835
-26.1991 13.1396

-26.1991 13.1396
-26.2021 13.1958

-26.2021 13.1958
-26.2051 13.252

-26.2051 13.252
-26.2083 13.3081

-26.2083 13.3081
-26.2117 13.3643

-26.2117 13.3643
-26.2151 13.4204

-26.2151 13.4204
-26.2188 13.4766

-26.2188 13.4766
-26.2225 13.5327

-26.2225 13.5327
-26.2264 13.5889

-26.2264 13.5889
-26.2304 13.645

-26.2304 13.645
-26.2345 13.7012

-26.2345 13.7012
-26.2387 13.7573

-26.2387 13.7573
-26.243 13.8135

-26.2456 13.8467
-26.2474 13.8696

-26.2474 13.8696
-26.2519 13.9258

-26.2456 13.847
-26.243 13.8135

-26.2519 13.9258
-26.2564 13.9819

-26.2564 13.9819
-26.2612 14.0381

-26.2611 14.0381
-26.266 14.0942

-26.266 14.0942
-26.2711 14.1504

-26.2711 14.1504
-26.2763 14.2065

-26.2763 14.2065
-26.2817 14.2627

-26.2817 14.2627
-26.2873 14.3188

-26.2873 14.3188
-26.2931 14.375

-27.3125 18.9596
-27.319 18.9795

-27.3189 18.9795
-27.3374 19.0356

-27.3374 19.0356
-27.3559 19.0918

-27.4248 19.296
-27.4318 19.3164

-27.3687 19.13
-27.3746 19.1479

-27.3746 19.1479
-27.3935 19.2041

-27.3687 19.13
-27.3559 19.0918

-27.3935 19.2041
-27.4126 19.2603

-27.4248 19.2961
-27.4126 19.2603

-27.5371 19.6159
-27.5506 19.6533

-27.5506 19.6533
-27.571 19.7095

-27.571 19.7095
-27.5915 19.7656

-27.4318 19.3164
-27.4512 19.3726

-27.4512 19.3726
-27.4707 19.4287

-27.481 19.4579
-27.4904 19.4849

-27.4904 19.4849
-27.5103 19.541

-27.481 19.4579
-27.4707 19.4287

-27.5103 19.541
-27.5304 19.5972

-27.5371 19.6159
-27.5304 19.5972

-28.2109 21.3609
-28.2233 21.394

-28.2233 21.394
-28.2442 21.4502

-28.2671 21.5119
-28.2858 21.5625

-28.2442 21.4502
-28.2651 21.5063

-28.2671 21.5119
-28.265 21.5063

-27.7617 20.2147
-27.7618 20.2148

-27.7618 20.2148
-27.7839 20.271

-27.7839 20.271
-27.8062 20.3271

-27.8179 20.3562
-27.8287 20.3833

-27.8287 20.3833
-27.8513 20.4395

-27.8179 20.3562
-27.8062 20.3271

-27.874 20.4957
-27.8966 20.5518

-27.9302 20.6354
-27.9416 20.6641

-27.8966 20.5518
-27.9192 20.6079

-27.9302 20.6355
-27.9192 20.6079

-27.8513 20.4395
-27.874 20.4956

-27.874 20.4958
-27.874 20.4956

-27.6494 19.9214
-27.6541 19.9341

-27.6541 19.9341
-27.6753 19.9902

-27.5933 19.7703
-27.6122 19.8218

-27.6122 19.8218
-27.6331 19.8779

-27.5933 19.7703
-27.5915 19.7656

-27.6494 19.9215
-27.6331 19.8779

-27.7056 20.0697
-27.7182 20.1025

-27.6753 19.9902
-27.6966 20.0464

-27.7056 20.0697
-27.6966 20.0464

-27.7181 20.1025
-27.7399 20.1587

-27.7617 20.2147
-27.7399 20.1587

-27.9863 20.7767
-28.0083 20.8325

-28.0083 20.8325
-28.0303 20.8887

-28.0986 21.0649
-28.1172 21.1133

-28.0425 20.9199
-28.0522 20.9448

-28.0522 20.9448
-28.074 21.001

-28.0425 20.9199
-28.0303 20.8887

-28.074 21.001
-28.0956 21.0571

-28.0986 21.0649
-28.0956 21.0571

-27.9416 20.6641
-27.964 20.7202

-27.964 20.7202
-27.9862 20.7764

-27.9863 20.7767
-27.9862 20.7764

-28.1548 21.2118
-28.16 21.2256

-28.1172 21.1133
-28.1387 21.1694

-28.1548 21.2119
-28.1387 21.1694

-28.16 21.2256
-28.1812 21.2817

-28.1812 21.2817
-28.2023 21.3379

-28.2109 21.3609
-28.2023 21.3379

-30.9062 28.181
-30.9095 28.1885

-30.9095 28.1885
-30.9336 28.2446

-30.9336 28.2446
-30.9578 28.3008

-31.1309 28.7072
-31.1489 28.75

-31.0186 28.4425
-31.03 28.4692

-31.03 28.4692
-31.0539 28.5254

-30.9624 28.3115
-30.9819 28.3569

-30.9819 28.3569
-31.006 28.4131

-30.9624 28.3115
-30.9578 28.3008

-31.0186 28.4425
-31.006 28.4131

-31.0747 28.5744
-31.0778 28.5815

-31.0777 28.5815
-31.1015 28.6377

-31.0747 28.5744
-31.0539 28.5254

-31.1015 28.6377
-31.1252 28.6938

-31.1309 28.7072
-31.1252 28.6938

-29.1094 23.7763
-29.1225 23.8086

-29.1655 23.9134
-29.1686 23.9209

-29.1225 23.8086
-29.1455 23.8647

-29.1655 23.9134
-29.1455 23.8647

-29.1686 23.9209
-29.1918 23.9771

-29.1918 23.9771
-29.2151 24.0332

-29.2217 24.0489
-29.2386 24.0894

-29.2386 24.0894
-29.2621 24.1455

-29.2778 24.1829
-29.2857 24.2017

-29.2857 24.2017
-29.3093 24.2578

-29.2778 24.183
-29.2621 24.1455

-29.2217 24.0489
-29.2151 24.0332

-29.5586 24.8578
-29.5659 24.8755

-29.5658 24.8755
-29.5888 24.9316

-29.6709 25.134
-29.6799 25.1562

-29.6147 24.9954
-29.6345 25.0439

-29.5888 24.9316
-29.6117 24.9878

-29.6147 24.9954
-29.6117 24.9878

-29.6345 25.0439
-29.6572 25.1001

-29.6709 25.134
-29.6572 25.1001

-29.334 24.3164
-29.3565 24.3701

-29.3901 24.4504
-29.4035 24.4824

-29.3565 24.3701
-29.3801 24.4263

-29.3901 24.4504
-29.3801 24.4263

-29.4463 24.5853
-29.4502 24.5947

-29.4502 24.5947
-29.4735 24.6509

-29.4735 24.6509
-29.4966 24.707

-29.4035 24.4824
-29.4269 24.5386

-29.4463 24.5853
-29.4269 24.5386

-29.3093 24.2578
-29.3329 24.314

-29.334 24.3165
-29.3329 24.314

-29.5024 24.7211
-29.5198 24.7632

-29.5198 24.7632
-29.5428 24.8193

-29.5024 24.7211
-29.4966 24.707

-29.5586 24.8578
-29.5428 24.8193

-28.4355 21.9734
-28.4494 22.0117

-28.3232 21.6644
-28.327 21.6748

-28.327 21.6748
-28.3476 21.731

-28.3476 21.731
-28.368 21.7871

-28.2858 21.5625
-28.3065 21.6187

-28.3232 21.6645
-28.3064 21.6187

-28.3794 21.8184
-28.3884 21.8433

-28.3884 21.8433
-28.4088 21.8994

-28.3794 21.8185
-28.368 21.7871

-28.4088 21.8994
-28.4291 21.9556

-28.4355 21.9734
-28.4291 21.9556

-28.4494 22.0117
-28.4696 22.0679

-28.4696 22.0679
-28.4896 22.124

-28.4917 22.1298
-28.5096 22.1802

-28.5096 22.1802
-28.5294 22.2363

-28.4917 22.1299
-28.4896 22.124

-28.5479 22.289
-28.5491 22.2925

-28.549 22.2925
-28.5687 22.3486

-28.604 22.4491
-28.6082 22.4609

-28.5687 22.3486
-28.5884 22.4048

-28.604 22.4491
-28.5884 22.4048

-28.5479 22.289
-28.5294 22.2363

-28.6602 22.6067
-28.6683 22.6294

-28.6683 22.6294
-28.6886 22.6855

-28.7163 22.7612
-28.7298 22.7979

-28.6887 22.6855
-28.7091 22.7417

-28.7163 22.7612
-28.7091 22.7417

-28.7298 22.7979
-28.7505 22.854

-28.7505 22.854
-28.7714 22.9102

-28.8848 23.2091
-28.8994 23.2471

-28.9409 23.3539
-28.9431 23.3594

-28.8994 23.2471
-28.9212 23.3032

-28.9409 23.3539
-28.9212 23.3032

-28.7725 22.9129
-28.7924 22.9663

-28.7924 22.9663
-28.8136 23.0225

-28.8286 23.0622
-28.8348 23.0786

-28.8348 23.0786
-28.8562 23.1348

-28.8286 23.0622
-28.8136 23.0225

-28.7725 22.913
-28.7714 22.9102

-28.8562 23.1348
-28.8777 23.1909

-28.8848 23.2092
-28.8777 23.1909

-28.6082 22.4609
-28.6281 22.5171

-28.6281 22.5171
-28.6481 22.5732

-28.6602 22.6068
-28.6481 22.5732

-28.9971 23.4965
-29.0095 23.5278

-29.0095 23.5278
-29.0318 23.584

-28.9431 23.3594
-28.9651 23.4155

-28.9651 23.4155
-28.9872 23.4717

-28.9971 23.4965
-28.9872 23.4717

-29.0532 23.6373
-29.0543 23.6401

-29.0543 23.6401
-29.0769 23.6963

-29.0532 23.6374
-29.0318 23.584

-29.0769 23.6963
-29.0997 23.7524

-29.1094 23.7763
-29.0997 23.7524

-30.0078 25.983
-30.0139 25.9985

-30.0139 25.9985
-30.0359 26.0547

-30.1201 26.2677
-30.1247 26.2793

-30.064 26.1259
-30.0802 26.167

-30.0359 26.0547
-30.058 26.1108

-30.064 26.1259
-30.058 26.1108

-30.0802 26.167
-30.1024 26.2231

-30.1201 26.2677
-30.1024 26.2231

-30.1247 26.2793
-30.1471 26.3354

-30.1471 26.3354
-30.1694 26.3916

-30.1763 26.4087
-30.1918 26.4478

-30.1918 26.4478
-30.2143 26.5039

-30.1763 26.4088
-30.1694 26.3916

-30.2324 26.5493
-30.2367 26.5601

-30.2367 26.5601
-30.2593 26.6162

-30.2886 26.6891
-30.3045 26.7285

-30.2593 26.6162
-30.2818 26.6724

-30.2886 26.6891
-30.2818 26.6724

-30.3447 26.8282
-30.3498 26.8408

-30.3498 26.8408
-30.3726 26.897

-30.3726 26.897
-30.3954 26.9531

-30.3045 26.7285
-30.3271 26.7847

-30.3447 26.8282
-30.3271 26.7847

-30.2324 26.5493
-30.2143 26.5039

-29.7832 25.4135
-29.7926 25.437

-29.7926 25.437
-29.815 25.4932

-29.8394 25.5544
-29.8596 25.6055

-29.815 25.4932
-29.8373 25.5493

-29.8394 25.5545
-29.8373 25.5493

-29.6799 25.1562
-29.7025 25.2124

-29.7025 25.2124
-29.7251 25.2686

-29.7271 25.2734
-29.7477 25.3247

-29.7477 25.3247
-29.7701 25.3809

-29.7271 25.2734
-29.7251 25.2686

-29.7832 25.4135
-29.7701 25.3809

-29.8955 25.6964
-29.9039 25.7178

-29.9039 25.7178
-29.926 25.7739

-29.926 25.7739
-29.948 25.8301

-29.8596 25.6055
-29.8818 25.6616

-29.8955 25.6964
-29.8818 25.6616

-29.9517 25.8395
-29.97 25.8862

-29.9699 25.8862
-29.9919 25.9424

-29.9517 25.8395
-29.948 25.8301

-30.0078 25.9831
-29.9919 25.9424

-30.457 27.104
-30.4642 27.1216

-30.4642 27.1216
-30.4873 27.1777

-30.5693 27.3769
-30.5799 27.4023

-30.5132 27.2407
-30.5335 27.29

-30.4873 27.1777
-30.5104 27.2339

-30.5132 27.2408
-30.5104 27.2339

-30.5335 27.29
-30.5567 27.3462

-30.5693 27.3769
-30.5567 27.3462

-30.6816 27.6482
-30.6961 27.6831

-30.6961 27.6831
-30.7195 27.7393

-30.7378 27.7833
-30.7428 27.7954

-30.7428 27.7954
-30.7663 27.8516

-30.7378 27.7833
-30.7194 27.7393

-30.6255 27.5126
-30.6263 27.5146

-30.5799 27.4023
-30.6031 27.4585

-30.6255 27.5126
-30.6031 27.4585

-30.6263 27.5146
-30.6496 27.5708

-30.6496 27.5708
-30.6728 27.627

-30.6816 27.6482
-30.6728 27.627

-30.4009 26.9665
-30.4183 27.0093

-30.4183 27.0093
-30.4412 27.0654

-30.4009 26.9665
-30.3954 26.9531

-30.457 27.104
-30.4412 27.0654

-30.7939 27.9174
-30.8135 27.9639

-30.8501 28.0499
-30.8613 28.0762

-30.8135 27.9639
-30.8374 28.02

-30.8501 28.0499
-30.8374 28.02

-30.7663 27.8516
-30.7899 27.9077

-30.7939 27.9174
-30.7898 27.9077

-30.8613 28.0762
-30.8853 28.1323

-30.9062 28.181
-30.8854 28.1323

-26.4141 15.2762
-26.423 15.3296

-26.423 15.3296
-26.4326 15.3857

-26.4326 15.3857
-26.4423 15.4419

-26.4423 15.4419
-26.4522 15.498

-26.4702 15.5985
-26.4724 15.6104

-26.4521 15.498
-26.4622 15.5542

-26.4702 15.5986
-26.4622 15.5542

-26.4723 15.6104
-26.4827 15.6665

-26.4827 15.6665
-26.4932 15.7227

-26.5264 15.8953
-26.5366 15.9473

-26.4932 15.7227
-26.5038 15.7788

-26.5038 15.7788
-26.5146 15.835

-26.5146 15.835
-26.5255 15.8911

-26.5264 15.8954
-26.5255 15.8911

-26.5366 15.9473
-26.5478 16.0034

-26.5478 16.0034
-26.5591 16.0596

-26.5591 16.0596
-26.5706 16.1157

-26.5706 16.1157
-26.5822 16.1719

-26.3018 14.4544
-26.3054 14.4873

-26.3054 14.4873
-26.3118 14.5435

-26.3118 14.5435
-26.3183 14.5996

-26.2931 14.375
-26.2992 14.4312

-26.3018 14.4546
-26.2992 14.4312

-26.3183 14.5996
-26.3251 14.6558

-26.3251 14.6558
-26.3319 14.7119

-26.3319 14.7119
-26.3389 14.7681

-26.3388 14.7681
-26.346 14.8242

-26.3579 14.9136
-26.361 14.9365

-26.346 14.8242
-26.3534 14.8804

-26.3579 14.9138
-26.3533 14.8804

-26.361 14.9365
-26.369 14.9927

-26.369 14.9927
-26.3774 15.0488

-26.3774 15.0488
-26.3861 15.105

-26.3862 15.105
-26.3951 15.1611

-26.3951 15.1611
-26.4043 15.2173

-26.4043 15.2173
-26.4136 15.2734

-26.4141 15.2764
-26.4136 15.2734

-26.6387 16.4382
-26.6418 16.4526

-26.6418 16.4526
-26.654 16.5088

-26.654 16.5088
-26.6664 16.5649

-26.6664 16.5649
-26.679 16.6211

-26.5825 16.1736
-26.5939 16.228

-26.5939 16.228
-26.6057 16.2842

-26.5825 16.1737
-26.5821 16.1719

-26.6057 16.2842
-26.6176 16.3403

-26.6176 16.3403
-26.6296 16.3965

-26.6387 16.4382
-26.6296 16.3965

-26.6948 16.6912
-26.7045 16.7334

-26.679 16.6211
-26.6916 16.6772

-26.6948 16.6912
-26.6916 16.6772

-26.7045 16.7334
-26.7174 16.7896

-26.7174 16.7896
-26.7305 16.8457

-26.751 16.9324
-26.7571 16.958

-26.757 16.958
-26.7705 17.0142

-26.7705 17.0142
-26.784 17.0703

-26.7305 16.8457
-26.7437 16.9019

-26.751 16.9325
-26.7437 16.9019

-26.8633 17.3904
-26.8676 17.4072

-26.8675 17.4072
-26.8819 17.4634

-26.8819 17.4634
-26.8964 17.5195

-26.9194 17.608
-26.9257 17.6318

-26.8964 17.5195
-26.911 17.5757

-26.9194 17.608
-26.911 17.5757

-26.9257 17.6318
-26.9405 17.688

-26.9405 17.688
-26.9553 17.7441

-26.9756 17.8201
-26.9853 17.8564

-26.9853 17.8564
-27.0005 17.9126

-27.0005 17.9126
-27.0157 17.9688

-26.9553 17.7441
-26.9703 17.8003

-26.9756 17.8202
-26.9703 17.8003

-26.8071 17.1652
-26.8114 17.1826

-26.784 17.0703
-26.7976 17.1265

-26.8071 17.1652
-26.7976 17.1265

-26.8114 17.1826
-26.8252 17.2388

-26.8252 17.2388
-26.8392 17.2949

-26.8392 17.2949
-26.8533 17.3511

-26.8633 17.3904
-26.8533 17.3511

-27.0879 18.2265
-27.0945 18.2495

-27.0945 18.2495
-27.1107 18.3057

-27.1107 18.3057
-27.1271 18.3618

-27.1271 18.3618
-27.1437 18.418

-27.0317 18.0269
-27.0468 18.0811

-27.0158 17.9688
-27.0312 18.0249

-27.0317 18.027
-27.0312 18.0249

-27.0468 18.0811
-27.0625 18.1372

-27.0625 18.1372
-27.0784 18.1934

-27.0879 18.2266
-27.0784 18.1934

-27.2002 18.605
-27.2118 18.6426

-27.144 18.4193
-27.1604 18.4741

-27.1604 18.4741
-27.1773 18.5303

-27.144 18.4193
-27.1436 18.418

-27.1773 18.5303
-27.1945 18.5864

-27.2002 18.6051
-27.1944 18.5864

-27.2117 18.6426
-27.2292 18.6987

-27.2292 18.6987
-27.2468 18.7549

-27.2563 18.7849
-27.2646 18.811

-27.2646 18.811
-27.2826 18.8672

-27.2563 18.7849
-27.2468 18.7549

-27.2826 18.8672
-27.3007 18.9233

-27.3125 18.9597
-27.3007 18.9233

-31.8047 30.322
-31.8048 30.3223

-31.8048 30.3223
-31.8284 30.3784

-31.8284 30.3784
-31.852 30.4346

-31.8608 30.4557
-31.8756 30.4907

-31.8756 30.4907
-31.8992 30.5469

-31.8608 30.4557
-31.852 30.4346

-31.3555 29.2422
-31.361 29.2554

-31.361 29.2554
-31.3844 29.3115

-31.4116 29.3769
-31.4311 29.4238

-31.3844 29.3115
-31.4078 29.3677

-31.4116 29.3769
-31.4078 29.3677

-31.4678 29.5123
-31.4776 29.5361

-31.5239 29.648
-31.5241 29.6484

-31.4776 29.5361
-31.5009 29.5923

-31.5239 29.648
-31.5009 29.5923

-31.4311 29.4238
-31.4544 29.48

-31.4678 29.5123
-31.4544 29.48

-31.2432 28.9741
-31.2434 28.9746

-31.187 28.8405
-31.1962 28.8623

-31.1489 28.75
-31.1726 28.8062

-31.187 28.8405
-31.1726 28.8062

-31.1962 28.8623
-31.2198 28.9185

-31.2432 28.9741
-31.2198 28.9185

-31.2434 28.9746
-31.2669 29.0308

-31.2669 29.0308
-31.2905 29.0869

-31.2993 29.108
-31.314 29.1431

-31.314 29.1431
-31.3375 29.1992

-31.2993 29.108
-31.2905 29.0869

-31.3555 29.2422
-31.3375 29.1992

-31.5801 29.7836
-31.5939 29.8169

-31.5939 29.8169
-31.6172 29.873

-31.6924 30.0537
-31.7107 30.0977

-31.6362 29.9189
-31.6405 29.9292

-31.6405 29.9292
-31.6639 29.9854

-31.6362 29.9189
-31.6172 29.873

-31.6639 29.9854
-31.6873 30.0415

-31.6924 30.0537
-31.6873 30.0415

-31.5241 29.6484
-31.5473 29.7046

-31.5473 29.7046
-31.5706 29.7607

-31.5801 29.7837
-31.5706 29.7607

-31.7485 30.188
-31.7577 30.21

-31.7107 30.0977
-31.7342 30.1538

-31.7485 30.188
-31.7342 30.1538

-31.7577 30.21
-31.7813 30.2661

-31.8047 30.322
-31.7813 30.2661

-32.2539 31.3847
-32.2558 31.3892

-32.2558 31.3892
-32.2798 31.4453

-32.0293 30.8553
-32.0413 30.8838

-32.0854 30.9881
-32.0888 30.9961

-32.0413 30.8838
-32.0651 30.9399

-32.0854 30.9881
-32.0651 30.9399

-31.917 30.5891
-31.9228 30.603

-31.9228 30.603
-31.9465 30.6592

-31.9731 30.7223
-31.9939 30.7715

-31.9465 30.6592
-31.9702 30.7153

-31.9731 30.7224
-31.9702 30.7153

-31.917 30.5891
-31.8992 30.5469

-31.9939 30.7715
-32.0176 30.8276

-32.0293 30.8553
-32.0176 30.8276

-32.1416 31.1206
-32.1602 31.1646

-32.1602 31.1646
-32.1841 31.2207

-32.0888 30.9961
-32.1126 31.0522

-32.1126 31.0522
-32.1364 31.1084

-32.1416 31.1207
-32.1364 31.1084

-32.1978 31.2529
-32.2079 31.2769

-32.2079 31.2769
-32.2318 31.333

-32.1978 31.2529
-32.1841 31.2207

-32.2539 31.3848
-32.2318 31.333

-32.3662 31.6465
-32.3763 31.6699

-32.3101 31.516
-32.3279 31.5576

-32.2798 31.4453
-32.3038 31.5015

-32.3101 31.516
-32.3038 31.5015

-32.3279 31.5576
-32.3521 31.6138

-32.3662 31.6466
-32.3521 31.6138

-32.4224 31.7766
-32.4248 31.7822

-32.3763 31.6699
-32.4005 31.7261

-32.4224 31.7766
-32.4005 31.7261

-32.4248 31.7822
-32.4491 31.8384

-32.4491 31.8384
-32.4734 31.8945

-32.4785 31.9063
-32.4978 31.9507

-32.4978 31.9507
-32.5221 32.0068

-32.5347 32.0357
-32.5465 32.063

-32.5465 32.063
-32.5709 32.1191

-32.5347 32.0357
-32.5221 32.0068

-32.5908 32.1649
-32.5953 32.1753

-32.5953 32.1753
-32.6197 32.2314

-32.647 32.2941
-32.6685 32.3438

-32.6197 32.2314
-32.6441 32.2876

-32.647 32.2941
-32.6441 32.2876

-32.5908 32.165
-32.5709 32.1191

-32.4785 31.9063
-32.4734 31.8945

-32.7031 32.4233
-32.7173 32.4561

-32.7593 32.5527
-32.7661 32.5684

-32.7173 32.4561
-32.7417 32.5122

-32.7593 32.5527
-32.7417 32.5122

-32.8154 32.6822
-32.839 32.7368

-32.839 32.7368
-32.8633 32.793

-32.7661 32.5684
-32.7904 32.6245

-32.7904 32.6245
-32.8148 32.6807

-32.8154 32.6822
-32.8147 32.6807

-32.9277 32.9425
-32.9359 32.9614

-32.9359 32.9614
-32.96 33.0176

-33.04 33.2043
-33.0563 33.2422

-32.9839 33.0732
-32.9841 33.0737

-32.9841 33.0737
-33.0082 33.1299

-32.9839 33.0732
-32.96 33.0176

-33.0082 33.1299
-33.0322 33.186

-33.04 33.2043
-33.0322 33.186

-32.8716 32.8122
-32.8875 32.8491

-32.8875 32.8491
-32.9117 32.9053

-32.8716 32.8122
-32.8633 32.793

-32.9277 32.9425
-32.9117 32.9053

-33.1523 33.4672
-33.1763 33.5229

-33.1763 33.5229
-33.2004 33.5791

-33.2085 33.5978
-33.2246 33.6353

-33.2246 33.6353
-33.2489 33.6914

-33.2085 33.5979
-33.2004 33.5791

-33.377 33.9871
-33.3948 34.0283

-33.4331 34.1164
-33.4436 34.1406

-33.3948 34.0283
-33.4192 34.0845

-33.4331 34.1164
-33.4192 34.0845

-33.2646 33.7279
-33.2732 33.7476

-33.2732 33.7476
-33.2975 33.8037

-33.3208 33.8575
-33.3218 33.8599

-33.3218 33.8599
-33.3461 33.916

-33.3208 33.8576
-33.2975 33.8037

-33.2646 33.7279
-33.2489 33.6914

-33.3461 33.916
-33.3705 33.9722

-33.377 33.9871
-33.3705 33.9722

-33.0962 33.3357
-33.1042 33.3545

-33.0563 33.2422
-33.0802 33.2983

-33.0962 33.3357
-33.0802 33.2983

-33.1042 33.3545
-33.1282 33.4106

-33.1282 33.4106
-33.1522 33.4668

-33.1523 33.4672
-33.1522 33.4668

-33.6016 34.5052
-33.6382 34.5898

-33.8262 35.0214
-33.8339 35.0391

-33.6382 34.5898
-33.7358 34.8145

-33.8262 35.0214
-33.7359 34.8145

-34.0508 35.5382
-34.2238 35.9375

-33.8341 35.0391
-34.0294 35.4883

-34.0508 35.5384
-34.029 35.4883

-33.4893 34.2459
-33.4923 34.2529

-33.4923 34.2529
-33.5167 34.3091

-33.5167 34.3091
-33.5411 34.3652

-33.4436 34.1406
-33.468 34.1968

-33.4893 34.2459
-33.468 34.1968

-33.5454 34.3753
-33.5654 34.4214

-33.5654 34.4214
-33.5896 34.4775

-33.5454 34.3753
-33.541 34.3652

-33.6016 34.5052
-33.5896 34.4775

-32.6685 32.3438
-32.6929 32.3999

-32.7031 32.4233
-32.6929 32.3999

-34.5 36.5702
-34.2219 35.9375

-77.625 121.089
-78.2286 122.188

-81.2188 127.606
-82.1949 129.375

-79.4219 124.353
-80.2108 125.781

-78.2278 122.188
-79.2173 123.984

-79.4219 124.36
-79.2145 123.984

-80.212 125.781
-81.2047 127.578

-81.2188 127.607
-81.2027 127.578

-84.8125 134.083
-85.1905 134.766

-85.1851 134.766
-86.1858 136.562

-90.2031 143.478
-90.3693 143.75

-88.4062 140.448
-89.2769 141.953

-90.2031 143.506
-89.2539 141.953

-86.6094 137.303
-87.2096 138.359

-87.2116 138.359
-88.2422 140.156

-86.6094 137.318
-86.1801 136.562

-88.4062 140.452
-88.235 140.156

-83.0156 130.855
-83.1918 131.172

-83.1943 131.172
-84.1956 132.969

-83.0156 130.858
-82.1922 129.375

-84.8125 134.08
-84.1972 132.969

-75.8281 117.815
-76.2551 118.594

-74.2884 115
-75.2704 116.797

-75.8281 117.817
-75.269 116.797

-76.2554 118.594
-77.2417 120.391

-77.625 121.091
-77.2404 120.391

-90.3797 143.75
-91.528 145.547

-92 146.353
-91.5177 145.547

