-45.2695 0
-45.269 0.0561523

-45.269 0.0561523
-45.2676 0.112305

-45.2676 0.112305
-45.2652 0.168457

-45.2652 0.168457
-45.2619 0.224609

-45.2619 0.224609
-45.2576 0.280762

-45.2576 0.280762
-45.2524 0.336914

-45.2524 0.336914
-45.2462 0.393066

-45.2462 0.393066
-45.2391 0.449219

-45.2391 0.449219
-45.231 0.505371

-45.231 0.505371
-45.2251 0.541824

-45.2251 0.54182
-45.2219 0.561523

-45.2219 0.561523
-45.2119 0.617676

-45.2119 0.617676
-45.2009 0.673828

-45.2009 0.673828
-45.189 0.72998

-45.189 0.72998
-45.1761 0.786133

-45.1761 0.786133
-45.1689 0.814924

-45.1689 0.814922
-45.1622 0.842285

-45.1622 0.842285
-45.1473 0.898438

-45.1473 0.898438
-45.1314 0.95459

-45.1314 0.95459
-45.1145 1.01074

-45.1145 1.01074
-45.1128 1.01603

-45.1128 1.01605
-45.0966 1.06689

-45.0966 1.06689
-45.0776 1.12305

-45.0777 1.12305
-45.0577 1.1792

-45.0577 1.1792
-45.0566 1.182

-45.0566 1.18202
-45.0367 1.23535

-45.0367 1.23535
-45.0146 1.2915

-45.0146 1.2915
-45.0005 1.32587

-45.0005 1.32587
-44.9915 1.34766

-44.9915 1.34766
-44.9673 1.40381

-44.9673 1.40381
-44.9443 1.45482

-44.9443 1.45483
-44.942 1.45996

-44.942 1.45996
-44.9156 1.51611

-44.9156 1.51611
-44.8882 1.57206

-44.8882 1.57206
-44.8881 1.57227

-44.8881 1.57227
-44.8594 1.62842

-44.8594 1.62842
-44.832 1.67993

-44.832 1.67994
-44.8296 1.68457

-44.8296 1.68457
-44.7985 1.74072

-44.7986 1.74072
-44.7759 1.78022

-44.7759 1.78022
-44.7663 1.79688

-44.7663 1.79688
-44.7329 1.85303

-44.7329 1.85303
-44.7197 1.87428

-44.7197 1.87429
-44.6982 1.90918

-44.6982 1.90918
-44.6636 1.96314

-44.6636 1.96314
-44.6622 1.96533

-44.6622 1.96533
-44.6249 2.02148

-44.6249 2.02148
-44.6074 2.04687

-44.6074 2.04689
-44.5863 2.07764

-44.5863 2.07764
-44.5513 2.12678

-44.5513 2.12678
-44.5463 2.13379

-44.5463 2.13379
-44.5049 2.18994

-44.5049 2.18994
-44.4951 2.20278

-44.4951 2.20279
-44.4621 2.24609

-44.4621 2.24609
-44.439 2.27545

-44.439 2.27545
-44.4178 2.30225

-44.4178 2.30225
-44.3828 2.34522

-44.3828 2.34522
-44.3721 2.3584

-44.3721 2.3584
-44.3267 2.4123

-44.3267 2.41231
-44.3248 2.41455

-44.3248 2.41455
-44.2759 2.4707

-44.2759 2.4707
-44.2705 2.47668

-44.2705 2.47669
-44.2254 2.52686

-44.2254 2.52686
-44.2144 2.53873

-44.2144 2.53874
-44.1732 2.58301

-44.1732 2.58301
-44.1582 2.59866

-44.1582 2.59867
-44.1193 2.63916

-44.1194 2.63916
-44.1021 2.65663

-44.1021 2.65664
-44.0637 2.69531

-44.0634 2.69531
-44.0459 2.71281

-44.0459 2.71288
-44.006 2.75146

-44.0059 2.75146
-43.9897 2.76713

-43.9897 2.76721
-43.9467 2.80762

-43.9466 2.80762
-43.9336 2.81979

-43.9336 2.81989
-43.8854 2.86377

-43.8853 2.86377
-43.8774 2.8709

-43.8774 2.87103
-43.8222 2.91992

-43.822 2.91992
-43.8213 2.92056

-43.8213 2.92074
-43.7651 2.96909

-43.7651 2.96899
-43.7567 2.97607

-43.7568 2.97607
-43.709 3.01615

-43.709 3.0161
-43.6892 3.03223

-43.6893 3.03223
-43.6528 3.06197

-43.6528 3.06197
-43.6197 3.08838

-43.6196 3.08838
-43.5967 3.10662

-43.5967 3.10664
-43.5479 3.14453

-43.5477 3.14453
-43.5405 3.1501

-43.5405 3.15021
-43.4844 3.19273

-43.4844 3.19266
-43.4735 3.20068

-43.4736 3.20068
-43.4282 3.23423

-43.4282 3.23423
-43.3969 3.25684

-43.3969 3.25684
-43.3721 3.27478

-43.3721 3.27479
-43.318 3.31299

-43.3178 3.31299
-43.3159 3.31432

-43.3159 3.31443
-43.2598 3.3532

-43.2598 3.35319
-43.2362 3.36914

-43.2362 3.36914
-43.2036 3.39114

-43.2036 3.39114
-43.152 3.42529

-43.1518 3.42529
-43.1475 3.42819

-43.1475 3.42827
-43.0913 3.46465

-43.0913 3.46465
-43.0649 3.48145

-43.0648 3.48145
-43.0352 3.50029

-43.0352 3.50029
-42.979 3.53523

-42.979 3.53516
-42.975 3.5376

-42.9751 3.5376
-42.9229 3.56947

-42.9229 3.56948
-42.8823 3.59375

-42.8822 3.59375
-42.8667 3.60304

-42.8667 3.60308
-42.8105 3.63606

-42.8105 3.63605
-42.7865 3.6499

-42.7865 3.6499
-42.7544 3.66843

-42.7544 3.66843
-42.6982 3.70024

-42.6982 3.7002
-42.6877 3.70605

-42.6878 3.70605
-42.6421 3.73147

-42.6421 3.73147
-42.5859 3.76218

-42.5859 3.76213
-42.5858 3.76221

-42.5859 3.76221
-42.5298 3.79236

-42.5298 3.79237
-42.4806 3.81836

-42.4805 3.81836
-42.4736 3.822

-42.4736 3.82205
-42.4175 3.85127

-42.4175 3.85128
-42.3721 3.87451

-42.372 3.87451
-42.3613 3.87998

-42.3613 3.88001
-42.3052 3.90833

-42.3052 3.90834
-42.2602 3.93066

-42.2601 3.93066
-42.249 3.93617

-42.249 3.9362
-42.1929 3.96367

-42.1929 3.96369
-42.1449 3.98682

-42.1448 3.98682
-42.1367 3.9907

-42.1367 3.99074
-42.0806 4.01743

-42.0806 4.01745
-42.0261 4.04297

-42.026 4.04297
-42.0244 4.04369

-42.0244 4.04374
-41.9683 4.06971

-41.9683 4.06973
-41.9121 4.09536

-41.9121 4.09534
-41.9037 4.09912

-41.9037 4.09912
-41.856 4.12063

-41.856 4.12064
-41.7998 4.14562

-41.7998 4.14562
-41.7778 4.15527

-41.7778 4.15527
-41.7437 4.17028

-41.7437 4.17028
-41.6875 4.19467

-41.6875 4.19469
-41.6485 4.21143

-41.6484 4.21143
-41.6313 4.21874

-41.6313 4.21875
-41.5752 4.24258

-41.5752 4.2426
-41.519 4.26617

-41.519 4.26615
-41.5156 4.26758

-41.5156 4.26758
-41.4629 4.28946

-41.4629 4.28947
-41.4067 4.31255

-41.4067 4.31256
-41.3793 4.32373

-41.3792 4.32373
-41.3506 4.33537

-41.3506 4.33538
-41.2944 4.35801

-41.2944 4.35803
-41.2397 4.37988

-41.2395 4.37988
-41.2383 4.38038

-41.2383 4.38041
-41.1821 4.40261

-41.1821 4.40263
-41.126 4.42465

-41.126 4.42466
-41.0967 4.43604

-41.0966 4.43604
-41.0698 4.44645

-41.0698 4.44645
-41.0137 4.46811

-41.0137 4.46813
-40.9575 4.48961

-40.9575 4.4896
-40.9507 4.49219

-40.9507 4.49219
-40.9014 4.51089

-40.9014 4.5109
-40.8452 4.53208

-40.8452 4.53209
-40.8018 4.54834

-40.8017 4.54834
-40.7891 4.55306

-40.7891 4.55307
-40.7329 4.57395

-40.7329 4.57397
-40.6768 4.59472

-40.6768 4.59474
-40.6502 4.60449

-40.6501 4.60449
-40.6206 4.61531

-40.6206 4.61531
-40.5645 4.63582

-40.5645 4.63584
-40.5083 4.65624

-40.5083 4.65624
-40.4961 4.66064

-40.496 4.66064
-40.4521 4.67648

-40.4521 4.67649
-40.396 4.69669

-40.396 4.69671
-40.3398 4.7168

-40.3398 4.7168
-40.2837 4.73677

-40.2837 4.73678
-40.2275 4.75672

-40.2275 4.75674
-40.1817 4.77295

-40.1816 4.77295
-40.1714 4.77654

-40.1714 4.77655
-40.1152 4.79634

-40.1152 4.79635
-40.0591 4.81609

-40.0591 4.8161
-40.022 4.8291

-40.0218 4.8291
-40.0029 4.83572

-40.0029 4.83572
-39.9468 4.85534

-39.9468 4.85536
-39.8906 4.87495

-39.8906 4.87496
-39.861 4.88525

-39.8609 4.88525
-39.8345 4.89444

-39.8345 4.89443
-39.7783 4.91393

-39.7783 4.91396
-39.7222 4.93344

-39.7222 4.93345
-39.6992 4.94141

-39.6991 4.94141
-39.666 4.95284

-39.666 4.95284
-39.6099 4.97227

-39.6099 4.97229
-39.5537 4.99171

-39.5537 4.99172
-39.5368 4.99756

-39.5367 4.99756
-39.4976 5.01107

-39.4976 5.01107
-39.4414 5.03048

-39.4414 5.0305
-39.3853 5.0499

-39.3853 5.04991
-39.3742 5.05371

-39.3742 5.05371
-39.3291 5.06927

-39.3291 5.06927
-39.2729 5.0887

-39.2729 5.08872
-39.2168 5.10815

-39.2168 5.10816
-39.2119 5.10986

-39.2118 5.10986
-39.1606 5.12757

-39.1606 5.12757
-39.1045 5.14706

-39.1045 5.14708
-39.05 5.16602

-39.0499 5.16602
-39.0483 5.16656

-39.0483 5.16656
-38.9922 5.1861

-38.9922 5.18611
-38.936 5.20571

-38.936 5.20573
-38.889 5.22217

-38.8889 5.22217
-38.8799 5.22532

-38.8799 5.22532
-38.8237 5.245

-38.8237 5.24501
-38.7676 5.26477

-38.7676 5.26478
-38.7292 5.27832

-38.7291 5.27832
-38.7114 5.28454

-38.7114 5.28454
-38.6553 5.3044

-38.6553 5.30442
-38.5991 5.32437

-38.5991 5.32439
-38.5708 5.33447

-38.5707 5.33447
-38.543 5.34435

-38.543 5.34435
-38.4868 5.36444

-38.4868 5.36447
-38.4307 5.38466

-38.4307 5.38467
-38.4141 5.39062

-38.4141 5.39062
-38.3745 5.40489

-38.3745 5.40489
-38.3184 5.42526

-38.3184 5.42529
-38.2622 5.44576

-38.2622 5.44577
-38.2595 5.44678

-38.2594 5.44678
-38.2061 5.4663

-38.2061 5.46631
-38.1499 5.48701

-38.1499 5.48702
-38.107 5.50293

-38.1069 5.50293
-38.0938 5.5078

-38.0938 5.5078
-38.0376 5.52873

-38.0376 5.52874
-37.9814 5.54982

-37.9814 5.54984
-37.9569 5.55908

-37.9569 5.55908
-37.9253 5.57099

-37.9253 5.57099
-37.8691 5.59233

-37.8691 5.59236
-37.813 5.61385

-37.813 5.61387
-37.8095 5.61523

-37.8093 5.61523
-37.7568 5.63546

-37.7568 5.63547
-37.7007 5.65728

-37.7007 5.6573
-37.6647 5.67139

-37.6646 5.67139
-37.6445 5.67924

-37.6445 5.67923
-37.5884 5.70138

-37.5884 5.70141
-37.5322 5.72374

-37.5322 5.72376
-37.5228 5.72754

-37.5227 5.72754
-37.4761 5.74621

-37.4761 5.74623
-37.4199 5.76894

-37.4199 5.76896
-37.3838 5.78369

-37.3837 5.78369
-37.3638 5.79184

-37.3638 5.79183
-37.3076 5.81495

-37.3076 5.81497
-37.2515 5.83831

-37.2515 5.83834
-37.2479 5.83984

-37.2477 5.83984
-37.1953 5.86183

-37.1953 5.86185
-37.1392 5.88565

-37.1392 5.88567
-37.115 5.896

-37.1149 5.896
-37.083 5.90965

-37.083 5.90966
-37.0269 5.93394

-37.0269 5.93396
-36.9852 5.95215

-36.9852 5.95215
-36.9707 5.95847

-36.9707 5.95845
-36.9146 5.98325

-36.9146 5.98328
-36.8585 6.0083

-36.8584 6.00832
-36.8022 6.03367

-36.8022 6.03368
-36.7461 6.05933

-36.7461 6.05937
-36.7351 6.06445

-36.735 6.06445
-36.6899 6.08525

-36.6899 6.08527
-36.6338 6.11153

-36.6338 6.11156
-36.6147 6.12061

-36.6146 6.12061
-36.5776 6.13808

-36.5776 6.13808
-36.5215 6.16499

-36.5215 6.16502
-36.4973 6.17676

-36.4972 6.17676
-36.4653 6.19222

-36.4653 6.19222
-36.4092 6.21982

-36.4092 6.21985
-36.383 6.23291

-36.3829 6.23291
-36.353 6.24776

-36.353 6.24777
-36.2969 6.2761

-36.2969 6.27613
-36.2716 6.28906

-36.2715 6.28906
-36.2407 6.3048

-36.2407 6.30481
-36.1846 6.33392

-36.1846 6.33396
-36.1632 6.34521

-36.1631 6.34521
-36.1284 6.36342

-36.1284 6.36343
-36.0723 6.39336

-36.0723 6.39341
-36.0576 6.40137

-36.0574 6.40137
-36.0161 6.42372

-36.0161 6.42374
-35.96 6.45455

-35.96 6.45462
-35.9548 6.45752

-35.9546 6.45752
-35.9038 6.48581

-35.9038 6.48583
-35.8546 6.51367

-35.8546 6.51367
-35.8477 6.51758

-35.8477 6.51755
-35.7915 6.54978

-35.7915 6.54981
-35.7572 6.56982

-35.7571 6.56982
-35.7354 6.58251

-35.7354 6.58251
-35.6792 6.61576

-35.6792 6.61582
-35.6623 6.62598

-35.6622 6.62598
-35.623 6.64954

-35.623 6.64955
-35.5698 6.68213

-35.5698 6.68213
-35.5669 6.68391

-35.5669 6.68386
-35.5107 6.71875

-35.5107 6.71878
-35.4799 6.73828

-35.4798 6.73828
-35.4546 6.75421

-35.4546 6.75423
-35.3984 6.79029

-35.3984 6.79039
-35.3922 6.79443

-35.3921 6.79443
-35.3423 6.82697

-35.3423 6.82699
-35.3068 6.85059

-35.3068 6.85059
-35.2861 6.86429

-35.2861 6.86429
-35.23 6.90226

-35.23 6.90235
-35.2236 6.90674

-35.2234 6.90674
-35.1738 6.94088

-35.1738 6.94092
-35.1425 6.96289

-35.1424 6.96289
-35.1177 6.98021

-35.1177 6.98023
-35.0632 7.01904

-35.0633 7.01904
-35.0615 7.02033

-35.0615 7.02026
-35.0054 7.06104

-35.0054 7.0611
-34.9863 7.0752

-34.9862 7.0752
-34.9492 7.10257

-34.9492 7.10259
-34.9111 7.13135

-34.911 7.13135
-34.8931 7.1449

-34.8931 7.14491
-34.8376 7.1875

-34.8377 7.1875
-34.8369 7.1881

-34.8369 7.18801
-34.7808 7.23197

-34.7808 7.23205
-34.7662 7.24365

-34.7661 7.24365
-34.7246 7.27676

-34.7246 7.27682
-34.6964 7.2998

-34.6963 7.2998
-34.6685 7.32246

-34.6685 7.32248
-34.6281 7.35596

-34.6281 7.35596
-34.6123 7.36909

-34.6123 7.36908
-34.5615 7.41211

-34.5616 7.41211
-34.5562 7.41668

-34.5562 7.41662
-34.5 7.46514

-34.5 26.7461
-34.5131 26.7847

-34.5131 26.7847
-34.5323 26.8408

-34.5562 26.9108
-34.5706 26.9531

-34.5323 26.8408
-34.5514 26.897

-34.5562 26.9108
-34.5514 26.897

-34.6123 27.0753
-34.6281 27.1216

-34.6281 27.1216
-34.6473 27.1777

-34.5706 26.9531
-34.5897 27.0093

-34.5897 27.0093
-34.6089 27.0654

-34.6123 27.0754
-34.6089 27.0654

-34.6685 27.2398
-34.6856 27.29

-34.6473 27.1777
-34.6664 27.2339

-34.6685 27.2398
-34.6664 27.2339

-34.6856 27.29
-34.7048 27.3462

-34.7048 27.3462
-34.724 27.4023

-34.7246 27.4041
-34.7432 27.4585

-34.7432 27.4585
-34.7624 27.5146

-34.7808 27.5684
-34.7816 27.5708

-34.7816 27.5708
-34.8008 27.627

-34.7808 27.5684
-34.7624 27.5146

-34.8369 27.7326
-34.8392 27.7393

-34.8392 27.7393
-34.8584 27.7954

-34.8584 27.7954
-34.8776 27.8516

-34.8008 27.627
-34.82 27.6831

-34.8369 27.7326
-34.82 27.6831

-34.7246 27.4041
-34.724 27.4023

-34.9492 28.0604
-34.9546 28.0762

-34.9546 28.0762
-34.9739 28.1323

-34.9739 28.1323
-34.9932 28.1885

-35.0054 28.2238
-35.0125 28.2446

-35.0125 28.2446
-35.0319 28.3008

-35.0054 28.2238
-34.9932 28.1885

-35.1738 28.7105
-35.1876 28.75

-35.0615 28.3866
-35.0707 28.4131

-35.0707 28.4131
-35.0901 28.4692

-35.0901 28.4692
-35.1095 28.5254

-35.0319 28.3008
-35.0513 28.3569

-35.0615 28.3867
-35.0513 28.3569

-35.1177 28.5489
-35.129 28.5815

-35.129 28.5815
-35.1485 28.6377

-35.1177 28.5489
-35.1095 28.5254

-35.1485 28.6377
-35.168 28.6938

-35.1738 28.7105
-35.168 28.6938

-34.8931 27.8967
-34.8968 27.9077

-34.8968 27.9077
-34.9161 27.9639

-34.8931 27.8967
-34.8776 27.8516

-34.9161 27.9639
-34.9353 28.02

-34.9492 28.0605
-34.9353 28.02

-36.2969 31.8129
-36.3063 31.8384

-36.3063 31.8384
-36.3271 31.8945

-36.4092 32.116
-36.4103 32.1191

-36.353 31.9646
-36.3687 32.0068

-36.3271 31.8945
-36.3479 31.9507

-36.353 31.9646
-36.3479 31.9507

-36.3687 32.0068
-36.3895 32.063

-36.4092 32.116
-36.3895 32.063

-36.4103 32.1191
-36.4312 32.1753

-36.4312 32.1753
-36.4521 32.2314

-36.4653 32.2671
-36.4729 32.2876

-36.4729 32.2876
-36.4938 32.3438

-36.4653 32.2671
-36.4521 32.2314

-35.3984 29.3499
-35.4047 29.3677

-35.4047 29.3677
-35.4247 29.4238

-35.4546 29.5079
-35.4647 29.5361

-35.4247 29.4238
-35.4446 29.48

-35.4546 29.5079
-35.4446 29.48

-35.4647 29.5361
-35.4847 29.5923

-35.4847 29.5923
-35.5048 29.6484

-35.623 29.9769
-35.6261 29.9854

-35.6261 29.9854
-35.6464 30.0415

-35.6464 30.0415
-35.6668 30.0977

-35.5107 29.665
-35.5249 29.7046

-35.5249 29.7046
-35.5451 29.7607

-35.5669 29.8214
-35.5855 29.873

-35.5451 29.7607
-35.5653 29.8169

-35.5669 29.8214
-35.5653 29.8169

-35.5107 29.665
-35.5048 29.6484

-35.5855 29.873
-35.6058 29.9292

-35.623 29.9769
-35.6058 29.9292

-35.7354 30.286
-35.7486 30.3223

-35.6792 30.1317
-35.6872 30.1538

-35.6872 30.1538
-35.7076 30.21

-35.6792 30.1317
-35.6668 30.0977

-35.7077 30.21
-35.7281 30.2661

-35.7354 30.286
-35.7281 30.2661

-35.7486 30.3223
-35.7691 30.3784

-35.7691 30.3784
-35.7896 30.4346

-35.7915 30.4397
-35.8102 30.4907

-35.8102 30.4907
-35.8308 30.5469

-35.7915 30.4397
-35.7896 30.4346

-35.1876 28.75
-35.2072 28.8062

-35.2072 28.8062
-35.2268 28.8623

-35.23 28.8715
-35.2464 28.9185

-35.2464 28.9185
-35.2661 28.9746

-35.23 28.8715
-35.2268 28.8623

-35.2861 29.0317
-35.3055 29.0869

-35.3423 29.1912
-35.3451 29.1992

-35.3055 29.0869
-35.3253 29.1431

-35.3423 29.1912
-35.3253 29.1431

-35.2661 28.9746
-35.2858 29.0308

-35.2861 29.0317
-35.2858 29.0308

-35.3451 29.1992
-35.3649 29.2554

-35.3649 29.2554
-35.3848 29.3115

-35.3984 29.3499
-35.3848 29.3115

-35.8477 30.593
-35.8514 30.603

-35.8513 30.603
-35.8719 30.6592

-35.9038 30.7459
-35.9132 30.7715

-35.8719 30.6592
-35.8926 30.7153

-35.9038 30.746
-35.8926 30.7153

-35.96 30.8987
-35.9751 30.9399

-35.9751 30.9399
-35.9958 30.9961

-35.9132 30.7715
-35.9338 30.8276

-35.9338 30.8276
-35.9545 30.8838

-35.96 30.8987
-35.9545 30.8838

-36.0723 31.2039
-36.0785 31.2207

-36.0785 31.2207
-36.0991 31.2769

-36.0991 31.2769
-36.1198 31.333

-36.1284 31.3563
-36.1405 31.3892

-36.1405 31.3892
-36.1612 31.4453

-36.1284 31.3563
-36.1198 31.333

-36.0161 31.0513
-36.0165 31.0522

-36.0164 31.0522
-36.0371 31.1084

-36.0161 31.0513
-35.9958 30.9961

-36.0371 31.1084
-36.0578 31.1646

-36.0723 31.2039
-36.0578 31.1646

-35.8477 30.593
-35.8308 30.5469

-36.1846 31.5087
-36.2026 31.5576

-36.2407 31.6609
-36.2441 31.6699

-36.2026 31.5576
-36.2233 31.6138

-36.2407 31.6609
-36.2233 31.6138

-36.1612 31.4453
-36.1819 31.5015

-36.1846 31.5087
-36.1819 31.5015

-36.2441 31.6699
-36.2648 31.7261

-36.2648 31.7261
-36.2855 31.7822

-36.2969 31.8129
-36.2855 31.7822

-36.7461 33.0193
-36.7665 33.0737

-36.7665 33.0737
-36.7875 33.1299

-36.8022 33.169
-36.8086 33.186

-36.8086 33.186
-36.8297 33.2422

-36.8022 33.1691
-36.7875 33.1299

-36.5215 32.418
-36.5357 32.4561

-36.5357 32.4561
-36.5566 32.5122

-36.5566 32.5122
-36.5775 32.5684

-36.6338 32.7191
-36.6404 32.7368

-36.6404 32.7368
-36.6614 32.793

-36.5776 32.5687
-36.5985 32.6245

-36.5985 32.6245
-36.6194 32.6807

-36.5776 32.5687
-36.5775 32.5684

-36.6338 32.7191
-36.6194 32.6807

-36.4938 32.3438
-36.5147 32.3999

-36.5215 32.418
-36.5147 32.3999

-36.6899 32.8693
-36.7034 32.9053

-36.6614 32.793
-36.6824 32.8491

-36.6899 32.8693
-36.6824 32.8491

-36.7034 32.9053
-36.7244 32.9614

-36.7244 32.9614
-36.7454 33.0176

-36.7461 33.0193
-36.7454 33.0176

-36.9707 33.617
-36.9776 33.6353

-36.9776 33.6353
-36.9988 33.6914

-36.8584 33.3186
-36.8719 33.3545

-36.8719 33.3545
-36.893 33.4106

-36.893 33.4106
-36.9141 33.4668

-36.8297 33.2422
-36.8508 33.2983

-36.8584 33.3186
-36.8508 33.2983

-36.9146 33.4679
-36.9353 33.5229

-36.9353 33.5229
-36.9564 33.5791

-36.9146 33.4679
-36.9141 33.4668

-36.9707 33.617
-36.9564 33.5791

-37.083 33.9146
-37.0836 33.916

-37.0269 33.7659
-37.0411 33.8037

-36.9988 33.6914
-37.0199 33.7476

-37.0269 33.7659
-37.0199 33.7476

-37.0411 33.8037
-37.0623 33.8599

-37.083 33.9146
-37.0623 33.8599

-37.0836 33.916
-37.1048 33.9722

-37.1048 33.9722
-37.1261 34.0283

-37.1392 34.0629
-37.1473 34.0845

-37.1473 34.0845
-37.1687 34.1406

-37.1392 34.0629
-37.1261 34.0283

-37.1953 34.2107
-37.2114 34.2529

-37.2515 34.3581
-37.2542 34.3652

-37.2114 34.2529
-37.2328 34.3091

-37.2515 34.3581
-37.2328 34.3091

-37.3076 34.505
-37.3186 34.5337

-37.3186 34.5337
-37.3401 34.5898

-37.2542 34.3652
-37.2756 34.4214

-37.2756 34.4214
-37.2971 34.4775

-37.3076 34.505
-37.2971 34.4775

-37.4199 34.7978
-37.4263 34.8145

-37.4263 34.8145
-37.4479 34.8706

-37.4479 34.8706
-37.4695 34.9268

-37.4761 34.9438
-37.4911 34.9829

-37.4911 34.9829
-37.5127 35.0391

-37.4761 34.9438
-37.4695 34.9268

-37.3638 34.6515
-37.3832 34.7021

-37.3401 34.5898
-37.3616 34.646

-37.3638 34.6515
-37.3616 34.646

-37.3832 34.7021
-37.4048 34.7583

-37.4199 34.7978
-37.4048 34.7583

-37.6445 35.3805
-37.6645 35.4321

-37.6645 35.4321
-37.6862 35.4883

-37.7568 35.6704
-37.7733 35.7129

-37.7007 35.5256
-37.708 35.5444

-37.708 35.5444
-37.7298 35.6006

-37.7007 35.5256
-37.6862 35.4883

-37.7298 35.6006
-37.7515 35.6567

-37.7568 35.6704
-37.7515 35.6567

-37.813 35.8149
-37.817 35.8252

-37.7733 35.7129
-37.7952 35.769

-37.813 35.8149
-37.7952 35.769

-37.817 35.8252
-37.8388 35.8813

-37.8388 35.8813
-37.8606 35.9375

-37.5322 35.0896
-37.5344 35.0952

-37.5344 35.0952
-37.556 35.1514

-37.5884 35.2352
-37.5994 35.2637

-37.556 35.1514
-37.5777 35.2075

-37.5884 35.2352
-37.5777 35.2075

-37.5322 35.0896
-37.5127 35.0391

-37.5994 35.2637
-37.6211 35.3198

-37.6211 35.3198
-37.6428 35.376

-37.6445 35.3806
-37.6428 35.376

-37.1687 34.1406
-37.19 34.1968

-37.1953 34.2108
-37.19 34.1968

-38.0938 36.5345
-38.1019 36.5552

-38.1019 36.5552
-38.1239 36.6113

-38.2061 36.8196
-38.2125 36.8359

-38.1499 36.6773
-38.1682 36.7236

-38.1239 36.6113
-38.146 36.6675

-38.1499 36.6773
-38.146 36.6675

-38.1682 36.7236
-38.1903 36.7798

-38.2061 36.8197
-38.1903 36.7798

-38.543 37.6715
-38.5456 37.6782

-38.5456 37.6782
-38.5679 37.7344

-38.3184 37.1038
-38.3235 37.1167

-38.3235 37.1167
-38.3457 37.1729

-38.3745 37.2458
-38.3901 37.2852

-38.3457 37.1729
-38.3679 37.229

-38.3745 37.2458
-38.3679 37.229

-38.2125 36.8359
-38.2347 36.8921

-38.2347 36.8921
-38.2569 36.9482

-38.2622 36.9617
-38.2791 37.0044

-38.2791 37.0044
-38.3013 37.0605

-38.2622 36.9618
-38.2569 36.9482

-38.3184 37.1038
-38.3013 37.0605

-38.4307 37.3878
-38.4345 37.3975

-38.4345 37.3975
-38.4567 37.4536

-38.4567 37.4536
-38.4789 37.5098

-38.3901 37.2852
-38.4123 37.3413

-38.4307 37.3878
-38.4123 37.3413

-38.4868 37.5297
-38.5012 37.5659

-38.5011 37.5659
-38.5234 37.6221

-38.4868 37.5297
-38.4789 37.5098

-38.543 37.6715
-38.5234 37.6221

-38.9922 38.7994
-38.9929 38.8013

-38.9929 38.8013
-39.0155 38.8574

-39.1045 39.0782
-39.1061 39.082

-39.0483 38.939
-39.0607 38.9697

-39.0155 38.8574
-39.0381 38.9136

-39.0483 38.939
-39.0381 38.9136

-39.0607 38.9697
-39.0834 39.0259

-39.1045 39.0782
-39.0834 39.0259

-39.2168 39.3561
-39.2195 39.3628

-39.2195 39.3628
-39.2422 39.4189

-39.2729 39.4949
-39.2876 39.5312

-39.2422 39.4189
-39.2649 39.4751

-39.2729 39.4949
-39.2649 39.4751

-39.106 39.082
-39.1287 39.1382

-39.1287 39.1382
-39.1514 39.1943

-39.1606 39.2171
-39.1741 39.2505

-39.1741 39.2505
-39.1968 39.3066

-39.1606 39.2171
-39.1514 39.1943

-39.2168 39.3561
-39.1968 39.3066

-38.6553 37.9546
-38.657 37.959

-38.5991 37.8131
-38.6124 37.8467

-38.5679 37.7344
-38.5901 37.7905

-38.5991 37.8132
-38.5901 37.7905

-38.6124 37.8467
-38.6347 37.9028

-38.6553 37.9546
-38.6347 37.9028

-38.657 37.959
-38.6793 38.0151

-38.6793 38.0151
-38.7016 38.0713

-38.7114 38.096
-38.7239 38.1274

-38.7239 38.1274
-38.7463 38.1836

-38.7114 38.096
-38.7016 38.0713

-38.7676 38.2372
-38.7686 38.2397

-38.7686 38.2397
-38.7909 38.2959

-38.8237 38.3781
-38.8357 38.4082

-38.7909 38.2959
-38.8133 38.3521

-38.8237 38.3781
-38.8133 38.3521

-38.8799 38.5188
-38.8806 38.5205

-38.8806 38.5205
-38.903 38.5767

-38.903 38.5767
-38.9254 38.6328

-38.8357 38.4082
-38.8581 38.4644

-38.8799 38.5188
-38.8581 38.4644

-38.7676 38.2372
-38.7463 38.1836

-38.936 38.6593
-38.9479 38.689

-38.9479 38.689
-38.9704 38.7451

-38.936 38.6593
-38.9254 38.6328

-38.9922 38.7994
-38.9704 38.7451

-39.8906 41.0225
-40.0159 41.3281

-40.0166 41.3281
-40.3876 42.2266

-40.3882 42.2266
-40.7612 43.125

-39.4414 39.9121
-39.469 39.9805

-39.469 39.9805
-39.5596 40.2051

-39.5596 40.2051
-39.6504 40.4297

-39.3291 39.6338
-39.333 39.6436

-39.333 39.6436
-39.3557 39.6997

-39.3557 39.6997
-39.3784 39.7559

-39.2876 39.5312
-39.3103 39.5874

-39.3291 39.6338
-39.3103 39.5874

-39.3853 39.7728
-39.4011 39.812

-39.4011 39.812
-39.4237 39.8682

-39.3853 39.7728
-39.3784 39.7559

-39.4414 39.9121
-39.4237 39.8682

-39.6502 40.4297
-39.8323 40.8789

-39.8906 41.0219
-39.832 40.8789

-37.8691 35.9593
-37.8825 35.9937

-37.8825 35.9937
-37.9043 36.0498

-37.9253 36.1036
-37.9262 36.106

-37.9262 36.106
-37.9481 36.1621

-37.9253 36.1036
-37.9043 36.0498

-37.9814 36.2476
-37.9919 36.2744

-37.9919 36.2744
-38.0138 36.3306

-38.0138 36.3306
-38.0358 36.3867

-37.9481 36.1621
-37.97 36.2183

-37.9814 36.2476
-37.97 36.2183

-37.8691 35.9593
-37.8606 35.9375

-38.0376 36.3913
-38.0578 36.4429

-38.0578 36.4429
-38.0798 36.499

-38.0376 36.3913
-38.0358 36.3867

-38.0938 36.5345
-38.0798 36.499

-41.6875 45.3275
-42.2801 46.7188

-43.4844 49.5029
-43.8377 50.3125

-42.2799 46.7188
-43.0538 48.5156

-43.4844 49.5089
-43.0508 48.5156

-45.2812 53.5603
-45.4362 53.9062

-45.4369 53.9062
-46.2521 55.7031

-46.251 55.7031
-47.076 57.5

-43.8382 50.3125
-44.6326 52.1094

-45.2812 53.5627
-44.6305 52.1094

-40.7592 43.125
-41.5132 44.9219

-41.6875 45.3381
-41.5102 44.9219

-63.25 90.1342
-64.0317 91.6406

-64.0316 91.6406
-64.9673 93.4375

-66.8438 97.0242
-66.8475 97.0312

-68.6406 100.438
-68.739 100.625

-66.8475 97.0312
-67.7917 98.8281

-68.6406 100.439
-67.7915 98.8281

-65.0469 93.5898
-65.9059 95.2344

-66.8438 97.0242
-65.9058 95.2344

-65.0469 93.5966
-64.9638 93.4375

-70.4375 103.834
-70.6413 104.219

-72.2344 107.214
-72.5533 107.812

-70.6412 104.219
-71.5958 106.016

-72.2344 107.216
-71.5948 106.016

-74.0312 110.577
-74.4754 111.406

-75.8281 113.925
-76.4073 115

-74.4752 111.406
-75.4396 113.203

-75.8281 113.928
-75.4375 113.203

-72.5535 107.812
-73.5134 109.609

-74.0312 110.579
-73.5122 109.609

-68.739 100.625
-69.6888 102.422

-70.4375 103.835
-69.6883 102.422

-48.875 61.3429
-49.6098 62.8906

-49.6099 62.8906
-50.4705 64.6875

-52.4688 68.8014
-53.0946 70.0781

-53.0949 70.0781
-53.9813 71.875

-50.6719 65.1036
-51.3389 66.4844

-51.3391 66.4844
-52.2138 68.2812

-50.6719 65.1119
-50.4669 64.6875

-52.4688 68.8085
-52.2103 68.2812

-56.0625 76.0515
-56.6717 77.2656

-56.6719 77.2656
-57.5782 79.0625

-59.6562 83.1511
-60.3218 84.4531

-60.3219 84.4531
-61.2442 86.25

-57.8594 79.6177
-58.4886 80.8594

-58.4887 80.8594
-59.4034 82.6562

-57.8594 79.6236
-57.5751 79.0625

-59.6562 83.157
-59.4003 82.6562

-54.2656 72.448
-54.8731 73.6719

-54.8733 73.6719
-55.7702 75.4688

-54.2656 72.4544
-53.978 71.875

-56.0625 76.0576
-55.767 75.4688

-47.0781 57.5027
-47.9121 59.2969

-47.912 59.2969
-48.7561 61.0938

-47.0781 57.5149
-47.0712 57.5

-48.875 61.3528
-48.752 61.0938

-61.4531 86.6556
-62.17 88.0469

-62.17 88.0469
-63.0993 89.8438

-61.4531 86.6617
-61.241 86.25

-63.25 90.1406
-63.096 89.8438

-34.5 7.4653
-34.4966 7.46826

-34.4964 7.46826
-34.4438 7.51466

-34.4438 7.51478
-34.4332 7.52441

-34.433 7.52441
-34.3877 7.56522

-34.3877 7.56532
-34.3711 7.58057

-34.371 7.58057
-34.3315 7.61686

-34.3315 7.61695
-34.3105 7.63672

-34.3104 7.63672
-34.2754 7.66962

-34.2754 7.6697
-34.2513 7.69287

-34.2512 7.69287
-34.2192 7.72354

-34.2192 7.72361
-34.1934 7.74902

-34.1932 7.74902
-34.1631 7.77863

-34.1631 7.77869
-34.1367 7.80518

-34.1365 7.80518
-34.1069 7.83521

-34.1069 7.83522
-34.0812 7.86133

-34.0812 7.86133
-34.0508 7.89285

-34.0508 7.89286
-34.027 7.91748

-34.027 7.91748
-33.9946 7.95183

-33.9946 7.95184
-33.9741 7.97363

-33.9741 7.97363
-33.9385 8.0122

-33.9385 8.0122
-33.9222 8.02979

-33.9223 8.02979
-33.8823 8.074

-33.8823 8.07399
-33.8715 8.08594

-33.8715 8.08594
-33.8262 8.13728

-33.8262 8.13727
-33.8219 8.14209

-33.8219 8.14209
-33.7734 8.19824

-33.7734 8.19824
-33.77 8.20219

-33.77 8.2022
-33.7258 8.25439

-33.7258 8.25439
-33.7139 8.26883

-33.7139 8.26885
-33.6793 8.31055

-33.6793 8.31055
-33.6577 8.33714

-33.6577 8.33717
-33.6338 8.3667

-33.6338 8.3667
-33.6016 8.40725

-33.6016 8.40725
-33.5892 8.42285

-33.5892 8.42285
-33.5455 8.479

-33.5455 8.479
-33.5454 8.47914

-33.5454 8.47915
-33.5028 8.53516

-33.5028 8.53516
-33.4893 8.55327

-33.4893 8.55331
-33.4609 8.59131

-33.4609 8.59131
-33.4331 8.62943

-33.4331 8.62944
-33.42 8.64746

-33.42 8.64746
-33.3798 8.70361

-33.3798 8.70361
-33.377 8.70773

-33.377 8.70775
-33.3406 8.75977

-33.3405 8.75977
-33.3208 8.7886

-33.3208 8.78864
-33.3021 8.81592

-33.3021 8.81592
-33.2646 8.8718

-33.2646 8.87178
-33.2645 8.87207

-33.2645 8.87207
-33.2276 8.92822

-33.2276 8.92822
-33.2085 8.95789

-33.2085 8.95793
-33.1915 8.98438

-33.1915 8.98438
-33.1562 9.04053

-33.1561 9.04053
-33.1523 9.0467

-33.1523 9.04672
-33.1216 9.09668

-33.1216 9.09668
-33.0962 9.13874

-33.0962 9.13877
-33.0877 9.15283

-33.0877 9.15283
-33.0546 9.20898

-33.0545 9.20898
-33.04 9.23405

-33.04 9.2341
-33.0221 9.26514

-33.0221 9.26514
-32.9903 9.32129

-32.9903 9.32129
-32.9839 9.33288

-32.9839 9.33293
-32.9592 9.37744

-32.9592 9.37744
-32.9288 9.43359

-32.9288 9.43359
-32.9277 9.43556

-32.9277 9.43558
-32.899 9.48975

-32.899 9.48975
-32.8716 9.54251

-32.8716 9.54252
-32.8698 9.5459

-32.8698 9.5459
-32.8413 9.60205

-32.8413 9.60205
-32.8154 9.65395

-32.8154 9.65397
-32.8133 9.6582

-32.8133 9.6582
-32.7859 9.71436

-32.786 9.71436
-32.7593 9.77024

-32.7593 9.77026
-32.7592 9.77051

-32.7591 9.77051
-32.7329 9.82666

-32.7329 9.82666
-32.7072 9.88281

-32.7072 9.88281
-32.7031 9.89186

-32.7031 9.89193
-32.682 9.93896

-32.682 9.93896
-32.6574 9.99512

-32.6573 9.99512
-32.647 10.0192

-32.647 10.0193
-32.6332 10.0513

-32.6332 10.0513
-32.6095 10.1074

-32.6095 10.1074
-32.5908 10.1525

-32.5908 10.1526
-32.5863 10.1636

-32.5863 10.1636
-32.5635 10.2197

-32.5635 10.2197
-32.5411 10.2759

-32.5411 10.2759
-32.5347 10.2923

-32.5347 10.2923
-32.5192 10.332

-32.5192 10.332
-32.4976 10.3882

-32.4976 10.3882
-32.4785 10.4389

-32.4785 10.439
-32.4765 10.4443

-32.4765 10.4443
-32.4557 10.5005

-32.4557 10.5005
-32.4353 10.5566

-32.4353 10.5566
-32.4224 10.5929

-32.4224 10.593
-32.4153 10.6128

-32.4153 10.6128
-32.3956 10.6689

-32.3956 10.6689
-32.3763 10.7251

-32.3763 10.7251
-32.3662 10.7549

-32.3662 10.7549
-32.3573 10.7812

-32.3573 10.7812
-32.3386 10.8374

-32.3386 10.8374
-32.3203 10.8936

-32.3203 10.8936
-32.3101 10.9254

-32.3101 10.9255
-32.3023 10.9497

-32.3023 10.9497
-32.2846 11.0059

-32.2846 11.0059
-32.2672 11.062

-32.2672 11.062
-32.2539 11.1055

-32.2539 11.1056
-32.2501 11.1182

-32.2501 11.1182
-32.2333 11.1743

-32.2333 11.1743
-32.2168 11.2305

-32.2167 11.2305
-32.2005 11.2866

-32.2005 11.2866
-32.1978 11.2963

-32.1978 11.2964
-32.1846 11.3428

-32.1846 11.3428
-32.169 11.3989

-32.169 11.3989
-32.1536 11.4551

-32.1536 11.4551
-32.1416 11.4998

-32.1416 11.4999
-32.1385 11.5112

-32.1385 11.5112
-32.1237 11.5674

-32.1237 11.5674
-32.1092 11.6235

-32.1092 11.6235
-32.095 11.6797

-32.095 11.6797
-32.0854 11.718

-32.0854 11.7181
-32.081 11.7358

-32.081 11.7358
-32.0673 11.792

-32.0673 11.792
-32.0539 11.8481

-32.0539 11.8481
-32.0408 11.9043

-32.0408 11.9043
-32.0293 11.9543

-32.0293 11.9544
-32.0279 11.9604

-32.0279 11.9604
-32.0153 12.0166

-32.0153 12.0166
-32.0029 12.0728

-32.003 12.0728
-31.9909 12.1289

-31.9909 12.1289
-31.9791 12.1851

-31.9791 12.1851
-31.9731 12.2139

-31.9731 12.214
-31.9676 12.2412

-31.9675 12.2412
-31.9563 12.2974

-31.9563 12.2974
-31.9453 12.3535

-31.9453 12.3535
-31.9346 12.4097

-31.9346 12.4097
-31.9242 12.4658

-31.9242 12.4658
-31.917 12.5054

-31.917 12.5055
-31.914 12.522

-31.914 12.522
-31.9041 12.5781

-31.9041 12.5781
-31.8945 12.6343

-31.8945 12.6343
-31.8852 12.6904

-31.8851 12.6904
-31.8761 12.7466

-31.8761 12.7466
-31.8673 12.8027

-31.8673 12.8027
-31.8608 12.8452

-31.8608 12.8453
-31.8588 12.8589

-31.8588 12.8589
-31.8505 12.915

-31.8505 12.915
-31.8426 12.9712

-31.8426 12.9712
-31.8349 13.0273

-31.8349 13.0273
-31.8274 13.0835

-31.8274 13.0835
-31.8203 13.1396

-31.8203 13.1396
-31.8134 13.1958

-31.8134 13.1958
-31.8068 13.252

-31.8068 13.252
-31.8047 13.2703

-31.8047 13.2705
-31.8004 13.3081

-31.8004 13.3081
-31.7943 13.3643

-31.7943 13.3643
-31.7884 13.4204

-31.7884 13.4204
-31.7828 13.4766

-31.7828 13.4766
-31.7775 13.5327

-31.7775 13.5327
-31.7724 13.5889

-31.7724 13.5889
-31.7675 13.645

-31.7675 13.645
-31.7628 13.7012

-31.7628 13.7012
-31.7584 13.7573

-31.7584 13.7573
-31.7542 13.8135

-31.7542 13.8135
-31.7503 13.8696

-31.7503 13.8696
-31.7485 13.8958

-31.7485 13.8961
-31.7466 13.9258

-31.7466 13.9258
-31.7431 13.9819

-31.7431 13.9819
-31.7398 14.0381

-31.7398 14.0381
-31.7367 14.0942

-31.7367 14.0942
-31.7339 14.1504

-31.7339 14.1504
-31.7313 14.2065

-31.7313 14.2065
-31.7289 14.2627

-31.7289 14.2627
-31.7267 14.3188

-31.7267 14.3188
-31.7247 14.375

-31.7247 14.375
-31.723 14.4312

-31.723 14.4312
-31.7214 14.4873

-31.7214 14.4873
-31.7201 14.5435

-31.7201 14.5435
-31.7189 14.5996

-31.7189 14.5996
-31.718 14.6558

-31.718 14.6558
-31.7173 14.7119

-31.7173 14.7119
-31.7168 14.7681

-31.7168 14.7681
-31.7165 14.8242

-31.7165 14.8242
-31.7164 14.8804

-31.7164 14.8804
-31.7165 14.9365

-31.7165 14.9365
-31.7168 14.9927

-31.7168 14.9927
-31.7173 15.0488

-31.7173 15.0488
-31.718 15.105

-31.718 15.105
-31.7189 15.1611

-31.7189 15.1611
-31.7201 15.2173

-31.7201 15.2173
-31.7214 15.2734

-31.7214 15.2734
-31.7229 15.3296

-31.7229 15.3296
-31.7246 15.3857

-31.7246 15.3857
-31.7265 15.4419

-31.7265 15.4419
-31.7286 15.498

-31.7286 15.498
-31.731 15.5542

-31.731 15.5542
-31.7335 15.6104

-31.7335 15.6104
-31.7362 15.6665

-31.7362 15.6665
-31.7392 15.7227

-31.7391 15.7227
-31.7423 15.7788

-31.7423 15.7788
-31.7456 15.835

-31.7485 15.8811
-31.7492 15.8911

-31.7492 15.8911
-31.7529 15.9473

-31.7485 15.8814
-31.7456 15.835

-31.7529 15.9473
-31.7569 16.0034

-31.7569 16.0034
-31.761 16.0596

-31.761 16.0596
-31.7654 16.1157

-31.7654 16.1157
-31.77 16.1719

-31.8047 16.532
-31.8083 16.5649

-31.8083 16.5649
-31.8146 16.6211

-31.8146 16.6211
-31.8212 16.6772

-31.8212 16.6772
-31.828 16.7334

-31.828 16.7334
-31.835 16.7896

-31.835 16.7896
-31.8422 16.8457

-31.8422 16.8457
-31.8496 16.9019

-31.8496 16.9019
-31.8573 16.958

-31.8608 16.983
-31.8652 17.0142

-31.8652 17.0142
-31.8733 17.0703

-31.8608 16.9832
-31.8573 16.958

-31.8733 17.0703
-31.8816 17.1265

-31.8816 17.1265
-31.8901 17.1826

-31.8901 17.1826
-31.8989 17.2388

-31.8989 17.2388
-31.9078 17.2949

-31.917 17.3511
-31.9264 17.4072

-31.9264 17.4072
-31.9359 17.4634

-31.936 17.4634
-31.9457 17.5195

-31.917 17.351
-31.9078 17.2949

-32.0293 17.9601
-32.031 17.9688

-31.9457 17.5195
-31.9557 17.5757

-31.9557 17.5757
-31.9659 17.6318

-31.9731 17.6709
-31.9763 17.688

-31.9763 17.688
-31.9869 17.7441

-31.9731 17.671
-31.9659 17.6318

-31.9869 17.7441
-31.9976 17.8003

-31.9976 17.8003
-32.0086 17.8564

-32.0086 17.8564
-32.0197 17.9126

-32.0293 17.9602
-32.0197 17.9126

-31.77 16.1719
-31.7748 16.228

-31.7748 16.228
-31.7799 16.2842

-31.7798 16.2842
-31.7851 16.3403

-31.7851 16.3403
-31.7906 16.3965

-31.7906 16.3965
-31.7962 16.4526

-31.7962 16.4526
-31.8021 16.5088

-31.8047 16.5321
-31.8021 16.5088

-32.7031 20.8473
-32.7136 20.8887

-32.7135 20.8887
-32.7278 20.9448

-32.7278 20.9448
-32.7421 21.001

-32.7593 21.0675
-32.7711 21.1133

-32.7421 21.001
-32.7566 21.0571

-32.7593 21.0675
-32.7566 21.0571

-32.8154 21.2817
-32.8304 21.3379

-32.7711 21.1133
-32.7858 21.1694

-32.7858 21.1694
-32.8006 21.2256

-32.8154 21.2817
-32.8006 21.2256

-32.8304 21.3379
-32.8455 21.394

-32.8455 21.394
-32.8607 21.4502

-32.8716 21.4902
-32.876 21.5063

-32.876 21.5063
-32.8914 21.5625

-32.8716 21.4902
-32.8607 21.4502

-32.031 17.9688
-32.0425 18.0249

-32.0425 18.0249
-32.0541 18.0811

-32.0541 18.0811
-32.0659 18.1372

-32.0659 18.1372
-32.0779 18.1934

-32.0854 18.2283
-32.09 18.2495

-32.09 18.2495
-32.1022 18.3057

-32.0854 18.2284
-32.0779 18.1934

-32.1023 18.3057
-32.1146 18.3618

-32.1146 18.3618
-32.1271 18.418

-32.1416 18.4825
-32.1524 18.5303

-32.1524 18.5303
-32.1652 18.5864

-32.1652 18.5864
-32.178 18.6426

-32.1271 18.418
-32.1397 18.4741

-32.1416 18.4826
-32.1397 18.4741

-32.1978 18.7282
-32.2039 18.7549

-32.178 18.6426
-32.1909 18.6987

-32.1978 18.7282
-32.1909 18.6987

-32.2039 18.7549
-32.2169 18.811

-32.217 18.811
-32.23 18.8672

-32.2539 18.9693
-32.2563 18.9795

-32.2563 18.9795
-32.2695 19.0356

-32.2695 19.0356
-32.2827 19.0918

-32.2827 19.0918
-32.2959 19.1479

-32.2959 19.1479
-32.3091 19.2041

-32.3101 19.2082
-32.3223 19.2603

-32.3223 19.2603
-32.3356 19.3164

-32.3101 19.2082
-32.3091 19.2041

-32.3662 19.4461
-32.3754 19.4849

-32.3754 19.4849
-32.3887 19.541

-32.3356 19.3164
-32.3488 19.3726

-32.3488 19.3726
-32.3621 19.4287

-32.3662 19.4461
-32.3621 19.4287

-32.3886 19.541
-32.4019 19.5972

-32.4019 19.5972
-32.4152 19.6533

-32.4224 19.6835
-32.4285 19.7095

-32.4285 19.7095
-32.4418 19.7656

-32.4224 19.6835
-32.4152 19.6533

-32.23 18.8672
-32.2431 18.9233

-32.2539 18.9693
-32.2431 18.9233

-32.4785 19.9204
-32.4818 19.9341

-32.4818 19.9341
-32.4951 19.9902

-32.4951 19.9902
-32.5084 20.0464

-32.5084 20.0464
-32.5218 20.1025

-32.5347 20.1564
-32.5352 20.1587

-32.5352 20.1587
-32.5486 20.2148

-32.5347 20.1564
-32.5218 20.1025

-32.4418 19.7656
-32.4551 19.8218

-32.4551 19.8218
-32.4684 19.8779

-32.4785 19.9204
-32.4684 19.8779

-32.5908 20.3906
-32.6026 20.4395

-32.5486 20.2148
-32.5621 20.271

-32.5621 20.271
-32.5755 20.3271

-32.5755 20.3271
-32.5891 20.3833

-32.5908 20.3907
-32.589 20.3833

-32.6026 20.4395
-32.6162 20.4956

-32.6162 20.4956
-32.6299 20.5518

-32.647 20.6214
-32.6575 20.6641

-32.6299 20.5518
-32.6436 20.6079

-32.647 20.6215
-32.6436 20.6079

-32.6575 20.6641
-32.6714 20.7202

-32.6714 20.7202
-32.6853 20.7764

-32.6853 20.7764
-32.6994 20.8325

-32.7031 20.8474
-32.6994 20.8325

-32.9277 21.6934
-32.9383 21.731

-32.9383 21.731
-32.9541 21.7871

-32.9839 21.8917
-32.9861 21.8994

-32.9541 21.7871
-32.97 21.8433

-32.9839 21.8918
-32.97 21.8433

-32.9861 21.8994
-33.0022 21.9556

-33.0022 21.9556
-33.0184 22.0117

-32.8914 21.5625
-32.9069 21.6187

-32.9069 21.6187
-32.9225 21.6748

-32.9277 21.6934
-32.9225 21.6748

-33.04 22.086
-33.0511 22.124

-33.0511 22.124
-33.0676 22.1802

-33.0676 22.1802
-33.0842 22.2363

-33.0184 22.0117
-33.0347 22.0679

-33.04 22.0861
-33.0347 22.0679

-33.0962 22.2769
-33.1008 22.2925

-33.1008 22.2925
-33.1175 22.3486

-33.0962 22.277
-33.0842 22.2363

-33.1175 22.3486
-33.1342 22.4048

-33.1342 22.4048
-33.151 22.4609

-33.1523 22.4654
-33.1678 22.5171

-33.1678 22.5171
-33.1847 22.5732

-33.2085 22.6522
-33.2185 22.6855

-33.1847 22.5732
-33.2016 22.6294

-33.2085 22.6523
-33.2016 22.6294

-33.2646 22.8381
-33.2695 22.854

-33.2695 22.854
-33.2865 22.9102

-33.2185 22.6855
-33.2355 22.7417

-33.2355 22.7417
-33.2525 22.7979

-33.2646 22.8381
-33.2525 22.7979

-33.377 23.2086
-33.3886 23.2471

-33.3886 23.2471
-33.4057 23.3032

-33.4057 23.3032
-33.4227 23.3594

-33.2865 22.9102
-33.3035 22.9663

-33.3035 22.9663
-33.3205 23.0225

-33.3208 23.0234
-33.3375 23.0786

-33.3375 23.0786
-33.3546 23.1348

-33.3208 23.0235
-33.3205 23.0225

-33.3546 23.1348
-33.3716 23.1909

-33.377 23.2086
-33.3716 23.1909

-33.1523 22.4655
-33.151 22.4609

-33.6016 23.9494
-33.61 23.9771

-33.61 23.9771
-33.627 24.0332

-33.6577 24.1342
-33.6611 24.1455

-33.627 24.0332
-33.6441 24.0894

-33.6577 24.1343
-33.6441 24.0894

-33.6611 24.1455
-33.6782 24.2017

-33.6782 24.2017
-33.6954 24.2578

-33.8262 24.6834
-33.8335 24.707

-33.7139 24.3184
-33.7297 24.3701

-33.7297 24.3701
-33.7469 24.4263

-33.7469 24.4263
-33.7641 24.4824

-33.6954 24.2578
-33.7125 24.314

-33.7139 24.3184
-33.7125 24.314

-33.77 24.5015
-33.7814 24.5386

-33.7814 24.5386
-33.7987 24.5947

-33.77 24.5016
-33.7641 24.4824

-33.7987 24.5947
-33.8161 24.6509

-33.8262 24.6834
-33.8161 24.6509

-33.8335 24.707
-33.851 24.7632

-33.851 24.7632
-33.8684 24.8193

-33.8823 24.8637
-33.886 24.8755

-33.886 24.8755
-33.9036 24.9316

-33.8823 24.8638
-33.8684 24.8193

-33.9385 25.0426
-33.9389 25.0439

-33.9389 25.0439
-33.9567 25.1001

-33.9567 25.1001
-33.9744 25.1562

-33.9036 24.9316
-33.9212 24.9878

-33.9385 25.0426
-33.9212 24.9878

-33.4893 23.5789
-33.4908 23.584

-33.4331 23.3937
-33.4397 23.4155

-33.4397 23.4155
-33.4568 23.4717

-33.4331 23.3937
-33.4227 23.3594

-33.4568 23.4717
-33.4738 23.5278

-33.4893 23.5789
-33.4738 23.5278

-33.4908 23.584
-33.5078 23.6401

-33.5078 23.6401
-33.5248 23.6963

-33.5454 23.7641
-33.5589 23.8086

-33.5248 23.6963
-33.5419 23.7524

-33.5454 23.7642
-33.5419 23.7524

-33.5589 23.8086
-33.5759 23.8647

-33.5759 23.8647
-33.5929 23.9209

-33.6016 23.9494
-33.5929 23.9209

-34.0508 25.3952
-34.0642 25.437

-34.0642 25.437
-34.0824 25.4932

-34.1069 25.569
-34.1188 25.6055

-34.0824 25.4932
-34.1005 25.5493

-34.1069 25.569
-34.1005 25.5493

-34.1631 25.7413
-34.1738 25.7739

-34.1738 25.7739
-34.1922 25.8301

-34.1188 25.6055
-34.137 25.6616

-34.137 25.6616
-34.1554 25.7178

-34.1631 25.7413
-34.1554 25.7178

-34.2192 25.912
-34.2293 25.9424

-34.1922 25.8301
-34.2107 25.8862

-34.2192 25.912
-34.2107 25.8862

-34.2293 25.9424
-34.2479 25.9985

-34.2479 25.9985
-34.2666 26.0547

-33.9946 25.2197
-34.0102 25.2686

-33.9744 25.1562
-33.9923 25.2124

-33.9946 25.2197
-33.9923 25.2124

-34.0102 25.2686
-34.0282 25.3247

-34.0282 25.3247
-34.0462 25.3809

-34.0508 25.3952
-34.0462 25.3809

-34.2754 26.0812
-34.2853 26.1108

-34.2853 26.1108
-34.3041 26.167

-34.3315 26.2489
-34.3418 26.2793

-34.3041 26.167
-34.3229 26.2231

-34.3315 26.2489
-34.3229 26.2231

-34.3877 26.4154
-34.3986 26.4478

-34.3986 26.4478
-34.4176 26.5039

-34.3417 26.2793
-34.3607 26.3354

-34.3607 26.3354
-34.3796 26.3916

-34.3877 26.4155
-34.3796 26.3916

-34.2754 26.0812
-34.2666 26.0547

-34.4438 26.5811
-34.4558 26.6162

-34.4176 26.5039
-34.4367 26.5601

-34.4438 26.5811
-34.4367 26.5601

-34.4558 26.6162
-34.4749 26.6724

-34.4749 26.6724
-34.494 26.7285

-34.5 26.7461
-34.494 26.7285

-77.625 117.255
-78.3487 118.594

-79.4219 120.572
-80.3026 122.188

-78.3477 118.594
-79.3226 120.391

-79.4219 120.579
-79.3192 120.391

-81.2188 123.866
-81.2834 123.984

-81.282 123.984
-82.2616 125.781

-83.0156 127.154
-83.249 127.578

-83.252 127.578
-84.2453 129.375

-83.0156 127.158
-82.2583 125.781

-81.2188 123.865
-80.304 122.188

-84.8125 130.409
-85.2316 131.172

-85.2253 131.172
-86.2195 132.969

-86.6094 133.65
-87.2413 134.766

-87.244 134.766
-88.2723 136.562

-86.6094 133.669
-86.2124 132.969

-90.2031 139.831
-90.4034 140.156

-88.4062 136.804
-89.3029 138.359

-90.2031 139.869
-89.2726 138.359

-90.415 140.156
-91.5844 141.953

-92 142.676
-91.5654 141.953

-88.4062 136.808
-88.2649 136.562

-84.8125 130.404
-84.2473 129.375

-76.4077 115
-77.3778 116.797

-77.625 117.258
-77.3759 116.797

