-36.2969 50.2627
-36.3223 50.3125

-34.5 46.7339
-35.4069 48.5156

-36.2969 50.263
-35.4065 48.5156

-38.0938 53.7771
-38.1599 53.9062

-39.8906 57.2621
-40.0137 57.5

-38.1597 53.9062
-39.0842 55.7031

-39.8906 57.2634
-39.0835 55.7031

-36.322 50.3125
-37.2395 52.1094

-38.0938 53.7778
-37.239 52.1094

-63.25 100.529
-63.3031 100.625

-70.4375 113.486
-71.281 115

-66.8438 107.02
-67.2835 107.812

-65.0469 103.777
-65.2911 104.219

-63.303 100.625
-64.2962 102.422

-65.0469 103.779
-64.2958 102.422

-65.291 104.219
-66.2866 106.016

-66.8438 107.022
-66.2854 106.016

-68.6406 110.256
-69.2802 111.406

-67.2834 107.812
-68.2811 109.609

-68.6406 110.26
-68.2791 109.609

-69.28 111.406
-70.2801 113.203

-70.4375 113.491
-70.2774 113.203

-48.875 74.2113
-49.5524 75.4688

-50.6719 77.5411
-51.4952 79.0625

-49.5523 75.4688
-50.5228 77.2656

-50.6719 77.5487
-50.5187 77.2656

-52.4697 80.8594
-53.4463 82.6562

-54.2656 84.1601
-54.4252 84.4531

-54.4251 84.4531
-55.4053 86.25

-54.2656 84.1612
-53.446 82.6562

-52.4688 80.8575
-51.495 79.0625

-52.4688 80.8664
-52.4649 80.8594

-41.6875 60.7096
-41.8885 61.0938

-43.4844 64.1214
-43.7836 64.6875

-41.8885 61.0938
-42.8335 62.8906

-43.4844 64.1245
-42.8322 62.8906

-45.2812 67.5048
-45.6949 68.2812

-47.0781 70.8667
-47.6186 71.875

-45.6949 68.2812
-46.6553 70.0781

-47.0781 70.8719
-46.6527 70.0781

-43.7837 64.6875
-44.7374 66.4844

-45.2812 67.5089
-44.7354 66.4844

-40.0136 57.5
-40.9482 59.2969

-41.6875 60.7117
-40.9473 59.2969

-47.6186 71.875
-48.5844 73.6719

-48.875 74.2177
-48.5809 73.6719

-56.0625 87.452
-56.3876 88.0469

-56.3875 88.0469
-57.3711 89.8438

-57.8594 90.734
-58.3564 91.6406

-58.3563 91.6406
-59.343 93.4375

-57.8594 90.7376
-57.3693 89.8438

-59.6562 94.0071
-60.331 95.2344

-60.3308 95.2344
-61.3204 97.0312

-61.4531 97.272
-62.3111 98.8281

-63.25 100.529
-62.3108 98.8281

-61.4531 97.2782
-61.317 97.0312

-59.6562 94.012
-59.3404 93.4375

-56.0625 87.4543
-55.4043 86.25

-21.9257 0
-21.9252 0.0561523

-21.9252 0.0561523
-21.9237 0.112305

-21.9237 0.112305
-21.9219 0.152095

-21.9219 0.152115
-21.9211 0.168457

-21.9211 0.168457
-21.9176 0.224609

-21.9176 0.224609
-21.9131 0.280762

-21.9131 0.280762
-21.9076 0.336914

-21.9076 0.336914
-21.901 0.393066

-21.901 0.393066
-21.8935 0.449219

-21.8935 0.449219
-21.885 0.505371

-21.885 0.505371
-21.8755 0.561523

-21.8755 0.561523
-21.8657 0.613594

-21.8657 0.61361
-21.865 0.617676

-21.865 0.617676
-21.8534 0.673828

-21.8534 0.673828
-21.8409 0.72998

-21.8409 0.72998
-21.8274 0.786133

-21.8274 0.786133
-21.8128 0.842285

-21.8128 0.842285
-21.8096 0.854084

-21.8096 0.854102
-21.7973 0.898438

-21.7973 0.898438
-21.7807 0.95459

-21.7807 0.95459
-21.7631 1.01074

-21.7631 1.01074
-21.7534 1.03998

-21.7534 1.04
-21.7445 1.06689

-21.7445 1.06689
-21.7248 1.12305

-21.7248 1.12305
-21.7041 1.1792

-21.7041 1.1792
-21.6973 1.19692

-21.6973 1.19694
-21.6824 1.23535

-21.6824 1.23535
-21.6596 1.2915

-21.6596 1.2915
-21.6411 1.33492

-21.6411 1.33494
-21.6357 1.34766

-21.6357 1.34766
-21.6108 1.40381

-21.6108 1.40381
-21.585 1.45945

-21.585 1.45947
-21.5847 1.45996

-21.5847 1.45996
-21.5576 1.51611

-21.5576 1.51611
-21.5294 1.57227

-21.5294 1.57227
-21.5288 1.57335

-21.5288 1.57337
-21.5001 1.62842

-21.5001 1.62842
-21.4727 1.67895

-21.4727 1.67897
-21.4696 1.68457

-21.4696 1.68457
-21.438 1.74072

-21.438 1.74072
-21.4165 1.77768

-21.4165 1.7777
-21.4053 1.79688

-21.4053 1.79688
-21.3715 1.85303

-21.3715 1.85303
-21.3604 1.87085

-21.3604 1.87087
-21.3365 1.90918

-21.3365 1.90918
-21.3042 1.95929

-21.3042 1.95931
-21.3003 1.96533

-21.3003 1.96533
-21.263 2.02148

-21.263 2.02148
-21.248 2.04325

-21.248 2.04327
-21.2245 2.07764

-21.2245 2.07764
-21.1919 2.12375

-21.1919 2.12377
-21.1848 2.13379

-21.1848 2.13379
-21.144 2.18994

-21.1439 2.18994
-21.1357 2.20089

-21.1357 2.20091
-21.1019 2.24609

-21.1019 2.24609
-21.0796 2.2751

-21.0796 2.27511
-21.0587 2.30225

-21.0587 2.30225
-21.0234 2.34685

-21.0234 2.34688
-21.0143 2.3584

-21.0143 2.3584
-20.9688 2.41455

-20.9687 2.41455
-20.9673 2.41629

-20.9673 2.41631
-20.922 2.4707

-20.922 2.4707
-20.9111 2.48345

-20.9111 2.48347
-20.8741 2.52686

-20.8741 2.52686
-20.855 2.54878

-20.855 2.5488
-20.8251 2.58301

-20.8251 2.58301
-20.7988 2.61242

-20.7988 2.61243
-20.775 2.63916

-20.7749 2.63916
-20.7427 2.6745

-20.7427 2.67452
-20.7237 2.69531

-20.7237 2.69531
-20.6865 2.73517

-20.6865 2.7352
-20.6714 2.75146

-20.6713 2.75146
-20.6304 2.79454

-20.6304 2.79457
-20.618 2.80762

-20.6179 2.80762
-20.5742 2.85273

-20.5742 2.85275
-20.5635 2.86377

-20.5635 2.86377
-20.5181 2.90983

-20.5181 2.90985
-20.5081 2.91992

-20.508 2.91992
-20.4619 2.96604

-20.4619 2.96598
-20.4516 2.97607

-20.4517 2.97607
-20.4058 3.02126

-20.4058 3.02121
-20.3944 3.03223

-20.3944 3.03223
-20.3496 3.07568

-20.3496 3.07564
-20.3363 3.08838

-20.3363 3.08838
-20.2935 3.12937

-20.2935 3.12935
-20.2774 3.14453

-20.2774 3.14453
-20.2373 3.18242

-20.2373 3.1824
-20.2177 3.20068

-20.2177 3.20068
-20.1812 3.23489

-20.1812 3.23488
-20.1574 3.25684

-20.1574 3.25684
-20.125 3.28684

-20.125 18.6946
-20.6256 19.7656

-20.6215 19.7656
-21.5367 21.5625

-23.7188 25.6856
-24.3829 26.9531

-24.3765 26.9531
-25.3089 28.75

-21.9219 22.2444
-22.5054 23.3594

-22.4906 23.3594
-23.4288 25.1562

-21.9219 22.2541
-21.56 21.5625

-23.7188 25.7011
-23.4332 25.1562

-20.125 3.28684
-20.0965 3.31299

-20.0965 3.31299
-20.0688 3.33835

-20.0688 3.33836
-20.035 3.36914

-20.035 3.36914
-20.0127 3.38946

-20.0127 3.38948
-19.9731 3.42529

-19.9731 3.42529
-19.9565 3.44025

-19.9565 3.44027
-19.9108 3.48145

-19.9107 3.48145
-19.9004 3.49076

-19.9004 3.49079
-19.8481 3.5376

-19.8481 3.5376
-19.8442 3.54105

-19.8442 3.54108
-19.7881 3.59123

-19.7881 3.59123
-19.7853 3.59375

-19.7852 3.59375
-19.7319 3.64124

-19.7319 3.64126
-19.7222 3.6499

-19.7222 3.6499
-19.6758 3.6912

-19.6758 3.69121
-19.6591 3.70605

-19.6591 3.70605
-19.6196 3.74113

-19.6196 3.74115
-19.596 3.76221

-19.5959 3.76221
-19.5635 3.79111

-19.5635 3.79112
-19.5329 3.81836

-19.5329 3.81836
-19.5073 3.84117

-19.5073 3.84118
-19.47 3.87451

-19.47 3.87451
-19.4512 3.89137

-19.4512 3.89137
-19.4074 3.93066

-19.4074 3.93066
-19.395 3.94176

-19.395 3.94175
-19.345 3.98682

-19.345 3.98682
-19.3389 3.99238

-19.3389 3.99238
-19.2831 4.04297

-19.2831 4.04297
-19.2827 4.04329

-19.2827 4.04327
-19.2266 4.09451

-19.2266 4.09456
-19.2216 4.09912

-19.2215 4.09912
-19.1704 4.14612

-19.1704 4.14617
-19.1606 4.15527

-19.1605 4.15527
-19.1143 4.19817

-19.1143 4.19822
-19.1001 4.21143

-19.1001 4.21143
-19.0581 4.25072

-19.0581 4.25076
-19.0403 4.26758

-19.0403 4.26758
-19.002 4.30381

-19.002 4.30384
-18.9812 4.32373

-18.9811 4.32373
-18.9458 4.35752

-18.9458 4.35754
-18.9227 4.37988

-18.9227 4.37988
-18.8896 4.41189

-18.8896 4.41191
-18.8651 4.43604

-18.865 4.43604
-18.8335 4.46698

-18.8335 4.467
-18.8082 4.49219

-18.8082 4.49219
-18.7773 4.52289

-18.7773 4.52299
-18.752 4.54834

-18.752 4.54834
-18.7212 4.57975

-18.7212 4.57974
-18.6969 4.60449

-18.6969 4.60449
-18.665 4.63745

-18.665 4.63743
-18.6426 4.66064

-18.6426 4.66064
-18.6089 4.69615

-18.6089 4.69613
-18.5893 4.7168

-18.5893 4.7168
-18.5527 4.75594

-18.5527 4.75592
-18.5368 4.77295

-18.5369 4.77295
-18.4966 4.8169

-18.4966 4.81688
-18.4854 4.8291

-18.4854 4.8291
-18.4404 4.87912

-18.4404 4.87911
-18.4349 4.88525

-18.4349 4.88525
-18.3854 4.94141

-18.3854 4.94141
-18.3843 4.94273

-18.3843 4.94271
-18.3369 4.99756

-18.3369 4.99756
-18.3281 5.00794

-18.3281 5.00791
-18.2894 5.05371

-18.2894 5.05371
-18.272 5.07474

-18.272 5.07471
-18.2429 5.10986

-18.2429 5.10986
-18.2158 5.14324

-18.2158 5.1432
-18.1973 5.16602

-18.1973 5.16602
-18.1597 5.21354

-18.1597 5.2135
-18.1528 5.22217

-18.1528 5.22217
-18.1093 5.27832

-18.1093 5.27832
-18.1035 5.28601

-18.1035 5.28597
-18.0668 5.33447

-18.0668 5.33447
-18.0474 5.36079

-18.0474 5.36074
-18.0253 5.39062

-18.0253 5.39062
-17.9912 5.43782

-17.9912 5.43777
-17.9847 5.44678

-17.9847 5.44678
-17.9452 5.50293

-17.9452 5.50293
-17.9351 5.51772

-17.9351 5.51767
-17.9066 5.55908

-17.9066 5.55908
-17.8789 5.60049

-17.8789 5.60043
-17.869 5.61523

-17.869 5.61523
-17.8324 5.67139

-17.8324 5.67139
-17.8228 5.68658

-17.8228 5.68652
-17.7967 5.72754

-17.7967 5.72754
-17.7666 5.77617

-17.7666 5.7761
-17.7619 5.78369

-17.7619 5.78369
-17.7281 5.83984

-17.7282 5.83984
-17.7104 5.87011

-17.7104 5.87003
-17.6952 5.896

-17.6952 5.896
-17.6633 5.95215

-17.6633 5.95215
-17.6543 5.96846

-17.6543 5.96839
-17.6322 6.0083

-17.6322 6.0083
-17.6021 6.06445

-17.6021 6.06445
-17.5981 6.07202

-17.5981 6.07195
-17.5728 6.12061

-17.5728 6.12061
-17.5444 6.17676

-17.5444 6.17676
-17.542 6.18168

-17.542 6.1816
-17.5168 6.23291

-17.5168 6.23291
-17.4902 6.28906

-17.4902 6.28906
-17.4858 6.29853

-17.4858 6.29844
-17.4643 6.34521

-17.4643 6.34521
-17.4393 6.40137

-17.4394 6.40137
-17.4297 6.42385

-17.4297 6.42376
-17.4152 6.45752

-17.4151 6.45752
-17.3918 6.51367

-17.3918 6.51367
-17.3735 6.55925

-17.3735 6.55914
-17.3693 6.56982

-17.3693 6.56982
-17.3475 6.62598

-17.3475 6.62598
-17.3266 6.68213

-17.3266 6.68213
-17.3174 6.7079

-17.3174 6.70781
-17.3064 6.73828

-17.3065 6.73828
-17.2871 6.79443

-17.2871 6.79443
-17.2685 6.85059

-17.2685 6.85059
-17.2612 6.87348

-17.2612 6.8734
-17.2506 6.90674

-17.2506 6.90674
-17.2335 6.96289

-17.2335 6.96289
-17.2172 7.01904

-17.2172 7.01904
-17.2051 7.06272

-17.2051 7.06261
-17.2016 7.0752

-17.2016 7.0752
-17.1867 7.13135

-17.1867 7.13135
-17.1726 7.1875

-17.1726 7.1875
-17.1591 7.24365

-17.1592 7.24365
-17.1489 7.28882

-17.1489 7.28882
-17.1464 7.2998

-17.1464 7.2998
-17.1344 7.35596

-17.1344 7.35596
-17.1231 7.41211

-17.1231 7.41211
-17.1124 7.46826

-17.1124 7.46826
-17.1025 7.52441

-17.1025 7.52441
-17.0932 7.58057

-17.0932 7.58057
-17.0928 7.58319

-17.0928 7.58317
-17.0845 7.63672

-17.0845 7.63672
-17.0765 7.69287

-17.0765 7.69287
-17.0692 7.74902

-17.0692 7.74902
-17.0625 7.80518

-17.0625 7.80518
-17.0564 7.86133

-17.0564 7.86133
-17.0509 7.91748

-17.0509 7.91748
-17.046 7.97363

-17.046 7.97363
-17.0417 8.02979

-17.0417 8.02979
-17.038 8.08594

-17.038 8.08594
-17.0366 8.11128

-17.0366 8.11148
-17.0349 8.14209

-17.0349 8.14209
-17.0323 8.19824

-17.0323 8.19824
-17.0302 8.25439

-17.0302 8.25439
-17.0287 8.31055

-17.0287 8.31055
-17.0278 8.3667

-17.0278 8.3667
-17.0273 8.42285

-17.0273 8.42285
-17.0274 8.479

-17.0274 8.479
-17.0279 8.53516

-17.028 8.53516
-17.029 8.59131

-17.029 8.59131
-17.0305 8.64746

-17.0305 8.64746
-17.0325 8.70361

-17.0325 8.70361
-17.035 8.75977

-17.0366 8.79141
-17.0379 8.81592

-17.0379 8.81592
-17.0412 8.87207

-17.0366 8.79182
-17.035 8.75977

-17.0412 8.87207
-17.045 8.92822

-17.045 8.92822
-17.0492 8.98438

-17.0492 8.98438
-17.0538 9.04053

-17.0538 9.04053
-17.0588 9.09668

-17.0588 9.09668
-17.0642 9.15283

-17.0642 9.15283
-17.0699 9.20898

-17.0928 9.4055
-17.0963 9.43359

-17.0699 9.20898
-17.076 9.26514

-17.076 9.26514
-17.0824 9.32129

-17.0824 9.32129
-17.0892 9.37744

-17.0928 9.40568
-17.0892 9.37744

-17.0963 9.43359
-17.1037 9.48975

-17.1037 9.48975
-17.1114 9.5459

-17.1114 9.5459
-17.1194 9.60205

-17.1194 9.60205
-17.1277 9.6582

-17.1277 9.6582
-17.1362 9.71436

-17.1362 9.71436
-17.145 9.77051

-17.1489 9.79517
-17.154 9.82666

-17.154 9.82666
-17.1632 9.88281

-17.1489 9.79531
-17.1449 9.77051

-17.2051 10.1225
-17.2126 10.1636

-17.2126 10.1636
-17.223 10.2197

-17.223 10.2197
-17.2336 10.2759

-17.2336 10.2759
-17.2444 10.332

-17.1632 9.88281
-17.1727 9.93896

-17.1727 9.93896
-17.1824 9.99512

-17.1824 9.99512
-17.1922 10.0513

-17.1922 10.0513
-17.2023 10.1074

-17.2051 10.1227
-17.2023 10.1074

-17.2612 10.4182
-17.2664 10.4443

-17.2444 10.332
-17.2553 10.3882

-17.2612 10.4183
-17.2553 10.3882

-17.2664 10.4443
-17.2776 10.5005

-17.2776 10.5005
-17.289 10.5566

-17.3174 10.6941
-17.3239 10.7251

-17.3239 10.7251
-17.3358 10.7812

-17.289 10.5566
-17.3005 10.6128

-17.3005 10.6128
-17.3121 10.6689

-17.3174 10.6942
-17.3121 10.6689

-18.3281 14.3171
-18.3288 14.3188

-18.3288 14.3188
-18.3493 14.375

-17.4297 11.2065
-17.4352 11.2305

-17.4352 11.2305
-17.4481 11.2866

-17.4481 11.2866
-17.4611 11.3428

-17.4858 11.4479
-17.4875 11.4551

-17.4611 11.3428
-17.4743 11.3989

-17.4858 11.4479
-17.4743 11.3989

-17.4875 11.4551
-17.5009 11.5112

-17.5009 11.5112
-17.5144 11.5674

-17.5144 11.5674
-17.5279 11.6235

-17.5279 11.6235
-17.5416 11.6797

-17.6543 12.1275
-17.6547 12.1289

-17.542 11.6812
-17.5554 11.7358

-17.5554 11.7358
-17.5693 11.792

-17.5693 11.792
-17.5833 11.8481

-17.5833 11.8481
-17.5973 11.9043

-17.542 11.6813
-17.5416 11.6797

-17.5981 11.9075
-17.6115 11.9604

-17.6115 11.9604
-17.6258 12.0166

-17.5981 11.9076
-17.5973 11.9043

-17.6258 12.0166
-17.6402 12.0728

-17.6543 12.1275
-17.6402 12.0728

-17.6547 12.1289
-17.6692 12.1851

-17.6692 12.1851
-17.6839 12.2412

-17.7104 12.3418
-17.7136 12.3535

-17.6839 12.2412
-17.6987 12.2974

-17.7104 12.3418
-17.6987 12.2974

-17.7666 12.5505
-17.7741 12.5781

-17.7136 12.3535
-17.7285 12.4097

-17.7285 12.4097
-17.7436 12.4658

-17.7436 12.4658
-17.7588 12.522

-17.7666 12.5506
-17.7588 12.522

-17.6543 12.1291
-17.6542 12.1289

-17.3358 10.7812
-17.3478 10.8374

-17.3478 10.8374
-17.3599 10.8936

-17.3735 10.9559
-17.3845 11.0059

-17.3599 10.8936
-17.3722 10.9497

-17.3735 10.956
-17.3721 10.9497

-17.3845 11.0059
-17.397 11.062

-17.397 11.062
-17.4096 11.1182

-17.4096 11.1182
-17.4223 11.1743

-17.4297 11.2066
-17.4223 11.1743

-17.8789 12.951
-17.8847 12.9712

-17.8847 12.9712
-17.9011 13.0273

-17.9011 13.0273
-17.9176 13.0835

-17.9176 13.0835
-17.9343 13.1396

-17.9351 13.142
-17.9512 13.1958

-17.9512 13.1958
-17.9683 13.252

-17.9351 13.1421
-17.9343 13.1396

-17.9912 13.3263
-18.003 13.3643

-18.003 13.3643
-18.0207 13.4204

-18.0207 13.4204
-18.0385 13.4766

-17.9683 13.252
-17.9856 13.3081

-17.9912 13.3263
-17.9855 13.3081

-17.7741 12.5781
-17.7895 12.6343

-17.7895 12.6343
-17.8051 12.6904

-17.8228 12.7538
-17.8365 12.8027

-17.8051 12.6904
-17.8207 12.7466

-17.8228 12.7539
-17.8207 12.7466

-17.8365 12.8027
-17.8524 12.8589

-17.8524 12.8589
-17.8685 12.915

-17.8789 12.9511
-17.8685 12.915

-18.1035 13.676
-18.1119 13.7012

-18.1119 13.7012
-18.1307 13.7573

-18.1307 13.7573
-18.1498 13.8135

-18.1597 13.8424
-18.169 13.8696

-18.169 13.8696
-18.1884 13.9258

-18.1597 13.8425
-18.1497 13.8135

-18.0474 13.5041
-18.0566 13.5327

-18.0565 13.5327
-18.0748 13.5889

-18.0474 13.5042
-18.0385 13.4766

-18.0748 13.5889
-18.0932 13.645

-18.1035 13.676
-18.0932 13.645

-18.2158 14.0042
-18.2277 14.0381

-18.2277 14.0381
-18.2476 14.0942

-18.2476 14.0942
-18.2677 14.1504

-18.1884 13.9258
-18.208 13.9819

-18.2158 14.0043
-18.208 13.9819

-18.272 14.1622
-18.2879 14.2065

-18.2879 14.2065
-18.3083 14.2627

-18.272 14.1623
-18.2677 14.1504

-18.3281 14.3171
-18.3083 14.2627

-18.3281 14.3191
-18.328 14.3188

-18.3843 14.4697
-18.3908 14.4873

-18.3493 14.375
-18.37 14.4312

-18.3843 14.4698
-18.37 14.4312

-18.3908 14.4873
-18.4115 14.5435

-18.4116 14.5435
-18.4322 14.5996

-18.4404 14.622
-18.4734 14.7119

-18.4733 14.7119
-18.5143 14.8242

-18.4404 14.6222
-18.4322 14.5996

-18.5527 14.929
-18.5967 15.0488

-18.5958 15.0488
-18.6801 15.2734

-18.5527 14.9295
-18.5142 14.8242

-18.7773 15.5243
-18.8535 15.7227

-18.8522 15.7227
-19.0313 16.1719

-18.7773 15.5259
-18.6804 15.2734

-19.2266 16.6445
-19.3992 17.0703

-19.3879 17.0703
-19.7775 17.9688

-19.2266 16.6494
-19.033 16.1719

-20.125 18.7089
-19.779 17.9688

-27.3125 32.6433
-28.0786 34.1406

-28.0772 34.1406
-28.9952 35.9375

-30.9062 39.6798
-31.7471 41.3281

-31.7468 41.3281
-32.6628 43.125

-29.1094 36.1599
-29.9135 37.7344

-29.9129 37.7344
-30.8301 39.5312

-29.1094 36.1766
-28.9873 35.9375

-30.9062 39.6962
-30.8221 39.5312

-25.5156 29.1431
-26.2401 30.5469

-26.2367 30.5469
-27.1581 32.3438

-25.5156 29.1599
-25.3041 28.75

-27.3125 32.6602
-27.1506 32.3438

-32.7031 43.204
-33.578 44.9219

-33.5776 44.9219
-34.4924 46.7188

-32.7031 43.22
-32.6548 43.125

-34.5 46.7491
-34.4845 46.7188

-77.625 126.341
-78.3186 127.578

-78.3179 127.578
-79.3267 129.375

-84.8125 139.145
-85.3793 140.156

-86.6094 142.326
-87.428 143.75

-85.3745 140.156
-86.391 141.953

-86.6094 142.341
-86.3865 141.953

-81.2188 132.741
-81.3462 132.969

-83.0156 135.947
-83.3619 136.562

-81.345 132.969
-82.3515 134.766

-83.0156 135.951
-82.3492 134.766

-79.4219 129.543
-80.3374 131.172

-81.2188 132.741
-80.3383 131.172

-79.4219 129.55
-79.3237 129.375

-83.3637 136.562
-84.3745 138.359

-84.8125 139.142
-84.3741 138.359

-74.0312 119.925
-74.2913 120.391

-74.291 120.391
-75.2962 122.188

-72.2344 116.709
-72.2832 116.797

-72.2831 116.797
-73.2865 118.594

-72.2344 116.71
-71.2807 115

-74.0312 119.926
-73.2863 118.594

-75.8281 123.136
-76.3033 123.984

-76.3035 123.984
-77.3112 125.781

-75.8281 123.139
-75.2949 122.188

-77.625 126.344
-77.3096 125.781

-88.4062 145.436
-88.4709 145.547

-88.4677 145.547
-89.5323 147.344

-90.2031 148.422
-90.6488 149.141

-90.6539 149.141
-91.8049 150.938

-90.2031 148.457
-89.5127 147.344

-88.4062 145.434
-87.4266 143.75

-92 151.31
-91.7767 150.938

