-44.2164 0
-44.2159 0.0561523

-44.2159 0.0561523
-44.2145 0.112305

-44.2145 0.112305
-44.2144 0.11485

-44.2144 0.114857
-44.2121 0.168457

-44.2121 0.168457
-44.2087 0.224609

-44.2087 0.224609
-44.2045 0.280762

-44.2045 0.280762
-44.1992 0.336914

-44.1992 0.336914
-44.193 0.393066

-44.193 0.393066
-44.1859 0.449219

-44.1859 0.449219
-44.1777 0.505371

-44.1777 0.505371
-44.1687 0.561523

-44.1687 0.561523
-44.1586 0.617676

-44.1586 0.617676
-44.1582 0.619814

-44.1582 0.619816
-44.1476 0.673828

-44.1476 0.673828
-44.1356 0.72998

-44.1356 0.72998
-44.1227 0.786133

-44.1227 0.786133
-44.1087 0.842285

-44.1087 0.842285
-44.1021 0.867294

-44.1021 0.867297
-44.0938 0.898438

-44.0938 0.898438
-44.0778 0.95459

-44.0778 0.95459
-44.0609 1.01074

-44.0609 1.01074
-44.0459 1.05756

-44.0459 1.05757
-44.0429 1.06689

-44.0429 1.06689
-44.0239 1.12305

-44.0239 1.12305
-44.0039 1.1792

-44.0039 1.1792
-43.9897 1.21698

-43.9897 1.21698
-43.9829 1.23535

-43.9829 1.23535
-43.9607 1.2915

-43.9607 1.2915
-43.9376 1.34766

-43.9376 1.34766
-43.9336 1.35682

-43.9336 1.35683
-43.9133 1.40381

-43.9133 1.40381
-43.8879 1.45996

-43.8879 1.45996
-43.8774 1.48219

-43.8774 1.48219
-43.8614 1.51611

-43.8615 1.51611
-43.8338 1.57227

-43.8338 1.57227
-43.8213 1.59678

-43.8213 1.59678
-43.8051 1.62842

-43.8051 1.62842
-43.7752 1.68457

-43.7752 1.68457
-43.7651 1.70269

-43.7651 1.7027
-43.7441 1.74072

-43.7441 1.74072
-43.7118 1.79688

-43.7118 1.79688
-43.709 1.80153

-43.709 1.80154
-43.6782 1.85303

-43.6782 1.85303
-43.6528 1.89401

-43.6528 1.89401
-43.6434 1.90918

-43.6434 1.90918
-43.6074 1.96533

-43.6074 1.96533
-43.5967 1.98138

-43.5967 1.98139
-43.57 2.02148

-43.57 2.02148
-43.5405 2.06421

-43.5405 2.06422
-43.5313 2.07764

-43.5313 2.07764
-43.4912 2.13379

-43.4912 2.13379
-43.4844 2.14303

-43.4844 2.14304
-43.4497 2.18994

-43.4497 2.18994
-43.4282 2.21809

-43.4282 2.2181
-43.4068 2.24609

-43.4068 2.24609
-43.3721 2.2901

-43.3721 2.29011
-43.3625 2.30225

-43.3625 2.30225
-43.3166 2.3584

-43.3166 2.3584
-43.3159 2.35923

-43.3159 2.35924
-43.2692 2.41455

-43.2692 2.41455
-43.2598 2.42539

-43.2598 2.4254
-43.2202 2.4707

-43.2202 2.4707
-43.2036 2.48916

-43.2036 2.48917
-43.1697 2.52686

-43.1697 2.52686
-43.1475 2.5507

-43.1475 2.55071
-43.1174 2.58301

-43.1174 2.58301
-43.0913 2.61016

-43.0913 2.61016
-43.0634 2.63916

-43.0635 2.63916
-43.0352 2.66769

-43.0352 2.66791
-43.0075 2.69531

-43.0074 2.69531
-42.979 2.72351

-42.979 2.7235
-42.9499 2.75146

-42.9499 2.75146
-42.9229 2.77744

-42.9229 2.77745
-42.8905 2.80762

-42.8904 2.80762
-42.8667 2.82975

-42.8667 2.82977
-42.8292 2.86377

-42.8291 2.86377
-42.8105 2.88054

-42.8105 2.8806
-42.7659 2.91992

-42.7657 2.91992
-42.7544 2.9299

-42.7544 2.92999
-42.7006 2.97607

-42.7004 2.97607
-42.6982 2.97791

-42.6982 2.97805
-42.6421 3.02487

-42.6421 3.02478
-42.6329 3.03223

-42.633 3.03223
-42.5859 3.07048

-42.5859 3.07045
-42.5633 3.08838

-42.5633 3.08838
-42.5298 3.11493

-42.5298 3.11494
-42.4915 3.14453

-42.4914 3.14453
-42.4736 3.15825

-42.4736 3.1583
-42.4175 3.20066

-42.4175 3.20054
-42.4173 3.20068

-42.4174 3.20068
-42.3613 3.24202

-42.3613 3.242
-42.3407 3.25684

-42.3407 3.25684
-42.3052 3.28245

-42.3052 3.28245
-42.2618 3.31299

-42.2617 3.31299
-42.249 3.32191

-42.249 3.32197
-42.1929 3.36065

-42.1929 3.36061
-42.1802 3.36914

-42.1803 3.36914
-42.1367 3.39852

-42.1367 3.39852
-42.0962 3.42529

-42.0961 3.42529
-42.0806 3.43553

-42.0806 3.43558
-42.0244 3.47191

-42.0244 3.47188
-42.0093 3.48145

-42.0094 3.48145
-41.9683 3.50751

-41.9683 3.50752
-41.9199 3.5376

-41.9198 3.5376
-41.9121 3.54235

-41.9121 3.54242
-41.856 3.57667

-41.856 3.57668
-41.8274 3.59375

-41.8274 3.59375
-41.7998 3.61028

-41.7998 3.61029
-41.7437 3.64329

-41.7437 3.64326
-41.7322 3.6499

-41.7322 3.6499
-41.6875 3.6757

-41.6875 3.67571
-41.634 3.70605

-41.6339 3.70605
-41.6313 3.70749

-41.6313 3.70755
-41.5752 3.73885

-41.5752 3.73887
-41.5326 3.76221

-41.5325 3.76221
-41.519 3.7696

-41.519 3.76964
-41.4629 3.79992

-41.4629 3.79993
-41.4282 3.81836

-41.4281 3.81836
-41.4067 3.82969

-41.4067 3.82971
-41.3506 3.85904

-41.3506 3.85905
-41.3205 3.87451

-41.3205 3.87451
-41.2944 3.88791

-41.2944 3.88792
-41.2383 3.91637

-41.2383 3.91638
-41.2097 3.93066

-41.2096 3.93066
-41.1821 3.94439

-41.1821 3.9444
-41.126 3.97204

-41.126 3.97205
-41.0956 3.98682

-41.0955 3.98682
-41.0698 3.99927

-41.0698 3.99928
-41.0137 4.02616

-41.0137 4.02618
-40.9781 4.04297

-40.978 4.04297
-40.9575 4.05267

-40.9575 4.05268
-40.9014 4.07886

-40.9014 4.07888
-40.8574 4.09912

-40.8573 4.09912
-40.8452 4.10468

-40.8452 4.1047
-40.7891 4.13024

-40.7891 4.13025
-40.7334 4.15527

-40.7333 4.15527
-40.7329 4.15547

-40.7329 4.15546
-40.6768 4.18039

-40.6768 4.18041
-40.6206 4.20507

-40.6206 4.20506
-40.6059 4.21143

-40.6059 4.21143
-40.5645 4.22942

-40.5645 4.22943
-40.5083 4.25356

-40.5083 4.25358
-40.4754 4.26758

-40.4753 4.26758
-40.4521 4.27741

-40.4521 4.27742
-40.396 4.30106

-40.396 4.30108
-40.3416 4.32373

-40.3415 4.32373
-40.3398 4.32443

-40.3398 4.32445
-40.2837 4.34764

-40.2837 4.34765
-40.2275 4.37064

-40.2275 4.37064
-40.2047 4.37988

-40.2047 4.37988
-40.1714 4.39338

-40.1714 4.39339
-40.1152 4.41598

-40.1152 4.416
-40.065 4.43604

-40.0649 4.43604
-40.0591 4.43835

-40.0591 4.43837
-40.0029 4.46059

-40.0029 4.46061
-39.9468 4.48267

-39.9468 4.48268
-39.9224 4.49219

-39.9223 4.49219
-39.8906 4.50454

-39.8906 4.50454
-39.8345 4.52631

-39.8345 4.52633
-39.7783 4.54793

-39.7783 4.54792
-39.7772 4.54834

-39.7772 4.54834
-39.7222 4.56936

-39.7222 4.56938
-39.666 4.59073

-39.666 4.59075
-39.6296 4.60449

-39.6295 4.60449
-39.6099 4.61193

-39.6099 4.61193
-39.5537 4.63304

-39.5537 4.63306
-39.4976 4.65407

-39.4976 4.65407
-39.4799 4.66064

-39.4798 4.66064
-39.4414 4.67493

-39.4414 4.67494
-39.3853 4.69576

-39.3853 4.69578
-39.3291 4.7165

-39.3291 4.71649
-39.3283 4.7168

-39.3282 4.7168
-39.2729 4.73709

-39.2729 4.73711
-39.2168 4.75769

-39.2168 4.75771
-39.175 4.77295

-39.1749 4.77295
-39.1606 4.77816

-39.1606 4.77816
-39.1045 4.79859

-39.1045 4.79861
-39.0483 4.819

-39.0483 4.81901
-39.0204 4.8291

-39.0204 4.8291
-38.9922 4.83929

-38.9922 4.8393
-38.936 4.85959

-38.936 4.85961
-38.8799 4.87985

-38.8799 4.87986
-38.8649 4.88525

-38.8648 4.88525
-38.8237 4.90002

-38.8237 4.90003
-38.7676 4.92023

-38.7676 4.92025
-38.7114 4.94041

-38.7114 4.94041
-38.7086 4.94141

-38.7085 4.94141
-38.6553 4.9605

-38.6553 4.96052
-38.5991 4.98067

-38.5991 4.98069
-38.552 4.99756

-38.5519 4.99756
-38.543 5.00078

-38.543 5.00077
-38.4868 5.02089

-38.4868 5.02091
-38.4307 5.04105

-38.4307 5.04106
-38.3954 5.05371

-38.3953 5.05371
-38.3745 5.06116

-38.3745 5.06116
-38.3184 5.08132

-38.3184 5.08134
-38.2622 5.10152

-38.2622 5.10153
-38.239 5.10986

-38.2389 5.10986
-38.2061 5.12168

-38.2061 5.12169
-38.1499 5.14193

-38.1499 5.14195
-38.0938 5.16222

-38.0938 5.16222
-38.0833 5.16602

-38.0831 5.16602
-38.0376 5.18248

-38.0376 5.18249
-37.9814 5.20286

-37.9814 5.20289
-37.9284 5.22217

-37.9283 5.22217
-37.9253 5.22326

-37.9253 5.22325
-37.8691 5.24371

-37.8691 5.24372
-37.813 5.26426

-37.813 5.26428
-37.7747 5.27832

-37.7746 5.27832
-37.7568 5.28484

-37.7568 5.28483
-37.7007 5.3055

-37.7007 5.30552
-37.6445 5.32627

-37.6445 5.32628
-37.6224 5.33447

-37.6223 5.33447
-37.5884 5.34706

-37.5884 5.34706
-37.5322 5.36799

-37.5322 5.36802
-37.4761 5.38903

-37.4761 5.38904
-37.4718 5.39062

-37.4717 5.39062
-37.4199 5.4101

-37.4199 5.41011
-37.3638 5.43135

-37.3638 5.43136
-37.3232 5.44678

-37.3231 5.44678
-37.3076 5.45267

-37.3076 5.45266
-37.2515 5.47411

-37.2515 5.47413
-37.1953 5.49571

-37.1953 5.49573
-37.1767 5.50293

-37.1766 5.50293
-37.1392 5.51738

-37.1392 5.51739
-37.083 5.53925

-37.083 5.53927
-37.0324 5.55908

-37.0324 5.55908
-37.0269 5.56124

-37.0269 5.56123
-36.9707 5.58336

-36.9707 5.58338
-36.9146 5.60568

-36.9146 5.60569
-36.8907 5.61523

-36.8906 5.61523
-36.8584 5.62811

-36.8584 5.62811
-36.8022 5.65074

-36.8022 5.65077
-36.7515 5.67139

-36.7514 5.67139
-36.7461 5.67356

-36.7461 5.67354
-36.6899 5.69653

-36.6899 5.69655
-36.6338 5.71973

-36.6338 5.71975
-36.6151 5.72754

-36.615 5.72754
-36.5776 5.74308

-36.5776 5.74309
-36.5215 5.76669

-36.5215 5.76671
-36.4814 5.78369

-36.4814 5.78369
-36.4653 5.79049

-36.4653 5.79048
-36.4092 5.81451

-36.4092 5.81453
-36.353 5.83879

-36.353 5.83878
-36.3506 5.83984

-36.3505 5.83984
-36.2969 5.86325

-36.2969 5.86327
-36.2407 5.88803

-36.2407 5.88804
-36.2229 5.896

-36.2228 5.896
-36.1846 5.913

-36.1846 5.91302
-36.1284 5.93829

-36.1284 5.93831
-36.098 5.95215

-36.0979 5.95215
-36.0723 5.96382

-36.0723 5.96382
-36.0161 5.98966

-36.0161 5.98968
-35.9761 6.0083

-35.9761 6.0083
-35.96 6.01579

-35.96 6.01578
-35.9038 6.04221

-35.9038 6.04223
-35.8572 6.06445

-35.8572 6.06445
-35.8477 6.06898

-35.8477 6.06895
-35.7915 6.09603

-35.7915 6.09606
-35.7412 6.12061

-35.7412 6.12061
-35.7354 6.12347

-35.7354 6.12344
-35.6792 6.1512

-35.6792 6.15123
-35.6282 6.17676

-35.6282 6.17676
-35.623 6.17935

-35.623 6.17932
-35.5669 6.20781

-35.5669 6.20783
-35.5181 6.23291

-35.5181 6.23291
-35.5107 6.23671

-35.5107 6.23669
-35.4546 6.26596

-35.4546 6.26598
-35.4109 6.28906

-35.4109 6.28906
-35.3984 6.29565

-35.3984 6.29564
-35.3423 6.32574

-35.3423 6.32576
-35.3065 6.34521

-35.3065 6.34521
-35.2861 6.35628

-35.2861 6.35628
-35.23 6.38727

-35.23 6.3873
-35.2049 6.40137

-35.2048 6.40137
-35.1738 6.41871

-35.1738 6.41873
-35.1177 6.45066

-35.1177 6.4507
-35.1059 6.45752

-35.1058 6.45752
-35.0615 6.48307

-35.0615 6.48309
-35.0094 6.51367

-35.0094 6.51367
-35.0054 6.51605

-35.0054 6.51601
-34.9492 6.54947

-34.9492 6.54948
-34.9156 6.56982

-34.9156 6.56982
-34.8931 6.58347

-34.8931 6.58348
-34.8369 6.61804

-34.8369 6.61809
-34.8243 6.62598

-34.8242 6.62598
-34.7808 6.65316

-34.7808 6.65318
-34.7353 6.68213

-34.7353 6.68213
-34.7246 6.68893

-34.7246 6.6889
-34.6685 6.72525

-34.6685 6.7253
-34.6487 6.73828

-34.6486 6.73828
-34.6123 6.76222

-34.6123 6.76224
-34.5643 6.79443

-34.5643 6.79443
-34.5562 6.7999

-34.5562 6.79986
-34.5 6.83818

-34.5 28.0741
-34.5007 28.0762

-34.5007 28.0762
-34.5205 28.1323

-34.5205 28.1323
-34.5402 28.1885

-34.5562 28.2338
-34.56 28.2446

-34.5599 28.2446
-34.5797 28.3008

-34.5562 28.2338
-34.5402 28.1885

-34.7246 28.7108
-34.7385 28.75

-34.6123 28.3933
-34.6193 28.4131

-34.6193 28.4131
-34.6391 28.4692

-34.6391 28.4692
-34.6589 28.5254

-34.5797 28.3008
-34.5995 28.3569

-34.6123 28.3933
-34.5995 28.3569

-34.6685 28.5523
-34.6788 28.5815

-34.6788 28.5815
-34.6987 28.6377

-34.6685 28.5523
-34.6589 28.5254

-34.6987 28.6377
-34.7186 28.6938

-34.7246 28.7108
-34.7186 28.6938

-34.9492 29.3387
-34.9597 29.3677

-34.9597 29.3677
-34.98 29.4238

-35.0054 29.494
-35.0206 29.5361

-34.98 29.4238
-35.0003 29.48

-35.0054 29.4941
-35.0003 29.48

-35.0206 29.5361
-35.041 29.5923

-35.041 29.5923
-35.0614 29.6484

-34.7385 28.75
-34.7585 28.8062

-34.7585 28.8062
-34.7785 28.8623

-34.7808 28.8687
-34.7985 28.9185

-34.7985 28.9185
-34.8185 28.9746

-34.7808 28.8687
-34.7785 28.8623

-34.8369 29.026
-34.8386 29.0308

-34.8386 29.0308
-34.8587 29.0869

-34.8931 29.1827
-34.899 29.1992

-34.8587 29.0869
-34.8788 29.1431

-34.8931 29.1827
-34.8788 29.1431

-34.8369 29.026
-34.8185 28.9746

-34.899 29.1992
-34.9192 29.2554

-34.9192 29.2554
-34.9394 29.3115

-34.9492 29.3387
-34.9394 29.3115

-35.1738 29.9556
-35.1848 29.9854

-35.1848 29.9854
-35.2054 30.0415

-35.2054 30.0415
-35.2262 30.0977

-35.0615 29.6487
-35.0819 29.7046

-35.0819 29.7046
-35.1024 29.7607

-35.1177 29.8025
-35.1229 29.8169

-35.1229 29.8169
-35.1435 29.873

-35.1177 29.8025
-35.1024 29.7607

-35.0615 29.6487
-35.0614 29.6484

-35.1435 29.873
-35.1641 29.9292

-35.1738 29.9556
-35.1641 29.9292

-35.2861 30.2596
-35.2885 30.2661

-35.2885 30.2661
-35.3094 30.3223

-35.23 30.108
-35.2469 30.1538

-35.2469 30.1538
-35.2677 30.21

-35.23 30.108
-35.2262 30.0977

-35.2861 30.2596
-35.2677 30.21

-35.3423 30.4107
-35.3512 30.4346

-35.3094 30.3223
-35.3303 30.3784

-35.3423 30.4107
-35.3303 30.3784

-35.3512 30.4346
-35.3721 30.4907

-35.3721 30.4907
-35.3931 30.5469

-35.3984 30.5612
-35.4141 30.603

-35.4141 30.603
-35.4351 30.6592

-35.4546 30.7114
-35.4561 30.7153

-35.4561 30.7153
-35.4771 30.7715

-35.4546 30.7114
-35.4351 30.6592

-35.5107 30.8612
-35.5192 30.8838

-35.5192 30.8838
-35.5403 30.9399

-35.5403 30.9399
-35.5614 30.9961

-35.4771 30.7715
-35.4982 30.8276

-35.5107 30.8612
-35.4982 30.8276

-35.623 31.1603
-35.6246 31.1646

-35.6246 31.1646
-35.6457 31.2207

-35.6792 31.3098
-35.6879 31.333

-35.6457 31.2207
-35.6668 31.2769

-35.6792 31.3098
-35.6668 31.2769

-35.6879 31.333
-35.709 31.3892

-35.709 31.3892
-35.7301 31.4453

-35.5669 31.0108
-35.5824 31.0522

-35.5824 31.0522
-35.6035 31.1084

-35.5669 31.0108
-35.5614 30.9961

-35.623 31.1603
-35.6035 31.1084

-35.8477 31.758
-35.8568 31.7822

-35.8568 31.7822
-35.8779 31.8384

-35.8779 31.8384
-35.899 31.8945

-35.96 32.0563
-35.9625 32.063

-35.9625 32.063
-35.9837 32.1191

-35.9038 31.9073
-35.9202 31.9507

-35.9202 31.9507
-35.9413 32.0068

-35.9038 31.9073
-35.899 31.8945

-35.96 32.0563
-35.9413 32.0068

-36.0161 32.205
-36.0261 32.2314

-35.9837 32.1191
-36.0049 32.1753

-36.0161 32.205
-36.0049 32.1753

-36.0261 32.2314
-36.0474 32.2876

-36.0474 32.2876
-36.0686 32.3438

-35.7354 31.4593
-35.7512 31.5015

-35.7512 31.5015
-35.7723 31.5576

-35.7915 31.6087
-35.7934 31.6138

-35.7934 31.6138
-35.8145 31.6699

-35.7915 31.6087
-35.7723 31.5576

-35.7354 31.4593
-35.7301 31.4453

-35.8145 31.6699
-35.8356 31.7261

-35.8477 31.758
-35.8356 31.7261

-35.3984 30.5612
-35.3931 30.5469

-36.2969 32.9449
-36.3032 32.9614

-36.3031 32.9614
-36.3245 33.0176

-36.4092 33.2396
-36.4102 33.2422

-36.353 33.0924
-36.3673 33.1299

-36.3245 33.0176
-36.3459 33.0737

-36.353 33.0924
-36.3459 33.0737

-36.3673 33.1299
-36.3887 33.186

-36.4092 33.2396
-36.3887 33.186

-36.7461 34.1188
-36.7545 34.1406

-36.5215 33.5333
-36.539 33.5791

-36.5776 33.68
-36.582 33.6914

-36.539 33.5791
-36.5605 33.6353

-36.5776 33.68
-36.5605 33.6353

-36.4102 33.2422
-36.4316 33.2983

-36.4316 33.2983
-36.4531 33.3545

-36.4653 33.3865
-36.4745 33.4106

-36.4745 33.4106
-36.496 33.4668

-36.4653 33.3866
-36.4531 33.3545

-36.496 33.4668
-36.5175 33.5229

-36.5215 33.5334
-36.5175 33.5229

-36.6338 33.8264
-36.6466 33.8599

-36.6466 33.8599
-36.6682 33.916

-36.582 33.6914
-36.6035 33.7476

-36.6035 33.7476
-36.6251 33.8037

-36.6338 33.8265
-36.6251 33.8037

-36.6899 33.9728
-36.7113 34.0283

-36.6682 33.916
-36.6897 33.9722

-36.6899 33.9728
-36.6897 33.9722

-36.7113 34.0283
-36.7329 34.0845

-36.7461 34.1188
-36.7329 34.0845

-37.1953 35.2738
-37.2133 35.3198

-37.2133 35.3198
-37.2354 35.376

-37.2515 35.417
-37.2574 35.4321

-37.2574 35.4321
-37.2794 35.4883

-37.2515 35.417
-37.2354 35.376

-37.4199 35.8452
-37.4342 35.8813

-37.4342 35.8813
-37.4563 35.9375

-37.3076 35.56
-37.3236 35.6006

-37.3638 35.7027
-37.3678 35.7129

-37.3236 35.6006
-37.3457 35.6567

-37.3638 35.7027
-37.3457 35.6567

-37.2794 35.4883
-37.3015 35.5444

-37.3076 35.56
-37.3015 35.5444

-37.3678 35.7129
-37.3899 35.769

-37.3899 35.769
-37.412 35.8252

-37.4199 35.8452
-37.412 35.8252

-36.7545 34.1406
-36.7761 34.1968

-36.7761 34.1968
-36.7977 34.2529

-36.8022 34.2646
-36.8194 34.3091

-36.8194 34.3091
-36.8411 34.3652

-36.8022 34.2646
-36.7977 34.2529

-36.8584 34.4099
-36.8628 34.4214

-36.8628 34.4214
-36.8846 34.4775

-36.9146 34.5547
-36.9282 34.5898

-36.8846 34.4775
-36.9064 34.5337

-36.9146 34.5547
-36.9064 34.5337

-36.8584 34.4099
-36.8411 34.3652

-36.9707 34.6991
-36.9719 34.7021

-36.9719 34.7021
-36.9938 34.7583

-36.9938 34.7583
-37.0157 34.8145

-37.083 34.9868
-37.1035 35.0391

-37.0269 34.843
-37.0376 34.8706

-37.0376 34.8706
-37.0596 34.9268

-37.0269 34.843
-37.0157 34.8145

-37.0596 34.9268
-37.0815 34.9829

-37.083 34.9868
-37.0815 34.9829

-36.9282 34.5898
-36.95 34.646

-36.9707 34.6991
-36.95 34.646

-37.1392 35.1303
-37.1474 35.1514

-37.1035 35.0391
-37.1254 35.0952

-37.1392 35.1304
-37.1254 35.0952

-37.1474 35.1514
-37.1694 35.2075

-37.1694 35.2075
-37.1913 35.2637

-37.1953 35.2738
-37.1913 35.2637

-36.0723 32.3534
-36.0899 32.3999

-36.0899 32.3999
-36.1112 32.4561

-36.1284 32.5016
-36.1324 32.5122

-36.1324 32.5122
-36.1537 32.5684

-36.1284 32.5016
-36.1112 32.4561

-36.1846 32.6495
-36.1964 32.6807

-36.1964 32.6807
-36.2177 32.7368

-36.2177 32.7368
-36.2391 32.793

-36.1537 32.5684
-36.1751 32.6245

-36.1846 32.6496
-36.1751 32.6245

-36.0723 32.3534
-36.0686 32.3438

-36.2407 32.7973
-36.2604 32.8491

-36.2604 32.8491
-36.2818 32.9053

-36.2407 32.7974
-36.2391 32.793

-36.2969 32.9449
-36.2818 32.9053

-38.0938 37.5371
-38.1053 37.5659

-38.1053 37.5659
-38.1278 37.6221

-38.1499 37.6771
-38.1504 37.6782

-38.1504 37.6782
-38.1729 37.7344

-38.1499 37.6771
-38.1278 37.6221

-38.3184 38.0962
-38.331 38.1274

-38.331 38.1274
-38.3536 38.1836

-38.2061 37.8169
-38.218 37.8467

-38.2622 37.9566
-38.2632 37.959

-38.218 37.8467
-38.2406 37.9028

-38.2622 37.9566
-38.2406 37.9028

-38.1729 37.7344
-38.1955 37.7905

-38.2061 37.8169
-38.1955 37.7905

-38.2632 37.959
-38.2858 38.0151

-38.2858 38.0151
-38.3083 38.0713

-38.3184 38.0962
-38.3083 38.0713

-38.4307 38.3751
-38.444 38.4082

-38.3745 38.2356
-38.3762 38.2397

-38.3762 38.2397
-38.3988 38.2959

-38.3745 38.2356
-38.3536 38.1836

-38.3988 38.2959
-38.4214 38.3521

-38.4307 38.3751
-38.4214 38.3521

-38.4868 38.5143
-38.4893 38.5205

-38.444 38.4082
-38.4667 38.4644

-38.4868 38.5143
-38.4667 38.4644

-38.4893 38.5205
-38.512 38.5767

-38.512 38.5767
-38.5347 38.6328

-38.543 38.6532
-38.5574 38.689

-38.5574 38.689
-38.5801 38.7451

-38.5991 38.792
-38.6029 38.8013

-38.6029 38.8013
-38.6256 38.8574

-38.5991 38.792
-38.5801 38.7451

-38.6553 38.9306
-38.6711 38.9697

-38.7114 39.0686
-38.7169 39.082

-38.6711 38.9697
-38.694 39.0259

-38.7114 39.0686
-38.694 39.0259

-38.6256 38.8574
-38.6484 38.9136

-38.6553 38.9306
-38.6483 38.9136

-38.7676 39.2061
-38.7858 39.2505

-38.7858 39.2505
-38.8088 39.3066

-38.8799 39.4801
-38.9008 39.5312

-38.8088 39.3066
-38.8548 39.4189

-38.8799 39.4802
-38.8548 39.4189

-38.7169 39.082
-38.7398 39.1382

-38.7398 39.1382
-38.7628 39.1943

-38.7676 39.2061
-38.7628 39.1943

-38.543 38.6532
-38.5347 38.6328

-39.8906 41.9289
-40.3903 43.125

-38.9922 39.7543
-38.9928 39.7559

-38.9928 39.7559
-39.0848 39.9805

-39.0846 39.9805
-39.2688 40.4297

-39.2682 40.4297
-39.639 41.3281

-38.9922 39.7543
-38.9008 39.5312

-39.8906 41.9391
-39.6354 41.3281

-37.6445 36.4137
-37.6561 36.4429

-37.6561 36.4429
-37.6783 36.499

-37.7007 36.5553
-37.7229 36.6113

-37.6783 36.499
-37.7006 36.5552

-37.7007 36.5554
-37.7006 36.5552

-37.7568 36.6965
-37.7677 36.7236

-37.7677 36.7236
-37.7901 36.7798

-37.7901 36.7798
-37.8125 36.8359

-37.7229 36.6113
-37.7453 36.6675

-37.7568 36.6965
-37.7453 36.6675

-37.5322 36.1297
-37.545 36.1621

-37.4761 35.9875
-37.4785 35.9937

-37.4785 35.9937
-37.5007 36.0498

-37.4761 35.9875
-37.4563 35.9375

-37.5007 36.0498
-37.5228 36.106

-37.5322 36.1297
-37.5228 36.106

-37.5884 36.2718
-37.5894 36.2744

-37.545 36.1621
-37.5672 36.2183

-37.5884 36.2718
-37.5672 36.2183

-37.5894 36.2744
-37.6116 36.3306

-37.6116 36.3306
-37.6338 36.3867

-37.6445 36.4137
-37.6338 36.3867

-37.8691 36.9774
-37.88 37.0044

-37.88 37.0044
-37.9025 37.0605

-37.9814 37.2572
-37.9927 37.2852

-37.9253 37.1174
-37.9476 37.1729

-37.9025 37.0605
-37.925 37.1167

-37.9253 37.1174
-37.925 37.1167

-37.9476 37.1729
-37.9701 37.229

-37.9814 37.2572
-37.9701 37.229

-37.813 36.8372
-37.835 36.8921

-37.835 36.8921
-37.8574 36.9482

-37.813 36.8372
-37.8125 36.8359

-37.8691 36.9774
-37.8574 36.9482

-38.0376 37.3972
-38.0377 37.3975

-37.9927 37.2852
-38.0152 37.3413

-38.0376 37.3972
-38.0152 37.3413

-38.0377 37.3975
-38.0602 37.4536

-38.0602 37.4536
-38.0828 37.5098

-38.0938 37.5371
-38.0828 37.5098

-41.6875 46.1689
-41.9236 46.7188

-43.4844 50.2936
-43.4927 50.3125

-41.9234 46.7188
-42.7039 48.5156

-43.4844 50.2941
-42.7027 48.5156

-45.2812 54.2962
-45.9235 55.7031

-45.9236 55.7031
-46.7534 57.5

-43.4931 50.3125
-44.2934 52.1094

-44.2933 52.1094
-45.1028 53.9062

-45.2812 54.3061
-45.0987 53.9062

-40.3898 43.125
-41.1514 44.9219

-41.6875 46.1728
-41.1504 44.9219

-63.25 90.6397
-63.7707 91.6406

-63.7708 91.6406
-64.7088 93.4375

-66.8438 97.5069
-67.5396 98.8281

-67.5395 98.8281
-68.4886 100.625

-65.0469 94.0834
-65.6495 95.2344

-65.6496 95.2344
-66.5933 97.0312

-65.0469 94.088
-64.7063 93.4375

-66.8438 97.512
-66.5906 97.0312

-72.2344 107.671
-72.3099 107.812

-70.4375 104.3
-71.3508 106.016

-72.2344 107.672
-71.3505 106.016

-74.0312 111.026
-74.2354 111.406

-75.8281 114.366
-76.17 115

-74.2352 111.406
-75.201 113.203

-75.8281 114.368
-75.1998 113.203

-72.3099 107.812
-73.2714 109.609

-74.0312 111.026
-73.2712 109.609

-68.6406 100.912
-69.4402 102.422

-69.4402 102.422
-70.3944 104.219

-68.6406 100.918
-68.4855 100.625

-70.4375 104.306
-70.3911 104.219

-48.875 62.002
-49.2989 62.8906

-49.2995 62.8906
-50.1644 64.6875

-52.4688 69.4072
-52.7989 70.0781

-52.7995 70.0781
-53.6894 71.875

-50.6719 65.7341
-51.0359 66.4844

-51.0365 66.4844
-51.915 68.2812

-50.6719 65.7384
-50.162 64.6875

-52.4688 69.4108
-51.9129 68.2812

-56.0625 76.6167
-56.3893 77.2656

-56.3896 77.2656
-57.2988 79.0625

-59.6562 83.6835
-60.0508 84.4531

-60.051 84.4531
-60.9759 86.25

-57.8594 80.1657
-58.212 80.8594

-58.2123 80.8594
-59.1297 82.6562

-57.8594 80.1687
-57.297 79.0625

-59.6562 83.6868
-59.1279 82.6562

-54.2656 73.0323
-54.5842 73.6719

-54.5846 73.6719
-55.4848 75.4688

-54.2656 73.0355
-53.6875 71.875

-56.0625 76.6197
-55.483 75.4688

-47.0781 58.1951
-47.593 59.2969

-47.5935 59.2969
-48.4421 61.0938

-47.0781 58.2023
-46.75 57.5

-48.875 62.0074
-48.4392 61.0938

-61.4531 87.1739
-61.9041 88.0469

-61.9043 88.0469
-62.836 89.8438

-61.4531 87.1775
-60.9739 86.25

-63.25 90.6437
-62.8338 89.8438

-34.5 6.83823
-34.4822 6.85059

-34.4821 6.85059
-34.4438 6.87718

-34.4438 6.87719
-34.4021 6.90674

-34.4021 6.90674
-34.3877 6.91692

-34.3877 6.91691
-34.3315 6.95738

-34.3315 6.95745
-34.3241 6.96289

-34.324 6.96289
-34.2754 6.9986

-34.2754 6.99863
-34.2481 7.01904

-34.2481 7.01904
-34.2192 7.04061

-34.2192 7.04062
-34.1739 7.0752

-34.1739 7.0752
-34.1631 7.08348

-34.1631 7.08346
-34.1069 7.12714

-34.1069 7.1272
-34.1017 7.13135

-34.1016 7.13135
-34.0508 7.17167

-34.0508 7.17173
-34.0313 7.1875

-34.0312 7.1875
-33.9946 7.21712

-33.9946 7.21714
-33.9625 7.24365

-33.9625 7.24365
-33.9385 7.26351

-33.9385 7.26352
-33.8954 7.2998

-33.8954 7.2998
-33.8823 7.31087

-33.8823 7.31085
-33.8299 7.35596

-33.83 7.35596
-33.8262 7.35926

-33.8262 7.3592
-33.77 7.40857

-33.77 7.40862
-33.7661 7.41211

-33.7661 7.41211
-33.7139 7.45899

-33.7139 7.45909
-33.7039 7.46826

-33.7037 7.46826
-33.6577 7.51052

-33.6577 7.51061
-33.643 7.52441

-33.6429 7.52441
-33.6016 7.5632

-33.6016 7.56327
-33.5835 7.58057

-33.5835 7.58057
-33.5454 7.61708

-33.5454 7.61715
-33.5255 7.63672

-33.5254 7.63672
-33.4893 7.67219

-33.4893 7.67225
-33.4687 7.69287

-33.4686 7.69287
-33.4331 7.7288

-33.4331 7.72877
-33.4131 7.74902

-33.4131 7.74902
-33.377 7.78652

-33.377 7.7865
-33.3589 7.80518

-33.359 7.80518
-33.3208 7.84562

-33.3208 7.84559
-33.306 7.86133

-33.306 7.86133
-33.2646 7.90614

-33.2646 7.90612
-33.2542 7.91748

-33.2542 7.91748
-33.2085 7.96815

-33.2085 7.96812
-33.2035 7.97363

-33.2036 7.97363
-33.154 8.02979

-33.1541 8.02979
-33.1523 8.03178

-33.1523 8.03174
-33.1056 8.08594

-33.1056 8.08594
-33.0962 8.09711

-33.0962 8.09707
-33.0582 8.14209

-33.0582 8.14209
-33.04 8.16414

-33.04 8.1641
-33.0119 8.19824

-33.0119 8.19824
-32.9839 8.2329

-32.9839 8.23286
-32.9665 8.25439

-32.9665 8.25439
-32.9277 8.30346

-32.9277 8.30344
-32.9221 8.31055

-32.9221 8.31055
-32.8787 8.3667

-32.8787 8.3667
-32.8716 8.37616

-32.8716 8.37611
-32.8362 8.42285

-32.8362 8.42285
-32.8154 8.45095

-32.8154 8.4509
-32.7946 8.479

-32.7946 8.479
-32.7593 8.52778

-32.7593 8.52775
-32.7539 8.53516

-32.7539 8.53516
-32.7141 8.59131

-32.7141 8.59131
-32.7031 8.60715

-32.7031 8.6071
-32.6751 8.64746

-32.6751 8.64746
-32.647 8.68888

-32.647 8.68883
-32.6369 8.70361

-32.6369 8.70361
-32.5996 8.75977

-32.5996 8.75977
-32.5908 8.7733

-32.5908 8.77325
-32.5631 8.81592

-32.5631 8.81592
-32.5347 8.86052

-32.5347 8.86048
-32.5273 8.87207

-32.5273 8.87207
-32.4923 8.92822

-32.4923 8.92822
-32.4785 8.95088

-32.4785 8.95082
-32.458 8.98438

-32.4581 8.98438
-32.4245 9.04053

-32.4246 9.04053
-32.4224 9.04429

-32.4224 9.04424
-32.3917 9.09668

-32.3918 9.09668
-32.3662 9.14141

-32.3662 9.14137
-32.3597 9.15283

-32.3597 9.15283
-32.3283 9.20898

-32.3283 9.20898
-32.3101 9.24235

-32.3101 9.2423
-32.2976 9.26514

-32.2976 9.26514
-32.2676 9.32129

-32.2676 9.32129
-32.2539 9.34743

-32.2539 9.34737
-32.2382 9.37744

-32.2382 9.37744
-32.2094 9.43359

-32.2095 9.43359
-32.1978 9.45702

-32.1978 9.45697
-32.1813 9.48975

-32.1813 9.48975
-32.1539 9.5459

-32.1539 9.5459
-32.1416 9.57159

-32.1416 9.57154
-32.127 9.60205

-32.127 9.60205
-32.1007 9.6582

-32.1007 9.6582
-32.0854 9.69159

-32.0854 9.69154
-32.075 9.71436

-32.075 9.71436
-32.0499 9.77051

-32.0499 9.77051
-32.0293 9.8176

-32.0293 9.81754
-32.0253 9.82666

-32.0253 9.82666
-32.0013 9.88281

-32.0013 9.88281
-31.9778 9.93896

-31.9778 9.93896
-31.9731 9.95037

-31.9731 9.95032
-31.9548 9.99512

-31.9548 9.99512
-31.9323 10.0513

-31.9323 10.0513
-31.917 10.0903

-31.917 10.0903
-31.9103 10.1074

-31.9103 10.1074
-31.8887 10.1636

-31.8887 10.1636
-31.8677 10.2197

-31.8677 10.2197
-31.8608 10.2383

-31.8608 10.2383
-31.847 10.2759

-31.847 10.2759
-31.8268 10.332

-31.8268 10.332
-31.8069 10.3882

-31.807 10.3882
-31.8047 10.3947

-31.8047 10.3947
-31.7875 10.4443

-31.7875 10.4443
-31.7684 10.5005

-31.7685 10.5005
-31.7498 10.5566

-31.7498 10.5566
-31.7485 10.5605

-31.7485 10.5604
-31.7314 10.6128

-31.7314 10.6128
-31.7134 10.6689

-31.7135 10.6689
-31.6958 10.7251

-31.6958 10.7251
-31.6924 10.7362

-31.6924 10.7362
-31.6785 10.7812

-31.6785 10.7812
-31.6615 10.8374

-31.6615 10.8374
-31.6448 10.8936

-31.6448 10.8936
-31.6362 10.9229

-31.6362 10.9229
-31.6284 10.9497

-31.6284 10.9497
-31.6123 11.0059

-31.6123 11.0059
-31.5965 11.062

-31.5965 11.062
-31.581 11.1182

-31.581 11.1182
-31.5801 11.1216

-31.5801 11.1216
-31.5658 11.1743

-31.5658 11.1743
-31.5508 11.2305

-31.5508 11.2305
-31.5362 11.2866

-31.5362 11.2866
-31.5239 11.3344

-31.5239 11.3344
-31.5218 11.3428

-31.5218 11.3428
-31.5076 11.3989

-31.5076 11.3989
-31.4938 11.4551

-31.4938 11.4551
-31.4802 11.5112

-31.4802 11.5112
-31.4678 11.5633

-31.4678 11.5633
-31.4668 11.5674

-31.4668 11.5674
-31.4537 11.6235

-31.4537 11.6235
-31.4409 11.6797

-31.4409 11.6797
-31.4283 11.7358

-31.4283 11.7358
-31.416 11.792

-31.416 11.792
-31.4116 11.8124

-31.4116 11.8124
-31.404 11.8481

-31.404 11.8481
-31.3921 11.9043

-31.3921 11.9043
-31.3806 11.9604

-31.3806 11.9604
-31.3693 12.0166

-31.3693 12.0166
-31.3582 12.0728

-31.3582 12.0728
-31.3555 12.0871

-31.3555 12.0871
-31.3474 12.1289

-31.3474 12.1289
-31.3369 12.1851

-31.3369 12.1851
-31.3266 12.2412

-31.3266 12.2412
-31.3165 12.2974

-31.3165 12.2974
-31.3067 12.3535

-31.3067 12.3535
-31.2993 12.3969

-31.2993 12.397
-31.2972 12.4097

-31.2972 12.4097
-31.2879 12.4658

-31.2879 12.4658
-31.2788 12.522

-31.2788 12.522
-31.27 12.5781

-31.27 12.5781
-31.2615 12.6343

-31.2615 12.6343
-31.2533 12.6904

-31.2533 12.6904
-31.2452 12.7466

-31.2452 12.7466
-31.2432 12.7617

-31.2432 12.7617
-31.2375 12.8027

-31.2375 12.8027
-31.23 12.8589

-31.23 12.8589
-31.2228 12.915

-31.2228 12.915
-31.2158 12.9712

-31.2158 12.9712
-31.2091 13.0273

-31.2091 13.0273
-31.2027 13.0835

-31.2027 13.0835
-31.1965 13.1396

-31.1965 13.1396
-31.1906 13.1958

-31.1906 13.1958
-31.187 13.2316

-31.187 13.2317
-31.185 13.252

-31.185 13.252
-31.1796 13.3081

-31.1796 13.3081
-31.1745 13.3643

-31.1745 13.3643
-31.1696 13.4204

-31.1696 13.4204
-31.165 13.4766

-31.165 13.4766
-31.1606 13.5327

-31.1606 13.5327
-31.1565 13.5889

-31.1565 13.5889
-31.1526 13.645

-31.1526 13.645
-31.1489 13.7012

-31.1489 13.7012
-31.1455 13.7573

-31.1455 13.7573
-31.1423 13.8135

-31.1423 13.8135
-31.1394 13.8696

-31.1394 13.8696
-31.1366 13.9258

-31.1366 13.9258
-31.1341 13.9819

-31.1341 13.9819
-31.1318 14.0381

-31.1318 14.0381
-31.1309 14.063

-31.1309 14.0632
-31.1297 14.0942

-31.1297 14.0942
-31.1278 14.1504

-31.1278 14.1504
-31.1262 14.2065

-31.1262 14.2065
-31.1247 14.2627

-31.1247 14.2627
-31.1235 14.3188

-31.1235 14.3188
-31.1225 14.375

-31.1225 14.375
-31.1216 14.4312

-31.1216 14.4312
-31.121 14.4873

-31.121 14.4873
-31.1206 14.5435

-31.1206 14.5435
-31.1204 14.5996

-31.1204 14.5996
-31.1203 14.6558

-31.1203 14.6558
-31.1205 14.7119

-31.1205 14.7119
-31.1209 14.7681

-31.1209 14.7681
-31.1215 14.8242

-31.1309 15.214
-31.131 15.2173

-31.131 15.2173
-31.1331 15.2734

-31.1215 14.8242
-31.1222 14.8804

-31.1222 14.8804
-31.1232 14.9365

-31.1232 14.9365
-31.1244 14.9927

-31.1244 14.9927
-31.1257 15.0488

-31.1257 15.0488
-31.1273 15.105

-31.1273 15.105
-31.129 15.1611

-31.1309 15.2142
-31.129 15.1611

-31.1331 15.2734
-31.1354 15.3296

-31.1354 15.3296
-31.1379 15.3857

-31.1379 15.3857
-31.1406 15.4419

-31.1406 15.4419
-31.1435 15.498

-31.1435 15.498
-31.1466 15.5542

-31.1466 15.5542
-31.1499 15.6104

-31.1499 15.6104
-31.1533 15.6665

-31.1533 15.6665
-31.157 15.7227

-31.157 15.7227
-31.1608 15.7788

-31.1608 15.7788
-31.1648 15.835

-31.1648 15.835
-31.1691 15.8911

-31.1691 15.8911
-31.1735 15.9473

-31.1735 15.9473
-31.1781 16.0034

-31.1781 16.0034
-31.1829 16.0596

-31.187 16.1059
-31.1879 16.1157

-31.1879 16.1157
-31.1931 16.1719

-31.187 16.1059
-31.1829 16.0596

-31.1931 16.1719
-31.1985 16.228

-31.1985 16.228
-31.2041 16.2842

-31.2041 16.2842
-31.2099 16.3403

-31.2099 16.3403
-31.2159 16.3965

-31.2159 16.3965
-31.2221 16.4526

-31.2221 16.4526
-31.2285 16.5088

-31.2285 16.5088
-31.2352 16.5649

-31.2352 16.5649
-31.242 16.6211

-31.2432 16.6303
-31.2491 16.6772

-31.2491 16.6772
-31.2564 16.7334

-31.2564 16.7334
-31.2638 16.7896

-31.2638 16.7896
-31.2716 16.8457

-31.2432 16.6303
-31.242 16.6211

-31.2716 16.8457
-31.2795 16.9019

-31.2795 16.9019
-31.2876 16.958

-31.2993 17.0361
-31.3045 17.0703

-31.2876 16.958
-31.296 17.0142

-31.2993 17.0362
-31.296 17.0142

-31.3555 17.3791
-31.3604 17.4072

-31.3604 17.4072
-31.3704 17.4634

-31.3704 17.4634
-31.3807 17.5195

-31.3807 17.5195
-31.3911 17.5757

-31.3911 17.5757
-31.4018 17.6318

-31.4116 17.6825
-31.4127 17.688

-31.4127 17.688
-31.4238 17.7441

-31.4116 17.6825
-31.4018 17.6318

-31.4678 17.9582
-31.47 17.9688

-31.4238 17.7441
-31.435 17.8003

-31.435 17.8003
-31.4465 17.8564

-31.4465 17.8564
-31.4581 17.9126

-31.4678 17.9582
-31.4581 17.9126

-31.3045 17.0703
-31.3133 17.1265

-31.3133 17.1265
-31.3223 17.1826

-31.3223 17.1826
-31.3315 17.2388

-31.3315 17.2388
-31.3409 17.2949

-31.3409 17.2949
-31.3505 17.3511

-31.3555 17.3792
-31.3505 17.3511

-31.8047 19.3563
-31.8088 19.3726

-31.8088 19.3726
-31.8231 19.4287

-31.8231 19.4287
-31.8373 19.4849

-31.8373 19.4849
-31.8516 19.541

-31.8608 19.5774
-31.8659 19.5972

-31.8659 19.5972
-31.8801 19.6533

-31.8608 19.5774
-31.8516 19.541

-31.8801 19.6533
-31.8943 19.7095

-31.8943 19.7095
-31.9086 19.7656

-31.47 17.9688
-31.482 18.0249

-31.482 18.0249
-31.4942 18.0811

-31.4942 18.0811
-31.5066 18.1372

-31.5066 18.1372
-31.5192 18.1934

-31.5239 18.2142
-31.5319 18.2495

-31.5319 18.2495
-31.5448 18.3057

-31.5239 18.2142
-31.5192 18.1934

-31.5448 18.3057
-31.5579 18.3618

-31.5579 18.3618
-31.5711 18.418

-31.5801 18.4558
-31.5844 18.4741

-31.5844 18.4741
-31.5979 18.5303

-31.5979 18.5303
-31.6115 18.5864

-31.6115 18.5864
-31.6252 18.6426

-31.6362 18.6873
-31.639 18.6987

-31.639 18.6987
-31.6529 18.7549

-31.6362 18.6873
-31.6252 18.6426

-31.6529 18.7549
-31.6669 18.811

-31.6669 18.811
-31.6809 18.8672

-31.5801 18.4558
-31.5711 18.418

-31.6924 18.9127
-31.695 18.9233

-31.695 18.9233
-31.7092 18.9795

-31.7092 18.9795
-31.7234 19.0356

-31.7234 19.0356
-31.7376 19.0918

-31.6924 18.9127
-31.6809 18.8672

-31.7485 19.1351
-31.7518 19.1479

-31.7518 19.1479
-31.766 19.2041

-31.7485 19.1351
-31.7376 19.0918

-31.766 19.2041
-31.7803 19.2603

-31.7803 19.2603
-31.7946 19.3164

-31.8047 19.3563
-31.7945 19.3164

-31.917 19.7988
-31.9228 19.8218

-31.9228 19.8218
-31.937 19.8779

-31.937 19.8779
-31.9512 19.9341

-31.9512 19.9341
-31.9654 19.9902

-31.917 19.7989
-31.9086 19.7656

-31.9731 20.0207
-31.9797 20.0464

-31.9796 20.0464
-31.9938 20.1025

-31.9731 20.0207
-31.9654 19.9902

-31.9939 20.1025
-32.0081 20.1587

-32.0081 20.1587
-32.0223 20.2148

-32.0293 20.2426
-32.0365 20.271

-32.0365 20.271
-32.0507 20.3271

-32.0507 20.3271
-32.0649 20.3833

-32.0649 20.3833
-32.0792 20.4395

-32.0854 20.4642
-32.0934 20.4956

-32.0934 20.4956
-32.1077 20.5518

-32.0854 20.4642
-32.0792 20.4395

-32.1077 20.5518
-32.122 20.6079

-32.122 20.6079
-32.1364 20.6641

-32.0293 20.2427
-32.0223 20.2148

-32.2539 21.1138
-32.2688 21.1694

-32.2688 21.1694
-32.284 21.2256

-32.3101 21.3212
-32.3146 21.3379

-32.284 21.2256
-32.2992 21.2817

-32.3101 21.3212
-32.2992 21.2817

-32.3662 21.5236
-32.3772 21.5625

-32.3146 21.3379
-32.3301 21.394

-32.3301 21.394
-32.3457 21.4502

-32.3457 21.4502
-32.3614 21.5063

-32.3662 21.5236
-32.3614 21.5063

-32.1416 20.6843
-32.1508 20.7202

-32.1508 20.7202
-32.1653 20.7764

-32.1653 20.7764
-32.1798 20.8325

-32.1798 20.8325
-32.1945 20.8887

-32.1416 20.6843
-32.1364 20.6641

-32.1978 20.9013
-32.2092 20.9448

-32.2091 20.9448
-32.2239 21.001

-32.1978 20.9013
-32.1945 20.8887

-32.2239 21.001
-32.2388 21.0571

-32.2388 21.0571
-32.2538 21.1133

-32.2539 21.1139
-32.2537 21.1133

-32.7031 22.6494
-32.7145 22.6855

-32.7145 22.6855
-32.7321 22.7417

-32.7321 22.7417
-32.7498 22.7979

-32.7593 22.828
-32.7675 22.854

-32.7675 22.854
-32.7852 22.9102

-32.7593 22.828
-32.7498 22.7979

-32.8154 23.0058
-32.8207 23.0225

-32.8207 23.0225
-32.8384 23.0786

-32.8384 23.0786
-32.8562 23.1348

-32.7852 22.9102
-32.8029 22.9663

-32.8154 23.0058
-32.8029 22.9663

-32.8716 23.1834
-32.874 23.1909

-32.874 23.1909
-32.8917 23.2471

-32.8716 23.1834
-32.8562 23.1348

-32.8917 23.2471
-32.9095 23.3032

-32.9095 23.3032
-32.9272 23.3594

-33.1523 24.0736
-33.1573 24.0894

-33.1573 24.0894
-33.1749 24.1455

-33.2085 24.2522
-33.2102 24.2578

-33.1749 24.1455
-33.1926 24.2017

-33.2085 24.2522
-33.1926 24.2017

-32.9277 23.361
-32.945 23.4155

-32.945 23.4155
-32.9627 23.4717

-32.9839 23.5387
-32.9982 23.584

-32.9627 23.4717
-32.9805 23.5278

-32.9839 23.5387
-32.9804 23.5278

-33.04 23.7167
-33.0513 23.7524

-33.0513 23.7524
-33.069 23.8086

-32.9982 23.584
-33.0159 23.6401

-33.0159 23.6401
-33.0336 23.6963

-33.04 23.7168
-33.0336 23.6963

-32.9277 23.361
-32.9272 23.3594

-33.0962 23.8951
-33.1043 23.9209

-33.069 23.8086
-33.0866 23.8647

-33.0962 23.8951
-33.0866 23.8647

-33.1043 23.9209
-33.122 23.9771

-33.122 23.9771
-33.1396 24.0332

-33.1523 24.0737
-33.1396 24.0332

-33.2646 24.4305
-33.2811 24.4824

-33.2102 24.2578
-33.2279 24.314

-33.2279 24.314
-33.2456 24.3701

-33.2456 24.3701
-33.2633 24.4263

-33.2646 24.4305
-33.2633 24.4263

-33.2811 24.4824
-33.2988 24.5386

-33.2988 24.5386
-33.3166 24.5947

-33.3208 24.6079
-33.3344 24.6509

-33.3344 24.6509
-33.3523 24.707

-33.3208 24.6079
-33.3166 24.5947

-33.377 24.7844
-33.3881 24.8193

-33.3881 24.8193
-33.4061 24.8755

-33.4061 24.8755
-33.4241 24.9316

-33.4893 25.1335
-33.4966 25.1562

-33.4331 24.9596
-33.4422 24.9878

-33.4422 24.9878
-33.4603 25.0439

-33.4331 24.9596
-33.4241 24.9316

-33.4603 25.0439
-33.4784 25.1001

-33.4893 25.1335
-33.4784 25.1001

-33.3523 24.707
-33.3702 24.7632

-33.377 24.7844
-33.3702 24.7632

-32.4785 21.9137
-32.4909 21.9556

-32.4909 21.9556
-32.5075 22.0117

-32.3772 21.5625
-32.3931 21.6187

-32.3931 21.6187
-32.4091 21.6748

-32.4224 21.721
-32.4252 21.731

-32.4252 21.731
-32.4415 21.7871

-32.4224 21.721
-32.4091 21.6748

-32.4415 21.7871
-32.4578 21.8433

-32.4578 21.8433
-32.4743 21.8994

-32.4785 21.9138
-32.4743 21.8994

-32.5347 22.1023
-32.5412 22.124

-32.5075 22.0117
-32.5243 22.0679

-32.5347 22.1024
-32.5243 22.0679

-32.5412 22.124
-32.5582 22.1802

-32.5582 22.1802
-32.5752 22.2363

-32.5908 22.2874
-32.5924 22.2925

-32.5924 22.2925
-32.6096 22.3486

-32.6096 22.3486
-32.6269 22.4048

-32.6269 22.4048
-32.6443 22.4609

-32.5908 22.2874
-32.5752 22.2363

-32.647 22.4695
-32.6618 22.5171

-32.6618 22.5171
-32.6793 22.5732

-32.647 22.4695
-32.6443 22.4609

-32.6793 22.5732
-32.6969 22.6294

-32.7031 22.6494
-32.6969 22.6294

-33.6016 25.4769
-33.6069 25.4932

-33.6069 25.4932
-33.6255 25.5493

-33.6255 25.5493
-33.6441 25.6055

-33.7139 25.8142
-33.7192 25.8301

-33.6577 25.6463
-33.6628 25.6616

-33.6628 25.6616
-33.6816 25.7178

-33.6577 25.6463
-33.6441 25.6055

-33.6816 25.7178
-33.7003 25.7739

-33.7139 25.8142
-33.7003 25.7739

-33.7192 25.8301
-33.7381 25.8862

-33.7381 25.8862
-33.757 25.9424

-33.77 25.9808
-33.776 25.9985

-33.776 25.9985
-33.7951 26.0547

-33.77 25.9808
-33.757 25.9424

-34.0508 26.794
-34.0672 26.8408

-34.0672 26.8408
-34.0869 26.897

-34.0869 26.897
-34.1066 26.9531

-33.8262 26.1459
-33.8334 26.167

-33.8334 26.167
-33.8526 26.2231

-33.8526 26.2231
-33.8719 26.2793

-33.9385 26.4721
-33.9495 26.5039

-33.8823 26.3096
-33.8912 26.3354

-33.8912 26.3354
-33.9106 26.3916

-33.8823 26.3097
-33.8719 26.2793

-33.9106 26.3916
-33.93 26.4478

-33.9385 26.4721
-33.93 26.4478

-33.7951 26.0547
-33.8142 26.1108

-33.8262 26.1459
-33.8142 26.1108

-33.9495 26.5039
-33.969 26.5601

-33.969 26.5601
-33.9886 26.6162

-33.9946 26.6334
-34.0082 26.6724

-34.0082 26.6724
-34.0279 26.7285

-33.9946 26.6334
-33.9886 26.6162

-34.0279 26.7285
-34.0475 26.7847

-34.0508 26.794
-34.0475 26.7847

-33.4966 25.1562
-33.5149 25.2124

-33.5149 25.2124
-33.5332 25.2686

-33.5454 25.3059
-33.5515 25.3247

-33.5515 25.3247
-33.57 25.3809

-33.5454 25.3059
-33.5332 25.2686

-33.57 25.3809
-33.5884 25.437

-33.6016 25.4769
-33.5884 25.437

-34.1631 27.1142
-34.1657 27.1216

-34.1657 27.1216
-34.1854 27.1777

-34.1069 26.9542
-34.1263 27.0093

-34.1263 27.0093
-34.146 27.0654

-34.1069 26.9542
-34.1065 26.9531

-34.1631 27.1142
-34.146 27.0654

-34.2192 27.2741
-34.2248 27.29

-34.1854 27.1777
-34.2051 27.2339

-34.2192 27.2741
-34.2051 27.2339

-34.2248 27.29
-34.2445 27.3462

-34.2445 27.3462
-34.2643 27.4023

-34.2754 27.434
-34.284 27.4585

-34.284 27.4585
-34.3037 27.5146

-34.3315 27.594
-34.3431 27.627

-34.3037 27.5146
-34.3234 27.5708

-34.3315 27.594
-34.3234 27.5708

-34.3877 27.754
-34.4022 27.7954

-34.4022 27.7954
-34.4219 27.8516

-34.3431 27.627
-34.3628 27.6831

-34.3628 27.6831
-34.3825 27.7393

-34.3877 27.754
-34.3825 27.7393

-34.2754 27.4341
-34.2643 27.4023

-34.4438 27.9141
-34.4613 27.9639

-34.4219 27.8516
-34.4416 27.9077

-34.4438 27.9141
-34.4416 27.9077

-34.4613 27.9639
-34.481 28.02

-34.5 28.074
-34.481 28.02

-77.625 117.689
-78.1146 118.594

-79.4219 121
-80.0698 122.188

-78.1139 118.594
-79.0893 120.391

-79.4219 121.005
-79.0867 120.391

-81.2188 124.291
-82.032 125.781

-83.0156 127.573
-83.0186 127.578

-83.0192 127.578
-84.0136 129.375

-83.0156 127.577
-82.029 125.781

-83.0156 127.585
-83.0116 127.578

-80.0711 122.188
-81.0526 123.984

-81.2188 124.291
-81.0512 123.984

-84.8125 130.823
-85.0048 131.172

-84.9998 131.172
-85.9901 132.969

-86.6094 134.067
-87.0038 134.766

-87.0094 134.766
-88.0364 136.562

-86.6094 134.08
-85.9823 132.969

-88.4062 137.216
-89.0622 138.359

-89.0412 138.359
-90.1298 140.156

-90.2031 140.224
-91.2982 141.953

-92 143.085
-91.3195 141.953

-90.2031 140.35
-90.0804 140.156

-88.4062 137.218
-88.0298 136.562

-84.8125 130.82
-84.0172 129.375

-76.1703 115
-77.1418 116.797

-77.625 117.691
-77.1409 116.797

