    -3.  0.000135541
    -2.8 0.00042288
    -2.6 0.00121606
    -2.4 0.00322251
    -2.2 0.0078671
    -2. 0.0176879
    -1.8 0.0366097
    -1.6 0.0697183
    -1.4 0.122075
    -1.2 0.196354
    -1. 0.289761
-0.8 0.391615
-0.6 0.483484
-0.4 0.543121
-0.2 0.551616
0. 0.500916
0.2  0.397954
0.4 0.262946
0.6 0.122413
0.8  0.000323903
1. -0.0885495
1.2 -0.140658
1.4 -0.161333
1.6 -0.160275
1.8 -0.147339
2. -0.130029
2.2 -0.112849
2.4 -0.0978295
2.6 -0.0854616
2.8 -0.0754992
3. -0.0674701
3.2 -0.0609186
3.4 -0.055483
3.6 -0.0508986
3.8 -0.0469762
4. -0.0435793
