t dt mgp.i mgp.nrelax mgpf.i mgpf.nrelax mgu.i mgu.nrelax grid->tn perf.t perf.speed npe
0 0.00284091 0 0 0 0 0 0 159083 0 0 1
0.00284091 0.00284091 4 4 3 4 1 4 342959 5.55443 61745.1 1
0.00642045 0.00357955 4 4 3 4 1 4 488741 11.1057 74889.6 1
0.01 0.00357955 3 3 2 3 1 4 505982 16.6909 80144.4 1
0.02 0.01 4 2 4 2 1 4 510686 23.779 77731.2 1
0.03 0.01 2 2 3 2 1 4 512135 29.7265 79407.2 1
0.04 0.01 2 2 2 2 1 4 512961 35.3761 81226.2 1
0.05 0.01 2 2 2 2 1 4 514249 41.0148 82597.2 1
0.06 0.01 2 2 2 2 1 4 515306 46.6774 83617 1
0.07 0.01 2 2 2 2 1 4 516160 52.3537 84410.1 1
0.08 0.01 2 2 2 2 1 4 516510 58.042 85036.4 1
0.09 0.01 2 2 2 2 1 4 517231 63.8062 85460.7 1
0.1 0.01 2 2 2 2 1 4 517742 69.5182 85886.3 1
0.11 0.01 2 2 2 2 1 4 518330 75.2364 86248 1
0.12 0.01 2 2 2 2 1 4 518624 80.9702 86545.6 1
0.13 0.01 2 2 2 2 1 4 518708 86.7118 86797 1
0.14 0.01 2 2 2 2 1 4 519156 92.4518 87023.5 1
0.15 0.01 2 2 2 2 1 4 519751 98.202 87220.5 1
0.16 0.01 2 2 2 2 1 4 520171 103.961 87392.4 1
0.17 0.01 2 2 2 2 1 4 520661 109.725 87547.1 1
0.18 0.01 1 2 2 2 1 4 520913 115.136 87956.6 1
0.19 0.01 1 2 2 2 1 4 521459 120.55 88332.2 1
0.2 0.01 2 2 2 2 1 4 521963 126.344 88412.6 1
0.21 0.01 2 2 2 2 1 4 522446 132.126 88497.8 1
0.22 0.01 2 2 2 2 1 4 522985 137.91 88578.5 1
0.23 0.01 1 2 2 2 1 4 523251 144.17 88361.5 1
0.24 0.01 1 2 2 2 1 4 523839 149.609 88650.6 1
0.25 0.01 1 2 2 2 1 4 524238 155.053 88919 1
0.26 0.01 1 2 2 2 1 4 524749 160.514 89163.1 1
0.27 0.01 1 2 2 2 1 4 525148 165.969 89396.3 1
0.28 0.01 1 2 2 2 1 4 525624 171.428 89615.9 1
0.29 0.01 1 2 2 2 1 4 526100 176.903 89816.3 1
0.3 0.01 2 2 2 2 1 4 526653 182.74 89829.3 1
0.31 0.01 2 2 2 2 1 4 527080 188.582 89841.6 1
0.32 0.01 1 2 2 2 1 4 527507 194.064 90021.8 1
0.33 0.01 1 2 2 2 1 4 527955 199.549 90193.3 1
0.34 0.01 1 2 2 2 1 4 528347 205.045 90352.6 1
0.35 0.01 1 2 2 2 1 4 528851 210.548 90502.8 1
0.36 0.01 2 2 2 2 1 4 529299 216.414 90495.2 1
0.37 0.01 2 2 2 2 1 4 529691 222.278 90491 1
0.38 0.01 1 2 2 2 1 4 530090 227.785 90630.6 1
0.39 0.01 1 2 2 2 1 4 530559 233.295 90764.2 1
0.4 0.01 1 2 2 2 1 4 531182 238.81 90892.4 1
0.41 0.01 1 2 2 2 1 4 531693 244.33 91015 1
0.42 0.01 1 2 2 2 1 4 532113 249.857 91131.3 1
0.43 0.01 1 2 2 2 1 4 532603 255.389 91242.6 1
0.44 0.01 2 2 2 2 1 4 533009 261.288 91222.7 1
0.45 0.01 1 2 2 2 1 4 533443 266.829 91327.6 1
0.46 0.01 1 2 2 2 1 4 534024 272.372 91429.6 1
0.47 0.01 1 2 2 2 1 4 534570 277.919 91528.2 1
0.48 0.01 1 2 2 2 1 4 534962 283.47 91623.2 1
0.49 0.01 1 2 2 2 1 4 535550 289.029 91713.9 1
0.5 0.01 1 2 2 2 1 4 536152 294.599 91799.7 1
0.51 0.01 1 2 1 2 1 4 536698 299.81 91994.2 1
0.52 0.01 1 2 1 2 1 4 537202 305.019 92184.4 1
0.53 0.01 1 2 2 2 1 4 537748 310.603 92258.5 1
0.54 0.01 1 2 2 2 1 4 538147 316.191 92329.9 1
0.55 0.01 1 2 2 2 1 4 538616 321.784 92398.9 1
0.56 0.01 1 2 2 2 1 4 539113 327.379 92466.7 1
0.57 0.01 1 2 2 2 1 4 539652 332.983 92531 1
0.58 0.01 2 2 2 2 1 4 540065 338.966 92491.2 1
0.59 0.01 1 2 2 2 1 4 540471 344.613 92543.8 1
0.6 0.01 2 2 2 2 1 4 540926 350.616 92502.2 1
0.61 0.01 2 2 2 2 1 4 541360 356.623 92462.2 1
0.62 0.01 1 2 2 2 1 4 541801 362.259 92519.2 1
0.63 0.01 1 2 1 2 1 4 542445 367.528 92668.7 1
0.64 0.01 1 2 2 2 1 4 542907 373.176 92721 1
0.65 0.01 1 2 2 2 1 4 543411 378.851 92766.5 1
0.66 0.01 1 2 2 2 1 4 543859 384.5 92818 1
0.67 0.01 1 2 1 2 1 4 544496 389.789 92955.6 1
0.68 0.01 1 2 2 2 1 4 544909 395.481 92995.6 1
0.69 0.01 1 2 2 2 1 4 545420 401.15 93041 1
0.7 0.01 2 2 2 2 1 4 545959 407.196 93000.3 1
0.71 0.01 1 2 2 2 1 4 546638 412.875 93045 1
0.72 0.01 1 2 1 2 1 4 547212 418.213 93165.9 1
0.73 0.01 1 2 2 2 1 4 547604 423.904 93206.8 1
0.74 0.01 1 2 2 2 1 4 548017 429.599 93246.9 1
0.75 0.01 1 2 1 2 1 4 548626 434.927 93366.1 1
