-0.0018184046266538356 0.9856316591567695
0.21761559716803247 0.9859457102100009
0.4686344967169891 0.9442690663758124
0.8137756009629638 0.8914411937922176
0.9706722958149023 0.8661264166149049
1.2216911953638587 0.82951462165821
1.4414414414414414 0.7829642287991879
1.629685850835478 0.7607645579967197
1.8494360969130605 0.7180722556269618
1.9750641382936247 0.6875936337038279
2.1947353233004834 0.6584985798651365
2.320442425751772 0.6214603455699789
2.5089240183579804 0.5781045823843983
2.948108266230249 0.5458365886464638
3.1996015322035505 0.4791535196911667
3.387845941597587 0.4655679049086095
3.638864841146544 0.4458880102120011
3.9842431286046907 0.4030021561124845
4.298115579379291 0.37495523409356774
4.643572927908163 0.33400723574562974
4.957682561894935 0.2975175333851458
5.271713134810985 0.2688898288586897
5.55447505425566 0.239503188208933
5.837474156912506 0.20423626616777232
6.089046483956531 0.17670131453515758
6.434503832485402 0.15740417056234254
6.654965628199502 0.1303731104248126
6.937964730856349 0.1111756276856496
7.095335792132633 0.0990073538409876
7.25262779233819 0.08946031786143588
7.379046444425996 0.0740871575667564
7.567923342385826 0.06409295876002721
7.725452525803556 0.055444432556747775
7.851792116820637 0.04658816012178966
8.040748075851191 0.03972261461038932
8.135660891255448 0.033864198275819955
8.199067869976162 0.029719003649373354
8.293980685380422 0.025335951372117683
8.357782969454753 0.02067783482666154
8.48396443833039 0.0178868110406801
8.578877253734646 0.015248807802427279
8.610857456842538 0.013577339971509776
8.674027252351078 0.012445819578005703
8.674738801987594 0.01092137746316429
8.80076214872178 0.009725580106301313
8.770046922745475 0.008658741751961971
8.896070269479658 0.00771068363972499
8.896781819116175 0.0067662307010540644
8.960267858907613 0.005852415178727255
9.055417857524045 0.0047766424991222654
9.212867979871053 0.004192523264316932
9.150330672928302 0.004072168216255265
9.213895773790465 0.003471434027057975
9.308729528123997 0.003002735012858802
9.403642343528258 0.002559882194124297
9.529744751333165 0.0022467407227793807
9.624499444595976 0.001971815015051224
9.719333198929512 0.001705588508502612
9.7826611165795 0.0015187029225328338
9.971458953468606 0.0013330466160967381
10.128750953674164 0.0012045042047245983
10.317627851633993 0.0010420191684386258
10.506267566381652 0.000941582670704494
10.726413117812854 0.0008265149820310689
10.695302586482928 0.0007912534267898522
10.82124687214639 0.0007149222643589674
11.009807525823323 0.0006554607513735705
11.292411323126547 0.00060102682598813
11.481051037874206 0.0005430960016089955
11.826271203190906 0.0005053222502483934
12.139906470753335 0.000491084055071494
12.391083492443737 0.0004568654892479241
12.767256066948914 0.0004571150674119767
13.111843743699819 0.00047770338185605
13.487937257134273 0.0004849540821982075
13.769908565871706 0.0004994462396221486
14.020374037925595 0.0005295016909275539
14.333693061205128 0.0005453499087362719
14.647170206626107 0.0005455981605693282
14.929220576434265 0.0005538037666905897
15.117464985828303 0.0005381015661845031
15.336898987622988 0.0005382730210703472
15.556491111559122 0.0005230349728815426
15.776162296565982 0.0005009031061079453
16.215346544438248 0.0004729442578584844
16.529139934142126 0.00044646470127423734
16.87443916052955 0.0004094244965533512
17.062841692065035 0.00038643097766905617