-0.0282322 0
-0.0273438 0.00166662

-0.0243828 0
-0.0214844 0.00170501

-0.0214844 0.00149532
-0.0183989 0

-0.015625 0.00185554
-0.0143941 0

0.0195312 5.98024e-05
0.0253906 5.98024e-05

2.46236 0
2.46238 0.00585938

2.46238 0.00585938
2.46243 0.0117188

2.46243 0.0117188
2.46251 0.0175781

2.46251 0.0175781
2.46263 0.0234375

2.46263 0.0234375
2.46279 0.0292969

2.46279 0.0292969
2.46289 0.032273

2.46289 0.0321012
2.46299 0.0351562

2.46299 0.0351562
2.46323 0.0410156

2.46323 0.0410156
2.4635 0.046875

2.4635 0.046875
2.46381 0.0527344

2.46381 0.0527344
2.46417 0.0585938

2.46417 0.0585938
2.46456 0.0644531

2.46456 0.0644531
2.465 0.0703125

2.465 0.0703125
2.46548 0.0761719

2.46548 0.0761719
2.466 0.0820312

2.466 0.0820312
2.46657 0.0878906

2.46657 0.0878906
2.46719 0.09375

2.46719 0.09375
2.46784 0.0996094

2.46784 0.0996094
2.46854 0.105469

2.46852 0.105469
2.46875 0.107256

2.46875 0.107095
2.46928 0.111328

2.46928 0.111328
2.47006 0.117188

2.47006 0.117188
2.47088 0.123047

2.47088 0.123047
2.47174 0.128906

2.47174 0.128906
2.47262 0.134766

2.47262 0.134766
2.47355 0.140625

2.47354 0.140625
2.47552 0.152344

2.47553 0.152344
2.47657 0.158203

2.47657 0.158203
2.47765 0.164062

2.47765 0.164062
2.47877 0.169922

2.47877 0.169922
2.47993 0.175781

2.47992 0.175781
2.48047 0.178425

2.48047 0.178339
2.48115 0.181641

2.48114 0.181641
2.4824 0.1875

2.4824 0.1875
2.48369 0.193359

2.48368 0.193359
2.485 0.199219

2.48498 0.199219
2.48775 0.210938

2.48775 0.210938
2.4907 0.222656

2.49071 0.222656
2.49219 0.228304

2.49219 0.228262
2.49382 0.234375

2.49382 0.234375
2.49545 0.240234

2.49545 0.240234
2.49713 0.246094

2.49712 0.246094
2.50059 0.257812

2.50061 0.257812
2.5024 0.263672

2.5024 0.263672
2.50391 0.268454

2.50391 0.268429
2.50425 0.269531

2.50425 0.269531
2.50614 0.275391

2.50614 0.275391
2.50808 0.28125

2.50808 0.28125
2.50977 0.286214

2.50977 0.286154
2.51009 0.287109

2.51007 0.287109
2.51211 0.292969

2.51211 0.292969
2.5142 0.298828

2.51421 0.298828
2.51562 0.302694

2.51562 0.30273
2.51633 0.304688

2.51635 0.304688
2.51854 0.310547

2.51854 0.310547
2.52078 0.316406

2.52077 0.316406
2.52148 0.318229

2.52148 0.318192
2.52308 0.322266

2.52308 0.322266
2.52544 0.328125

2.52543 0.328125
2.52734 0.332762

2.52734 0.332736
2.52786 0.333984

2.52785 0.333984
2.53032 0.339844

2.5303 0.339844
2.53539 0.351562

2.53538 0.351562
2.53906 0.35969

2.53906 0.359688
2.54069 0.363281

2.54071 0.363281
2.54344 0.369141

2.54344 0.369141
2.54492 0.372243

2.54492 0.37222
2.54625 0.375

2.54625 0.375
2.54912 0.380859

2.54914 0.380859
2.55078 0.384129

2.55078 0.384205
2.55204 0.386719

2.55205 0.386719
2.5581 0.398438

2.55812 0.398438
2.56123 0.404297

2.56126 0.404297
2.5625 0.406584

2.5625 0.406688
2.56438 0.410156

2.5644 0.410156
2.56764 0.416016

2.56768 0.416016
2.56836 0.417226

2.56836 0.417298
2.57094 0.421875

2.57095 0.421875
2.57422 0.427562

2.57422 0.42763
2.57428 0.427734

2.57432 0.427734
2.57775 0.433594

2.57783 0.433594
2.58008 0.437349

2.58008 0.437728
2.58111 0.439453

2.58126 0.439453
2.58485 0.445312

2.5851 0.445312
2.58594 0.446638

2.58594 0.447225
2.5884 0.451172

2.58853 0.451172
2.5918 0.456295

2.59224 0.457031
2.59605 0.462891

2.59637 0.462891
2.59766 0.464828

2.59766 0.465649
2.59971 0.46875

2.59995 0.46875
2.60352 0.47403

2.60352 0.474423
2.60364 0.474609

2.60389 0.474609
2.60793 0.480469

2.60813 0.480469
2.60938 0.482236

2.60938 0.482685
2.61194 0.486328

2.61207 0.486328
2.61523 0.490742

2.61523 0.490916
2.61615 0.492188

2.61624 0.492188
2.62053 0.498047

2.62057 0.498047
2.62109 0.498743

2.62109 0.498818
2.62489 0.503906

2.62487 0.503906
2.62695 0.506644

2.62695 0.506588
2.62937 0.509766

2.62932 0.509766
2.63281 0.514279

2.63281 0.514118
2.63398 0.515625

2.63388 0.515625
2.63851 0.521484

2.63845 0.521484
2.63867 0.521767

2.63867 0.52169
2.64322 0.527344

2.64262 0.527344
2.64453 0.529679

2.64453 0.528631
2.64828 0.533203

2.64808 0.533203
2.65039 0.535961

2.65039 0.536132
2.65284 0.539062

2.65298 0.539062
2.65625 0.542849

2.65625 0.543198
2.65772 0.544922

2.65795 0.544922
2.66211 0.54969

2.66211 0.549941
2.66284 0.550781

2.66303 0.550781
2.66797 0.556335

2.66797 0.556389
2.66819 0.556641

2.66824 0.556641
2.67356 0.5625

2.67354 0.5625
2.67383 0.56281

2.67383 0.562791
2.67899 0.568359

2.67907 0.568359
2.67969 0.569015

2.67969 0.569114
2.68452 0.574219

2.68475 0.574219
2.68555 0.575042

2.68555 0.575322
2.69014 0.580078

2.69039 0.580078
2.69141 0.581104

2.69141 0.581368
2.69592 0.585938

2.69617 0.585938
2.69727 0.587044

2.69727 0.587284
2.70184 0.591797

2.70207 0.591797
2.70312 0.59284

2.70312 0.593049
2.70789 0.597656

2.70805 0.597656
2.70898 0.598556

2.70898 0.598692
2.71408 0.603516

2.71417 0.603516
2.71484 0.604153

2.71484 0.604222
2.72041 0.609375

2.72042 0.609375
2.7207 0.60964

2.7207 0.609649
2.72656 0.61496

2.72656 0.614969
2.72686 0.615234

2.72688 0.615234
2.73242 0.620157

2.73242 0.620089
2.73358 0.621094

2.73348 0.621094
2.73828 0.625272

2.73828 0.62509
2.74047 0.626953

2.74017 0.626953
2.74414 0.630341

2.74414 0.630172
2.7473 0.632812

2.7471 0.632812
2.75 0.635239

2.75 0.635143
2.75431 0.638672

2.75428 0.638672
2.75586 0.639967

2.75586 0.639946
2.76158 0.644531

2.7616 0.644531
2.76172 0.644628

2.76172 0.644642
2.76758 0.649244

2.76758 0.649417
2.76884 0.650391

2.76914 0.650391
2.77344 0.653696

2.77344 0.65386
2.77661 0.65625

2.77694 0.65625
2.7793 0.658026

2.7793 0.658173
2.78463 0.662109

2.78469 0.662109
2.78516 0.662457

2.78516 0.662497
2.79102 0.666734

2.79102 0.666855
2.79259 0.667969

2.79283 0.667969
2.79688 0.670831

2.79688 0.670887
2.80112 0.673828

2.80116 0.673828
2.80273 0.674919

2.80273 0.674938
2.80859 0.678917

2.80859 0.678945
2.80971 0.679688

2.80976 0.679688
2.81445 0.682809

2.81445 0.682786
2.81869 0.685547

2.81853 0.685547
2.82031 0.686706

2.82031 0.686635
2.82617 0.690377

2.82617 0.690204
2.82809 0.691406

2.8277 0.691406
2.83203 0.694114

2.83203 0.694031
2.83731 0.697266

2.83716 0.697266
2.83789 0.697716

2.83789 0.697629
2.84375 0.701142

2.84375 0.700856
2.84761 0.703125

2.8465 0.703125
2.84961 0.704952

2.84961 0.704583
2.85547 0.707953

2.85547 0.707082
2.85885 0.708984

2.8564 0.708984
2.86133 0.711758

2.86133 0.711251
2.86719 0.714482

2.86719 0.713758
2.8692 0.714844

2.86752 0.714844
2.87305 0.717826

2.87305 0.717644
2.87884 0.720703

2.87881 0.720703
2.87891 0.720754

2.87891 0.72074
2.88477 0.723769

2.88477 0.723767
2.89029 0.726562

2.89022 0.726562
2.89062 0.726769

2.89062 0.726732
2.89648 0.729631

2.89648 0.72963
2.90225 0.732422

2.90224 0.732422
2.90234 0.732473

2.90234 0.732465
2.9082 0.735236

2.9082 0.735236
2.91406 0.737943

2.91406 0.737874
2.91497 0.738281

2.91479 0.738281
2.91992 0.740597

2.91992 0.740585
2.92578 0.743163

2.92578 0.743068
2.92828 0.744141

2.92792 0.744141
2.93164 0.745739

2.93164 0.745676
2.9375 0.748127

2.9375 0.748107
2.94214 0.75

3.47656 0.749566
3.47534 0.75

3.47656 0.749568
3.48242 0.747459

3.48242 0.747459
3.48828 0.745323

3.49414 0.74316
3.49148 0.744141

3.48828 0.745325
3.49149 0.744141

3.49414 0.743162
3.5 0.740977

2.94194 0.75
2.94336 0.750579

2.94336 0.750514
2.94922 0.752842

2.94922 0.752842
2.95508 0.75511

2.95508 0.755054
2.95722 0.755859

2.95698 0.755859
2.96094 0.75735

2.96094 0.75732
2.9668 0.75947

2.9668 0.75947
2.97266 0.761561

2.97266 0.761548
2.97315 0.761719

2.97311 0.761719
2.97852 0.763594

2.97852 0.763593
2.98438 0.765565

2.98438 0.765565
2.99023 0.767479

2.99023 0.767471
2.99057 0.767578

2.99055 0.767578
2.99609 0.769335

2.99609 0.769334
3.00195 0.77113

3.00195 0.77113
3.00781 0.772868

3.00781 0.772844
3.00988 0.773438

3.00976 0.773438
3.01367 0.77456

3.01367 0.774548
3.01953 0.776171

3.01953 0.77617
3.02539 0.777737

3.02539 0.777737
3.03125 0.779248

3.03125 0.779245
3.03146 0.779297

3.03145 0.779297
3.03711 0.780705

3.03711 0.780705
3.04297 0.782107

3.04297 0.782106
3.04883 0.783454

3.04883 0.783454
3.05469 0.784748

3.05469 0.784734
3.05668 0.785156

3.05658 0.785156
3.06055 0.785996

3.06055 0.785989
3.06641 0.787178

3.06641 0.787178
3.07227 0.788315

3.07227 0.788315
3.07812 0.7894

3.07812 0.7894
3.08398 0.790435

3.08398 0.790428
3.08748 0.791016

3.08738 0.791016
3.08984 0.791428

3.08984 0.791419
3.0957 0.792351

3.0957 0.79235
3.10156 0.793231

3.10156 0.793231
3.10742 0.79406

3.10742 0.79406
3.11328 0.794838

3.11328 0.794838
3.11914 0.795564

3.11914 0.795564
3.125 0.79624

3.125 0.79624
3.13086 0.796864

3.13086 0.796863
3.13098 0.796875

3.13097 0.796875
3.13672 0.797438

3.13672 0.797437
3.14258 0.797961

3.14258 0.797961
3.14844 0.798434

3.14844 0.798434
3.1543 0.798859

3.1543 0.798858
3.16016 0.799235

3.16016 0.799235
3.16602 0.799564

3.16602 0.799564
3.17188 0.799845

3.17188 0.799845
3.17773 0.800078

3.17773 0.800078
3.18359 0.800264

3.18359 0.800264
3.18945 0.800402

3.18945 0.800402
3.19531 0.800492

3.19531 0.800492
3.20117 0.800534

3.20117 0.800534
3.20703 0.800529

3.20703 0.800529
3.21289 0.800476

3.21289 0.800476
3.21875 0.800375

3.21875 0.800375
3.22461 0.800226

3.22461 0.800226
3.23047 0.800028

3.23047 0.800027
3.23633 0.79978

3.23633 0.79978
3.24219 0.799484

3.24219 0.799484
3.24805 0.79914

3.24805 0.79914
3.25391 0.798748

3.25391 0.798748
3.25977 0.79831

3.25977 0.79831
3.26562 0.797825

3.27734 0.796716
3.27574 0.796875

3.27734 0.796713
3.2832 0.796083

3.2832 0.796084
3.28906 0.795405

3.28906 0.795405
3.29492 0.794676

3.29492 0.794676
3.30078 0.793899

3.30078 0.793899
3.30664 0.793075

3.30664 0.793075
3.3125 0.792205

3.26562 0.797825
3.27148 0.797293

3.27148 0.797292
3.27569 0.796875

3.3125 0.792205
3.31836 0.791288

3.32422 0.790329
3.32003 0.791016

3.31836 0.791284
3.31999 0.791016

3.32422 0.790327
3.33008 0.78932

3.33008 0.78932
3.33594 0.788267

3.33594 0.788267
3.3418 0.787168

3.3418 0.787168
3.34766 0.786023

3.35352 0.784834
3.35193 0.785156

3.35352 0.784832
3.35938 0.783593

3.34766 0.786022
3.35191 0.785156

3.35938 0.783593
3.36523 0.782309

3.36523 0.782309
3.37109 0.780979

3.37109 0.780979
3.37695 0.779604

3.38281 0.778185
3.37822 0.779297

3.37695 0.779601
3.37821 0.779297

3.40625 0.772058
3.4012 0.773438

3.38281 0.778184
3.38867 0.77672

3.38867 0.77672
3.39453 0.775212

3.39453 0.775211
3.40039 0.773657

3.40039 0.773657
3.40119 0.773438

3.40625 0.772058
3.41211 0.770413

3.41211 0.770413
3.41797 0.768723

3.42383 0.766988
3.42183 0.767578

3.41797 0.768723
3.42184 0.767578

3.42383 0.766989
3.42969 0.765212

3.44141 0.761533
3.44082 0.761719

3.42969 0.765212
3.43555 0.763394

3.43555 0.763394
3.44082 0.761719

3.44141 0.761534
3.44727 0.759634

3.44727 0.759634
3.45312 0.757695

3.45898 0.755715
3.45856 0.755859

3.45312 0.757695
3.45856 0.755859

3.45898 0.755716
3.46484 0.753701

3.46484 0.753701
3.4707 0.751651

3.4707 0.751651
3.47535 0.75

3.51172 0.736533
3.50713 0.738281

3.5 0.740977
3.50586 0.738767

3.50586 0.738771
3.50714 0.738281

3.51172 0.736534
3.51758 0.734281

3.52344 0.732004
3.52236 0.732422

3.51758 0.734281
3.52238 0.732422

3.54102 0.725132
3.53736 0.726562

3.54102 0.725137
3.54688 0.722842

3.52344 0.732008
3.5293 0.729726

3.5293 0.729726
3.53516 0.727435

3.53516 0.727444
3.53741 0.726562

3.55273 0.720546
3.55233 0.720703

3.54688 0.722841
3.55235 0.720703

3.55273 0.720549
3.55859 0.718269

3.57031 0.71375
3.56746 0.714844

3.55859 0.718269
3.56445 0.716005

3.56445 0.716012
3.5675 0.714844

3.57031 0.713757
3.57617 0.711535

3.57617 0.711535
3.58203 0.70934

3.58789 0.70717
3.58298 0.708984

3.58203 0.709348
3.58301 0.708984

3.58789 0.70717
3.59375 0.705041

3.59961 0.702945
3.5991 0.703125

3.59961 0.702949
3.60547 0.700907

3.60547 0.700907
3.61133 0.69892

3.61719 0.69698
3.61632 0.697266

3.61133 0.69892
3.61635 0.697266

3.61719 0.696986
3.62305 0.695124

3.62305 0.695122
3.62891 0.693336

3.64062 0.690009
3.63556 0.691406

3.62891 0.693335
3.63477 0.69163

3.63477 0.691634
3.63559 0.691406

3.59375 0.70504
3.59912 0.703125

3.64062 0.690008
3.64648 0.68849

3.64648 0.688488
3.65234 0.687077

3.65234 0.687077
3.6582 0.685774

3.66406 0.684582
3.6593 0.685547

3.6582 0.685779
3.65935 0.685547

3.66406 0.684582
3.66992 0.683517

3.66992 0.683515
3.67578 0.682578

3.67578 0.682578
3.68164 0.681776

3.68164 0.681774
3.6875 0.681112

3.6875 0.681111
3.69336 0.680594

3.69336 0.680592
3.69922 0.680229

3.69922 0.680227
3.70508 0.680025

3.70508 0.680023
3.71094 0.679987

3.71094 0.679986
3.7168 0.680123

3.7168 0.680122
3.72266 0.680439

3.72266 0.680438
3.72852 0.680938

3.72852 0.680937
3.73438 0.681624

3.73438 0.681624
3.74023 0.6825

3.74023 0.682499
3.74609 0.683568

3.74609 0.683569
3.75195 0.684831

3.75195 0.684835
3.75482 0.685547

3.75486 0.685547
3.75781 0.686279

3.75781 0.686284
3.76367 0.687934

3.76367 0.687935
3.76953 0.68978

3.76953 0.689784
3.7742 0.691406

3.77425 0.691406
3.77539 0.691802

3.77539 0.691814
3.78125 0.694036

3.78125 0.694041
3.78711 0.696443

3.78711 0.696459
3.78894 0.697266

3.789 0.697266
3.79297 0.699009

3.79297 0.699022
3.79883 0.701768

3.79883 0.701789
3.80152 0.703125

3.8016 0.703125
3.80469 0.704655

3.80469 0.704681
3.81055 0.707744

3.81055 0.707767
3.81277 0.708984

3.81285 0.708984
3.81641 0.710935

3.81641 0.710957
3.82227 0.714304

3.82227 0.714318
3.82315 0.714844

3.82318 0.714844
3.82812 0.717774

3.82812 0.717786
3.83288 0.720703

3.83293 0.720703
3.83398 0.721351

3.83398 0.72138
3.83984 0.725082

3.83984 0.72511
3.84208 0.726562

3.84215 0.726562
3.8457 0.728865

3.8457 0.728888
3.85103 0.732422

3.85105 0.732422
3.85156 0.73276

3.85156 0.732777
3.85742 0.736736

3.85742 0.736763
3.85964 0.738281

3.85969 0.738281
3.86328 0.740743

3.86328 0.740765
3.86814 0.744141

3.86817 0.744141
3.86914 0.744814

3.86914 0.744837
3.875 0.748947

3.875 0.748966
3.87646 0.75

3.8765 0.75
3.88086 0.75308

3.88086 0.7531
3.88475 0.755859

3.88479 0.755859
3.88672 0.757226

3.88672 0.75725
3.89258 0.761417

3.89258 0.761424
3.89299 0.761719

3.893 0.761719
3.89844 0.765586

3.89844 0.765605
3.90122 0.767578

3.90126 0.767578
3.9043 0.769732

3.9043 0.769749
3.90953 0.773438

3.90954 0.773438
3.91016 0.773873

3.91016 0.773883
3.91602 0.777986

3.91602 0.778001
3.91788 0.779297

3.91791 0.779297
3.92188 0.782048

3.92188 0.782059
3.92639 0.785156

3.9264 0.785156
3.92773 0.786071

3.92773 0.786082
3.93359 0.790049

3.93359 0.790055
3.93503 0.791016

3.93505 0.791016
3.93945 0.793955

3.93945 0.79396
3.94389 0.796875

3.9439 0.796875
3.94531 0.7978

3.94531 0.797808
3.95117 0.801595

3.95117 0.8016
3.95296 0.802734

3.95297 0.802734
3.95703 0.805316

3.95703 0.805318
3.96228 0.808594

3.96229 0.808594
3.96289 0.808971

3.96289 0.808974
3.96875 0.812563

3.96875 0.812571
3.97188 0.814453

3.97191 0.814453
3.97461 0.816072

3.97461 0.816083
3.98047 0.819532

3.98047 0.819536
3.98183 0.820312

3.98183 0.820312
3.98633 0.822907

3.98633 0.822909
3.99211 0.826172

3.99208 0.826172
3.99219 0.826231

3.99219 0.826233
4.00283 0.832031

4.00285 0.832031
4.00391 0.832603

4.00391 0.832598
4.00977 0.835679

4.00977 0.835678
4.01408 0.837891

4.01408 0.837891
4.01562 0.838682

4.01562 0.838682
4.02148 0.841607

4.02148 0.841606
4.0259 0.84375

4.02589 0.84375
4.02734 0.844454

4.02734 0.844453
4.0332 0.847219

4.0332 0.847218
4.03842 0.849609

4.03841 0.849609
4.03906 0.849907

4.03906 0.849906
4.04492 0.852515

4.04492 0.852514
4.05078 0.855045

4.05078 0.855044
4.05179 0.855469

4.05179 0.855469
4.05664 0.8575

4.05664 0.857499
4.0625 0.859876

4.0625 0.859873
4.06621 0.861328

4.06618 0.861328
4.06836 0.862183

4.06836 0.862178
4.07422 0.864403

4.07422 0.864402
4.08008 0.866551

4.08008 0.866546
4.08189 0.867188

4.08187 0.867188
4.08594 0.868628

4.08594 0.868626
4.0918 0.870627

4.0918 0.870626
4.09766 0.872553

4.09766 0.872548
4.09923 0.873047

4.09921 0.873047
4.10352 0.874411

4.10352 0.874409
4.10938 0.876193

4.10938 0.876193
4.11523 0.877906

4.11523 0.877903
4.11881 0.878906

4.11878 0.878906
4.12109 0.879555

4.12109 0.87955
4.12695 0.881123

4.12695 0.881123
4.13281 0.882626

4.13281 0.882626
4.13867 0.88406

4.13867 0.884055
4.14172 0.884766

4.14168 0.884766
4.14453 0.88543

4.14453 0.885426
4.15039 0.886723

4.15039 0.886723
4.15625 0.887951

4.15625 0.887951
4.16211 0.889109

4.16211 0.889108
4.16797 0.890198

4.16797 0.890193
4.17044 0.890625

4.1704 0.890625
4.17383 0.891224

4.17383 0.891221
4.17969 0.892178

4.17969 0.892177
4.18555 0.893069

4.18555 0.893069
4.19141 0.893896

4.19141 0.893895
4.19727 0.894658

4.19727 0.894658
4.20312 0.895356

4.20312 0.895356
4.20898 0.895992

4.20898 0.895991
4.21403 0.896484

4.214 0.896484
4.21484 0.896567

4.21484 0.896564
4.2207 0.897076

4.2207 0.897075
4.22656 0.897526

4.22656 0.897526
4.23242 0.897915

4.23242 0.897915
4.23828 0.898244

4.23828 0.898244
4.24414 0.898511

4.24414 0.898511
4.25 0.898718

4.25 0.898718
4.25586 0.898865

4.25586 0.898865
4.26172 0.898954

4.26172 0.898954
4.26758 0.898985

4.26758 0.898984
4.27344 0.898959

4.27344 0.898959
4.2793 0.898878

4.2793 0.898878
4.28516 0.898743

4.28516 0.898743
4.29102 0.898557

4.29102 0.898556
4.29688 0.89832

4.29688 0.898319
4.30273 0.898034

4.30273 0.898034
4.30859 0.897702

4.30859 0.897701
4.31445 0.897323

4.31445 0.897323
4.32031 0.896899

4.32617 0.896431
4.3255 0.896484

4.32031 0.896899
4.3255 0.896484

4.32617 0.896431
4.33203 0.89592

4.33203 0.89592
4.33789 0.895369

4.33789 0.895368
4.34375 0.894777

4.37891 0.890573
4.37851 0.890625

4.37891 0.890574
4.38477 0.889805

4.38477 0.889803
4.39062 0.889028

4.34375 0.894776
4.34961 0.894148

4.34961 0.894147
4.35547 0.893485

4.35547 0.893484
4.36133 0.892793

4.36133 0.892792
4.36719 0.892074

4.36719 0.892073
4.37305 0.891334

4.37305 0.891333
4.37852 0.890625

4.39062 0.889027
4.39648 0.88825

4.39648 0.888248
4.40234 0.887477

4.40234 0.887476
4.4082 0.886717

4.4082 0.886715
4.41406 0.885972

4.41406 0.885971
4.41992 0.885249

4.42578 0.884549
4.42396 0.884766

4.41992 0.885249
4.424 0.884766

4.42578 0.884551
4.43164 0.883888

4.43164 0.883886
4.4375 0.883262

4.4375 0.88326
4.44336 0.88268

4.44336 0.882678
4.44922 0.882148

4.44922 0.882146
4.45508 0.881673

4.45508 0.881672
4.46094 0.881265

4.46094 0.881264
4.4668 0.880928

4.4668 0.880927
4.47266 0.880669

4.47266 0.880667
4.47852 0.880493

4.47852 0.880491
4.48438 0.880407

4.48438 0.880405
4.49023 0.880417

4.49023 0.880415
4.49609 0.880532

4.49609 0.88053
4.50195 0.880757

4.50195 0.880756
4.50781 0.881101

4.50781 0.881101
4.51367 0.881568

4.51367 0.881567
4.51953 0.882159

4.51953 0.882158
4.52539 0.882878

4.52539 0.882878
4.53125 0.883728

4.53125 0.883728
4.53711 0.884708

4.53711 0.884702
4.53744 0.884766

4.53742 0.884766
4.54297 0.885819

4.54297 0.885819
4.54883 0.887064

4.54883 0.887063
4.55469 0.888444

4.55469 0.888445
4.56055 0.889959

4.56055 0.889964
4.5629 0.890625

4.56293 0.890625
4.56641 0.891601

4.56641 0.891606
4.57227 0.893387

4.57227 0.893389
4.57812 0.895301

4.57812 0.895309
4.58151 0.896484

4.58156 0.896484
4.58398 0.897326

4.58398 0.897339
4.58984 0.899499

4.58984 0.899503
4.5957 0.901776

4.5957 0.901786
4.59708 0.902344

4.59711 0.902344
4.60156 0.904151

4.60156 0.904158
4.60742 0.906635

4.60742 0.906646
4.61098 0.908203

4.61104 0.908203
4.61328 0.909187

4.61328 0.909206
4.61914 0.911857

4.61914 0.911862
4.62387 0.914062

4.62391 0.914062
4.625 0.91457

4.625 0.914585
4.63086 0.917375

4.63086 0.917379
4.6361 0.919922

4.63611 0.919922
4.63672 0.920215

4.63672 0.920225
4.64258 0.923118

4.64258 0.923121
4.64789 0.925781

4.64791 0.925781
4.64844 0.926045

4.64844 0.926053
4.6543 0.929014

4.6543 0.929018
4.65945 0.931641

4.65947 0.931641
4.66016 0.931991

4.66016 0.932001
4.66602 0.934996

4.66602 0.935
4.6709 0.9375

4.67092 0.9375
4.67188 0.937991

4.67188 0.938002
4.67773 0.941002

4.67773 0.941006
4.68234 0.943359

4.68237 0.943359
4.68359 0.943986

4.68359 0.943998
4.68945 0.946975

4.68945 0.94698
4.69389 0.949219

4.69392 0.949219
4.69531 0.949923

4.69531 0.949934
4.70117 0.95286

4.70117 0.952864
4.70566 0.955078

4.70568 0.955078
4.70703 0.955743

4.70703 0.955752
4.71289 0.958598

4.71289 0.9586
4.71779 0.960938

4.7178 0.960938
4.71875 0.961391

4.71875 0.961398
4.72461 0.964141

4.72461 0.964142
4.7304 0.966797

4.7304 0.966797
4.73047 0.966826

4.73047 0.966828
4.73633 0.969453

4.73633 0.969453
4.74219 0.972016

4.74219 0.972019
4.74368 0.972656

4.74369 0.972656
4.74805 0.974513

4.74805 0.974515
4.75391 0.976946

4.75391 0.976946
4.7578 0.978516

4.7578 0.978516
4.75977 0.97931

4.75977 0.979312
4.76562 0.981606

4.76562 0.981606
4.77148 0.983829

4.77148 0.983829
4.77297 0.984375

4.77297 0.984375
4.77734 0.985979

4.77734 0.98598
4.7832 0.988054

4.7832 0.988053
4.78906 0.99005

4.78906 0.990051
4.78962 0.990234

4.78962 0.990234
4.79492 0.99197

4.79492 0.991971
4.80078 0.993812

4.80078 0.993812
4.80664 0.995575

4.80664 0.995572
4.80845 0.996094

4.80844 0.996094
4.8125 0.997262

4.8125 0.997262
4.81836 0.99887

4.81836 0.99887
4.82422 1.0004

4.82422 1.0004
4.83008 1.00185

4.83008 1.00186
4.83049 1.00195

4.83049 1.00195
4.83594 1.00323

4.83594 1.00323
4.8418 1.00454

4.8418 1.00454
4.84766 1.00576

4.84766 1.00576
4.85352 1.00692

4.85352 1.00692
4.85839 1.00781

4.85837 1.00781
4.85938 1.008

4.85938 1.00799
4.86523 1.009

4.86523 1.009
4.87109 1.00994

4.87109 1.00994
4.87695 1.0108

4.87695 1.0108
4.88281 1.01159

4.88281 1.01159
4.88867 1.01232

4.88867 1.01232
4.89453 1.01297

4.89453 1.01297
4.90039 1.01357

4.90039 1.01357
4.90154 1.01367

4.90152 1.01367
4.90625 1.0141

4.90625 1.0141
4.91211 1.01457

4.91211 1.01457
4.91797 1.01498

4.91797 1.01498
4.92383 1.01534

4.92383 1.01534
4.92969 1.01564

4.92969 1.01564
4.93555 1.01589

4.93555 1.01589
4.94141 1.01609

4.94141 1.01609
4.94727 1.01625

4.94727 1.01625
4.95312 1.01637

4.95312 1.01637
4.95898 1.01644

4.95898 1.01644
4.96484 1.01648

4.96484 1.01648
4.9707 1.01649

4.9707 1.01649
4.97656 1.01647

4.97656 1.01647
4.98242 1.01643

4.98242 1.01643
4.98828 1.01637

4.98828 1.01637
4.99414 1.0163

4.99414 1.01629
5 1.01621

5 1.01621
5.00586 1.01613

5.00586 1.01612
5.01172 1.01604

5.01172 1.01604
5.01758 1.01596

5.01758 1.01596
5.02344 1.01589

5.02344 1.01589
5.0293 1.01585

5.0293 1.01584
5.03516 1.01582

5.03516 1.01582
5.04102 1.01582

5.04102 1.01582
5.04688 1.01586

5.04688 1.01586
5.05273 1.01594

5.05273 1.01594
5.05859 1.01606

5.05859 1.01606
5.06445 1.01624

5.06445 1.01624
5.07031 1.01647

5.07031 1.01647
5.07617 1.01677

5.07617 1.01676
5.08203 1.01713

5.08203 1.01713
5.08789 1.01757

5.08789 1.01757
5.09375 1.01809

5.09375 1.01809
5.09961 1.0187

5.09961 1.01869
5.10547 1.01939

5.10547 1.01939
5.10655 1.01953

5.10653 1.01953
5.11133 1.02018

5.11133 1.02017
5.11719 1.02105

5.11719 1.02105
5.12305 1.02203

5.12305 1.02203
5.12891 1.0231

5.12891 1.0231
5.13477 1.02428

5.13477 1.02428
5.13988 1.02539

5.13989 1.02539
5.14062 1.02555

5.14062 1.02555
5.14648 1.02693

5.14648 1.02693
5.15234 1.0284

5.15234 1.0284
5.1582 1.02997

5.1582 1.02998
5.16267 1.03125

5.16269 1.03125
5.16406 1.03164

5.16406 1.03165
5.16992 1.03341

5.16992 1.03341
5.17578 1.03527

5.17578 1.03527
5.18133 1.03711

5.18134 1.03711
5.18164 1.03721

5.18164 1.03721
5.1875 1.03924

5.1875 1.03924
5.19336 1.04134

5.19336 1.04134
5.19775 1.04297

5.19778 1.04297
5.19922 1.0435

5.19922 1.04351
5.20508 1.04574

5.20508 1.04575
5.21094 1.04803

5.21094 1.04804
5.21292 1.04883

5.21296 1.04883
5.2168 1.05035

5.2168 1.05036
5.22266 1.05272

5.22266 1.05272
5.22749 1.05469

5.22751 1.05469
5.22852 1.0551

5.22852 1.05511
5.23438 1.0575

5.23438 1.05751
5.24023 1.05991

5.24023 1.05992
5.24176 1.06055

5.24179 1.06055
5.24609 1.06231

5.24609 1.06232
5.25195 1.06471

5.25195 1.06471
5.25615 1.06641

5.25617 1.06641
5.25781 1.06707

5.25781 1.06708
5.26367 1.06942

5.26367 1.06942
5.26953 1.07173

5.26953 1.07174
5.27089 1.07227

5.27091 1.07227
5.27539 1.074

5.27539 1.07401
5.28125 1.07623

5.28125 1.07623
5.28635 1.07812

5.28635 1.07812
5.28711 1.07841

5.28711 1.07841
5.29297 1.08053

5.29297 1.08053
5.29883 1.08259

5.29883 1.08259
5.30291 1.08398

5.30291 1.08398
5.30469 1.08459

5.30469 1.08459
5.31055 1.08653

5.31055 1.08653
5.31641 1.0884

5.31641 1.0884
5.32112 1.08984

5.32111 1.08984
5.32227 1.0902

5.32227 1.0902
5.32812 1.09193

5.32812 1.09193
5.33398 1.09359

5.33398 1.09359
5.33984 1.09518

5.33984 1.09518
5.34187 1.0957

5.34185 1.0957
5.3457 1.0967

5.3457 1.0967
5.35156 1.09815

5.35156 1.09815
5.35742 1.09952

5.35742 1.09952
5.36328 1.10083

5.36328 1.10083
5.36677 1.10156

5.36674 1.10156
5.36914 1.10207

5.36914 1.10206
5.375 1.10323

5.375 1.10323
5.38086 1.10433

5.38086 1.10433
5.38672 1.10535

5.38672 1.10535
5.39258 1.10631

5.39258 1.10631
5.39844 1.10721

5.39844 1.10721
5.39995 1.10742

5.39993 1.10742
5.4043 1.10804

5.4043 1.10804
5.41016 1.10882

5.41016 1.10881
5.41602 1.10953

5.41602 1.10953
5.42188 1.11018

5.42188 1.11018
5.42773 1.11078

5.42773 1.11078
5.43359 1.11133

5.43359 1.11133
5.43945 1.11183

5.43945 1.11183
5.44531 1.11229

5.44531 1.11229
5.45117 1.1127

5.45117 1.1127
5.45703 1.11308

5.45703 1.11308
5.46051 1.11328

5.46047 1.11328
5.46289 1.11342

5.46289 1.11342
5.46875 1.11374

5.46875 1.11374
5.47461 1.11403

5.47461 1.11403
5.48047 1.1143

5.48047 1.1143
5.48633 1.11455

5.48633 1.11455
5.49219 1.11479

5.49219 1.11479
5.49805 1.11503

5.49805 1.11503
5.50391 1.11527

5.50391 1.11526
5.50977 1.11551

5.50977 1.11551
5.51562 1.11576

5.51562 1.11576
5.52148 1.11604

5.52148 1.11604
5.52734 1.11634

5.52734 1.11634
5.5332 1.11667

5.5332 1.11667
5.53906 1.11704

5.53906 1.11703
5.54492 1.11745

5.54492 1.11745
5.55078 1.11791

5.55078 1.11791
5.55664 1.11844

5.55664 1.11844
5.5625 1.11903

5.5625 1.11902
5.56356 1.11914

5.56352 1.11914
5.56836 1.11969

5.56836 1.11968
5.57422 1.12042

5.57422 1.12042
5.58008 1.12124

5.58008 1.12124
5.58594 1.12215

5.58594 1.12214
5.5918 1.12313

5.5918 1.12313
5.59766 1.12421

5.59766 1.12421
5.60159 1.125

5.60159 1.125
5.60352 1.12538

5.60352 1.12538
5.60938 1.12665

5.60938 1.12665
5.61523 1.128

5.61523 1.128
5.62109 1.12944

5.62109 1.12945
5.62651 1.13086

5.62652 1.13086
5.62695 1.13097

5.62695 1.13097
5.63281 1.13259

5.63281 1.13259
5.63867 1.13428

5.63867 1.13429
5.64453 1.13605

5.64453 1.13606
5.64664 1.13672

5.64667 1.13672
5.65039 1.13788

5.65039 1.13789
5.65625 1.13979

5.65625 1.13979
5.66211 1.14174

5.66211 1.14175
5.66455 1.14258

5.66459 1.14258
5.66797 1.14373

5.66797 1.14374
5.67383 1.14577

5.67383 1.14578
5.67969 1.14784

5.67969 1.14785
5.68135 1.14844

5.68138 1.14844
5.68555 1.14992

5.68555 1.14993
5.69141 1.15202

5.69141 1.15203
5.69727 1.15412

5.69727 1.15413
5.69774 1.1543

5.69775 1.1543
5.70312 1.15622

5.70312 1.15622
5.70898 1.1583

5.70898 1.1583
5.71426 1.16016

5.71426 1.16016
5.71484 1.16036

5.71484 1.16036
5.7207 1.1624

5.7207 1.1624
5.72656 1.1644

5.72656 1.1644
5.73138 1.16602

5.73138 1.16602
5.73242 1.16636

5.73242 1.16637
5.73828 1.16829

5.73828 1.16829
5.74414 1.17016

5.74414 1.17016
5.74967 1.17188

5.74968 1.17188
5.75 1.17198

5.75 1.17198
5.75586 1.17374

5.75586 1.17374
5.76172 1.17545

5.76172 1.17545
5.76758 1.17709

5.76758 1.17709
5.76997 1.17773

5.76996 1.17773
5.77344 1.17867

5.77344 1.17867
5.7793 1.18019

5.7793 1.18019
5.78516 1.18164

5.78516 1.18164
5.79102 1.18303

5.79102 1.18302
5.79354 1.18359

5.79353 1.18359
5.79688 1.18435

5.79688 1.18435
5.80273 1.1856

5.80273 1.1856
5.80859 1.18679

5.80859 1.18679
5.81445 1.1879

5.81445 1.1879
5.82031 1.18896

5.82031 1.18895
5.82326 1.18945

5.82322 1.18945
5.82617 1.18995

5.82617 1.18995
5.83203 1.19088

5.83203 1.19088
5.83789 1.19175

5.83789 1.19175
5.84375 1.19256

5.84375 1.19256
5.84961 1.19332

5.84961 1.19332
5.85547 1.19402

5.85547 1.19402
5.86133 1.19467

5.86133 1.19467
5.86719 1.19528

5.86719 1.19528
5.86748 1.19531

5.86749 1.19531
5.87305 1.19585

5.87305 1.19585
5.87891 1.19639

5.87891 1.19639
5.88477 1.19689

5.88477 1.19689
5.89062 1.19737

5.89062 1.19737
5.89648 1.19782

5.89648 1.19782
5.90234 1.19826

5.90234 1.19826
5.9082 1.19869

5.9082 1.19869
5.91406 1.19911

5.91406 1.19911
5.91992 1.19954

5.91992 1.19954
5.92578 1.19998

5.92578 1.19998
5.93164 1.20043

5.93164 1.20043
5.9375 1.20091

5.9375 1.20091
5.94045 1.20117

5.9404 1.20117
5.94336 1.20143

5.94336 1.20143
5.94922 1.20198

5.94922 1.20198
5.95508 1.20258

5.95508 1.20258
5.96094 1.20323

5.96094 1.20323
5.9668 1.20394

5.9668 1.20394
5.97266 1.20471

5.97266 1.20471
5.97852 1.20555

5.97852 1.20555
5.98438 1.20646

5.98438 1.20645
5.9878 1.20703

5.98779 1.20703
5.99023 1.20744

5.99023 1.20744
5.99609 1.20851

5.99609 1.20851
6.00195 1.20965

6.00195 1.20965
6.00781 1.21088

6.00781 1.21088
6.01367 1.21218

6.01367 1.21218
6.01667 1.21289

6.01668 1.21289
6.01953 1.21356

6.01953 1.21357
6.02539 1.21503

6.02539 1.21503
6.03125 1.21656

6.03125 1.21657
6.03711 1.21816

6.03711 1.21817
6.03916 1.21875

6.03918 1.21875
6.04297 1.21982

6.04297 1.21983
6.04883 1.22154

6.04883 1.22154
6.05469 1.22331

6.05469 1.22331
6.05891 1.22461

6.05893 1.22461
6.06055 1.22511

6.06055 1.22511
6.06641 1.22695

6.06641 1.22695
6.07227 1.22881

6.07227 1.22881
6.07746 1.23047

6.07747 1.23047
6.07812 1.23068

6.07812 1.23068
6.08398 1.23256

6.08398 1.23256
6.08984 1.23444

6.08984 1.23444
6.0957 1.23632

6.09568 1.23633
6.0957 1.23633

6.0957 1.23632
6.09574 1.23633

6.09574 1.23633
6.10156 1.23817

6.10156 1.23817
6.10742 1.24001

6.10742 1.24001
6.11328 1.24181

6.11328 1.24182
6.11451 1.24219

6.11452 1.24219
6.11914 1.24358

6.11914 1.24359
6.125 1.24531

6.125 1.24531
6.13086 1.247

6.13086 1.247
6.13462 1.24805

6.13462 1.24805
6.13672 1.24863

6.13672 1.24863
6.14258 1.25021

6.14258 1.25022
6.14844 1.25174

6.14844 1.25174
6.1543 1.25321

6.1543 1.2532
6.15722 1.25391

6.15721 1.25391
6.16016 1.25461

6.16016 1.25461
6.16602 1.25596

6.16602 1.25596
6.17188 1.25724

6.17188 1.25724
6.17773 1.25846

6.17773 1.25846
6.18359 1.25961

6.18359 1.25961
6.18441 1.25977

6.18441 1.25977
6.18945 1.26071

6.18945 1.26071
6.19531 1.26175

6.19531 1.26175
6.20117 1.26272

6.20117 1.26272
6.20703 1.26364

6.20703 1.26364
6.21289 1.26451

6.21289 1.26451
6.21875 1.26533

6.21875 1.26533
6.221 1.26562

6.22097 1.26562
6.22461 1.26611

6.22461 1.26611
6.23047 1.26684

6.23047 1.26684
6.23633 1.26754

6.23633 1.26754
6.24219 1.26821

6.24219 1.26821
6.24805 1.26885

6.24805 1.26885
6.25391 1.26947

6.25391 1.26947
6.25977 1.27008

6.25977 1.27007
6.26562 1.27067

6.26562 1.27067
6.27148 1.27127

6.27148 1.27126
6.27361 1.27148

6.27357 1.27148
6.27734 1.27188

6.27734 1.27187
6.2832 1.27249

6.2832 1.27249
6.28906 1.27313

6.28906 1.27313
6.29492 1.27379

6.29492 1.27379
6.30078 1.27448

6.30078 1.27448
6.30664 1.2752

6.30664 1.2752
6.3125 1.27597

6.3125 1.27597
6.31836 1.27679

6.31836 1.27678
6.32212 1.27734

6.32211 1.27734
6.32422 1.27766

6.32422 1.27766
6.33008 1.27858

6.33008 1.27858
6.33594 1.27958

6.33594 1.27958
6.3418 1.28063

6.3418 1.28063
6.34766 1.28175

6.34766 1.28175
6.35352 1.28294

6.35352 1.28294
6.35474 1.2832

6.35474 1.2832
6.35938 1.2842

6.35938 1.2842
6.36523 1.28552

6.36523 1.28552
6.37109 1.2869

6.37109 1.28691
6.37695 1.28835

6.37695 1.28836
6.3797 1.28906

6.37972 1.28906
6.38281 1.28986

6.38281 1.28986
6.38867 1.29142

6.38867 1.29142
6.39453 1.29302

6.39453 1.29302
6.40039 1.29466

6.40039 1.29467
6.40129 1.29492

6.40129 1.29492
6.40625 1.29634

6.40625 1.29634
6.41211 1.29804

6.41211 1.29804
6.41797 1.29975

6.41797 1.29976
6.42146 1.30078

6.42148 1.30078
6.42383 1.30147

6.42383 1.30148
6.42969 1.3032

6.42969 1.3032
6.43555 1.30492

6.43555 1.30492
6.44141 1.30662

6.44139 1.30664
6.44141 1.30665

6.44141 1.30662
6.44147 1.30664

6.44147 1.30664
6.44727 1.3083

6.44727 1.30831
6.45312 1.30996

6.45312 1.30996
6.45898 1.31158

6.45898 1.31158
6.46237 1.3125

6.46238 1.3125
6.46484 1.31317

6.46484 1.31317
6.4707 1.31471

6.4707 1.31471
6.47656 1.31621

6.47656 1.31621
6.48242 1.31766

6.48242 1.31765
6.48538 1.31836

6.48537 1.31836
6.48828 1.31905

6.48828 1.31905
6.49414 1.3204

6.49414 1.3204
6.5 1.32169

6.5 1.32169
6.50586 1.32293

6.50586 1.32292
6.51172 1.32411

6.51172 1.32411
6.51229 1.32422

6.5123 1.32422
6.51758 1.32524

6.51758 1.32524
6.52344 1.32631

6.52344 1.32631
6.5293 1.32734

6.5293 1.32734
6.53516 1.32831

6.53516 1.32831
6.54102 1.32924

6.54102 1.32924
6.54657 1.33008

6.54656 1.33008
6.54688 1.33013

6.54688 1.33012
6.55273 1.33097

6.55273 1.33097
6.55859 1.33178

6.55859 1.33178
6.56445 1.33256

6.56445 1.33256
6.57031 1.33331

6.57031 1.33331
6.57617 1.33404

6.57617 1.33404
6.58203 1.33475

6.58203 1.33475
6.58789 1.33546

6.58789 1.33545
6.59191 1.33594

6.59188 1.33594
6.59375 1.33616

6.59375 1.33616
6.59961 1.33687

6.59961 1.33687
6.60547 1.33759

6.60547 1.33759
6.61133 1.33833

6.61133 1.33833
6.61719 1.33909

6.61719 1.33909
6.62305 1.33989

6.62305 1.33988
6.62891 1.34072

6.62891 1.34072
6.63477 1.3416

6.63477 1.34159
6.63605 1.3418

6.63603 1.3418
6.64062 1.34253

6.64062 1.34253
6.64648 1.34351

6.64648 1.34351
6.65234 1.34456

6.65234 1.34456
6.6582 1.34567

6.6582 1.34567
6.66406 1.34684

6.66406 1.34684
6.66794 1.34766

6.66795 1.34766
6.66992 1.34807

6.66992 1.34807
6.67578 1.34937

6.67578 1.34937
6.68164 1.35073

6.68164 1.35073
6.6875 1.35215

6.6875 1.35215
6.69295 1.35352

6.69295 1.35352
6.69336 1.35362

6.69336 1.35362
6.69922 1.35513

6.69922 1.35513
6.70508 1.35669

6.70508 1.35669
6.71094 1.35828

6.71094 1.35828
6.71492 1.35938

6.71493 1.35938
6.7168 1.35989

6.7168 1.35989
6.72266 1.36152

6.72266 1.36152
6.72852 1.36316

6.72852 1.36317
6.73438 1.36481

6.73438 1.36481
6.73589 1.36523

6.7359 1.36523
6.74023 1.36644

6.74023 1.36645
6.74609 1.36807

6.74609 1.36807
6.75195 1.36967

6.75195 1.36968
6.75722 1.37109

6.75723 1.37109
6.75781 1.37125

6.75781 1.37125
6.76367 1.3728

6.76367 1.3728
6.76953 1.37431

6.76953 1.37431
6.77539 1.37577

6.77539 1.37577
6.78027 1.37695

6.78026 1.37695
6.78125 1.37719

6.78125 1.37719
6.78711 1.37856

6.78711 1.37857
6.79297 1.37989

6.79297 1.37989
6.79883 1.38116

6.79883 1.38115
6.80469 1.38237

6.80469 1.38237
6.80691 1.38281

6.80689 1.38281
6.81055 1.38354

6.81055 1.38354
6.81641 1.38466

6.81641 1.38466
6.82227 1.38572

6.82227 1.38572
6.82812 1.38674

6.82812 1.38673
6.83398 1.3877

6.83398 1.3877
6.83984 1.38863

6.83984 1.38863
6.84011 1.38867

6.84011 1.38867
6.8457 1.38953

6.8457 1.38952
6.85156 1.39039

6.85156 1.39038
6.85742 1.39122

6.85742 1.39121
6.86328 1.39202

6.86328 1.39202
6.86914 1.39281

6.86914 1.3928
6.875 1.39358

6.875 1.39358
6.88086 1.39436

6.88086 1.39435
6.88218 1.39453

6.88216 1.39453
6.88672 1.39514

6.88672 1.39514
6.89258 1.39593

6.89258 1.39593
6.89844 1.39674

6.89844 1.39674
6.9043 1.39758

6.9043 1.39758
6.91016 1.39844

6.91016 1.39844
6.91602 1.39935

6.91602 1.39934
6.92188 1.40029

6.92188 1.40029
6.92249 1.40039

6.92247 1.40039
6.92773 1.40128

6.92773 1.40128
6.93359 1.40233

6.93359 1.40233
6.93945 1.40343

6.93945 1.40343
6.94531 1.40458

6.94531 1.40458
6.95117 1.4058

6.95117 1.4058
6.95327 1.40625

6.95327 1.40625
6.95703 1.40706

6.95703 1.40706
6.96289 1.40838

6.96289 1.40839
6.96875 1.40976

6.96875 1.40976
6.97461 1.41118

6.97461 1.41118
6.97834 1.41211

6.97836 1.41211
6.98047 1.41264

6.98047 1.41264
6.98633 1.41413

6.98633 1.41414
6.99219 1.41566

6.99219 1.41566
6.99805 1.4172

6.99805 1.41721
7.00092 1.41797

7.00093 1.41797
7.00391 1.41876

7.00391 1.41876
7.00977 1.42032

7.00977 1.42032
7.01562 1.42188

7.01562 1.42189
7.02148 1.42343

7.02148 1.42344
7.02298 1.42383

7.02299 1.42383
7.02734 1.42497

7.02734 1.42497
7.0332 1.42648

7.0332 1.42648
7.03906 1.42796

7.03906 1.42797
7.04492 1.42941

7.04492 1.42942
7.04605 1.42969

7.04605 1.42969
7.05078 1.43083

7.05078 1.43083
7.05664 1.4322

7.05664 1.4322
7.0625 1.43353

7.0625 1.43353
7.06836 1.43481

7.06836 1.43481
7.07183 1.43555

7.07182 1.43555
7.07422 1.43605

7.07422 1.43605
7.08008 1.43725

7.08008 1.43725
7.08594 1.43839

7.08594 1.43839
7.0918 1.43949

7.0918 1.43949
7.09766 1.44055

7.09766 1.44055
7.10261 1.44141

7.1026 1.44141
7.10352 1.44157

7.10352 1.44156
7.10938 1.44255

7.10938 1.44255
7.11523 1.4435

7.11523 1.44349
7.12109 1.44441

7.12109 1.44441
7.12695 1.4453

7.12695 1.4453
7.13281 1.44617

7.13281 1.44617
7.13867 1.44703

7.13867 1.44703
7.14027 1.44727

7.14025 1.44727
7.14453 1.44789

7.14453 1.44789
7.15039 1.44875

7.15039 1.44875
7.15625 1.44961

7.15625 1.44961
7.16211 1.45049

7.16211 1.45049
7.16797 1.45138

7.16797 1.45138
7.17383 1.4523

7.17383 1.4523
7.17894 1.45312

7.17893 1.45312
7.17969 1.45325

7.17969 1.45325
7.18555 1.45424

7.18555 1.45423
7.19141 1.45526

7.19141 1.45526
7.19727 1.45634

7.19727 1.45634
7.20312 1.45746

7.20312 1.45746
7.20898 1.45863

7.20898 1.45863
7.21071 1.45898

7.2107 1.45898
7.21484 1.45984

7.21484 1.45984
7.2207 1.46111

7.2207 1.46111
7.22656 1.46242

7.22656 1.46243
7.23242 1.46378

7.23242 1.46378
7.23691 1.46484

7.23691 1.46484
7.23828 1.46517

7.23828 1.46517
7.24414 1.46659

7.24414 1.4666
7.25 1.46805

7.25 1.46805
7.25586 1.46952

7.25586 1.46952
7.26054 1.4707

7.26055 1.4707
7.26172 1.471

7.26172 1.471
7.26758 1.47249

7.26758 1.47249
7.27344 1.47398

7.27344 1.47398
7.2793 1.47546

7.2793 1.47547
7.28368 1.47656

7.28368 1.47656
7.28516 1.47693

7.28516 1.47693
7.29102 1.47838

7.29102 1.47838
7.29688 1.4798

7.29688 1.4798
7.30273 1.48119

7.30273 1.48119
7.30805 1.48242

7.30805 1.48242
7.30859 1.48255

7.30859 1.48255
7.31445 1.48387

7.31445 1.48387
7.32031 1.48515

7.32031 1.48515
7.32617 1.48638

7.32617 1.48638
7.33203 1.48757

7.33203 1.48757
7.33566 1.48828

7.33565 1.48828
7.33789 1.48872

7.33789 1.48872
7.34375 1.48983

7.34375 1.48983
7.34961 1.4909

7.34961 1.4909
7.35547 1.49193

7.35547 1.49193
7.36133 1.49293

7.36133 1.49293
7.36719 1.4939

7.36719 1.4939
7.36868 1.49414

7.36867 1.49414
7.37305 1.49485

7.37305 1.49485
7.37891 1.49578

7.37891 1.49578
7.38477 1.4967

7.38477 1.4967
7.39062 1.49761

7.39062 1.49761
7.39648 1.49852

7.39648 1.49852
7.40234 1.49944

7.40234 1.49944
7.40586 1.5

7.40584 1.5
7.4082 1.50038

7.4082 1.50037
7.41406 1.50133

7.41406 1.50133
7.41992 1.50231

7.41992 1.50231
7.42578 1.50332

7.42578 1.50332
7.43164 1.50437

7.43164 1.50436
7.4375 1.50545

7.4375 1.50545
7.43965 1.50586

7.43964 1.50586
7.44336 1.50657

7.44336 1.50657
7.44922 1.50774

7.44922 1.50774
7.45508 1.50895

7.45508 1.50895
7.46094 1.51021

7.46094 1.51021
7.4668 1.5115

7.4668 1.5115
7.46775 1.51172

7.46775 1.51172
7.47266 1.51283

7.47266 1.51284
7.47852 1.5142

7.47852 1.5142
7.48438 1.51559

7.48438 1.51559
7.49023 1.51701

7.49023 1.51701
7.49256 1.51758

7.49257 1.51758
7.49609 1.51844

7.49609 1.51844
7.50195 1.51988

7.50195 1.51988
7.50781 1.52132

7.50781 1.52132
7.51367 1.52276

7.51367 1.52276
7.51644 1.52344

7.51645 1.52344
7.51953 1.52419

7.51953 1.52419
7.52539 1.5256

7.52539 1.5256
7.53125 1.52699

7.53125 1.52699
7.53711 1.52836

7.53711 1.52836
7.54124 1.5293

7.54124 1.5293
7.54297 1.52969

7.54297 1.52969
7.54883 1.53099

7.54883 1.53099
7.55469 1.53225

7.55469 1.53225
7.56055 1.53348

7.56055 1.53348
7.56641 1.53466

7.56641 1.53466
7.56892 1.53516

7.5689 1.53516
7.57227 1.53582

7.57227 1.53582
7.57812 1.53693

7.57812 1.53693
7.58398 1.53801

7.58398 1.53801
7.58984 1.53906

7.58984 1.53906
7.5957 1.54008

7.5957 1.54008
7.60121 1.54102

7.60121 1.54102
7.60156 1.54108

7.60156 1.54108
7.60742 1.54206

7.60742 1.54206
7.61328 1.54303

7.61328 1.54302
7.61914 1.54398

7.61914 1.54398
7.625 1.54494

7.625 1.54494
7.63086 1.5459

7.63086 1.54589
7.63672 1.54687

7.63672 1.54686
7.63678 1.54688

7.63669 1.54688
7.63672 1.54688

7.63677 1.54688
7.64258 1.54786

7.64258 1.54786
7.64844 1.54887

7.64844 1.54887
7.6543 1.54991

7.6543 1.54991
7.66016 1.55097

7.66016 1.55097
7.66602 1.55208

7.66602 1.55207
7.6694 1.55273

7.6694 1.55273
7.67188 1.55322

7.67188 1.55322
7.67773 1.5544

7.67773 1.5544
7.68359 1.55561

7.68359 1.55561
7.68945 1.55687

7.68945 1.55687
7.69531 1.55816

7.69531 1.55816
7.69723 1.55859

7.69723 1.55859
7.70117 1.55948

7.70117 1.55948
7.70703 1.56083

7.70703 1.56084
7.71289 1.56221

7.71289 1.56221
7.71875 1.5636

7.71875 1.5636
7.72231 1.56445

7.72231 1.56445
7.72461 1.565

7.72461 1.565
7.73047 1.56641

7.73047 1.56641
7.73633 1.56781

7.73633 1.56781
7.74219 1.5692

7.74219 1.56921
7.7469 1.57031

7.7469 1.57031
7.74805 1.57058

7.74805 1.57058
7.75391 1.57194

7.75391 1.57194
7.75977 1.57328

7.75977 1.57328
7.76562 1.57458

7.76562 1.57458
7.77148 1.57585

7.77148 1.57585
7.77301 1.57617

7.77301 1.57617
7.77734 1.57709

7.77734 1.57709
7.7832 1.5783

7.7832 1.5783
7.78906 1.57947

7.78906 1.57947
7.79492 1.5806

7.79492 1.5806
7.80078 1.5817

7.80078 1.5817
7.80259 1.58203

7.80258 1.58203
7.80664 1.58278

7.80664 1.58278
7.8125 1.58383

7.8125 1.58383
7.81836 1.58485

7.81836 1.58485
7.82422 1.58585

7.82422 1.58585
7.83008 1.58685

7.83008 1.58684
7.83594 1.58783

7.83594 1.58783
7.83628 1.58789

7.83627 1.58789
7.8418 1.58883

7.8418 1.58882
7.84766 1.58982

7.84766 1.58982
7.85352 1.59083

7.85352 1.59083
7.85938 1.59185

7.85938 1.59184
7.86523 1.59289

7.86523 1.59289
7.86997 1.59375

7.86996 1.59375
7.87109 1.59396

7.87109 1.59396
7.87695 1.59506

7.87695 1.59506
7.88281 1.59619

7.88281 1.59619
7.88867 1.59735

7.88867 1.59735
7.89453 1.59856

7.89453 1.59856
7.89952 1.59961

7.89951 1.59961
7.90039 1.59979

7.90039 1.59979
7.90625 1.60106

7.90625 1.60107
7.91211 1.60236

7.91211 1.60236
7.91797 1.60369

7.91797 1.60369
7.92383 1.60503

7.92383 1.60504
7.9257 1.60547

7.9257 1.60547
7.92969 1.60639

7.92969 1.6064
7.93555 1.60776

7.93555 1.60776
7.94141 1.60913

7.94141 1.60913
7.94727 1.6105

7.94727 1.6105
7.95085 1.61133

7.95086 1.61133
7.95312 1.61185

7.95312 1.61185
7.95898 1.6132

7.95898 1.6132
7.96484 1.61452

7.96484 1.61452
7.9707 1.61581

7.9707 1.61581
7.97656 1.61708

7.97656 1.61708
7.97707 1.61719

7.97707 1.61719
7.98242 1.61832

7.98242 1.61832
7.98828 1.61953

7.98828 1.61954
7.99414 1.6207

7.99414 1.62067
8 1.62183

