0 600000 600000 600000 600000 30180
10 2200000 2200000 2200000 2200000 45277
20 2200000 2200000 2200000 2200000 50147
30 2200000 2200000 2200000 2200000 51608
41 2200000 2200000 2200000 2200000 53069
51 2200000 2200000 2200000 2200000 54043
61 2200000 2200000 2200000 2200000 55017
71 2200000 2200000 2200000 2200000 56478
81 2200000 2200000 2200000 2200000 55991
91 2200000 2200000 2200000 2200000 57452
101 2200000 2200000 2200000 2200000 56965
112 2200000 2200000 2200000 2200000 56478
122 2200000 2200000 2200000 2200000 57939
132 2200000 2200000 2200000 2200000 57452
142 2200000 2200000 2200000 2200000 57452
152 2200000 2200000 2200000 2200000 57939
162 2200000 2200000 2200000 2200000 57939
172 2200000 2200000 2200000 2200000 57939
183 2200000 2200000 2200000 2200000 58426
193 2200000 2200000 2200000 2200000 58426
203 2200000 2200000 2200000 2200000 57939
213 2200000 2200000 2200000 2200000 58426
223 2200000 2200000 2200000 2200000 58913
233 2200000 2200000 2200000 2200000 58426
243 2200000 2200000 2200000 2200000 58913
253 2200000 2200000 2200000 2200000 58426
264 2200000 2200000 2200000 2200000 57939
274 2200000 2200000 2200000 2200000 58426
284 2200000 2200000 2200000 2200000 58426
294 2200000 2200000 2200000 2200000 58913
304 2200000 2200000 2200000 2200000 58913
314 2200000 2200000 2200000 2200000 58426
324 2200000 2200000 2200000 2200000 59400
335 2200000 2200000 2200000 2200000 58426
345 2200000 2200000 2200000 2200000 58426
355 2200000 2200000 2200000 2200000 58426
365 2200000 2200000 2200000 2200000 59400
375 2200000 2200000 2200000 2200000 59887
385 2200000 2200000 2200000 2200000 56965
395 2200000 2200000 2200000 2200000 58913
406 2200000 2200000 2200000 2200000 58913
416 2200000 2200000 2200000 2200000 58913
426 2200000 2200000 2200000 2200000 58426
436 2200000 2200000 2200000 2200000 57939
446 2200000 2200000 2200000 2200000 58426
456 2200000 2200000 2200000 2200000 58913
466 2200000 2200000 2200000 2200000 58426
477 2200000 2200000 2200000 2200000 59400
487 2200000 2200000 2200000 2200000 58913
497 2200000 2200000 2200000 2200000 59400
507 2200000 2200000 2200000 2200000 58426
517 2200000 2200000 2200000 2200000 58913
527 2200000 2200000 2200000 2200000 58913
537 2200000 2200000 2200000 2200000 58913
548 2200000 2200000 2200000 2200000 57452
558 2200000 2200000 2200000 2200000 58426
568 2200000 2200000 2200000 2200000 57452
578 2200000 2200000 2200000 2200000 58426
588 2200000 2200000 2200000 2200000 57452
598 2200000 2200000 2200000 2200000 58426
608 2200000 2200000 2200000 2200000 58426
619 2200000 2200000 2200000 2200000 58426
629 2200000 2200000 2200000 2200000 58913
639 2200000 2200000 2200000 2200000 58426
649 2200000 2200000 2200000 2200000 58426
659 2200000 2200000 2200000 2200000 57452
669 2200000 2200000 2200000 2200000 58426
679 2200000 2200000 2200000 2200000 58426
689 2200000 2200000 2200000 2200000 58913
700 2200000 2200000 2200000 2200000 58913
710 2200000 2200000 2200000 2200000 58426
720 2200000 2200000 2200000 2200000 58913
730 2200000 2200000 2200000 2200000 58913
740 2200000 2200000 2200000 2200000 57939
750 2200000 2200000 2200000 2200000 58426
760 2200000 2200000 2200000 2200000 57939
771 2200000 2200000 2200000 2200000 59400
781 2200000 2200000 2200000 2200000 58426
791 2200000 2200000 2200000 2200000 58913
801 2200000 2200000 2200000 2200000 59400
811 2200000 2200000 2200000 2200000 58913
821 2200000 2200000 2200000 2200000 58913
831 2200000 2200000 2200000 2200000 58913
842 2200000 2200000 2200000 2200000 58913
852 2200000 2200000 2200000 2200000 60374
862 2200000 2200000 2200000 2200000 59887
872 2200000 2200000 2200000 2200000 58913
882 2200000 2200000 2200000 2200000 58913
892 2200000 2200000 2200000 2200000 59887
902 600000 600000 600000 600000 48686
912 600000 600000 600000 600000 38946
922 600000 600000 600000 600000 36998
933 600000 600000 600000 600000 35050
943 600000 600000 600000 600000 33589
953 600000 600000 600000 600000 32128
963 600000 600000 600000 600000 31641
973 600000 600000 600000 600000 30667
983 600000 600000 600000 600000 30667
993 600000 600000 600000 600000 29693
