  -23.0418814356448        0.000000    
  -21.5418814881221        136.732707851966     
  -20.0418815405995        135.813417417178     
  -18.5418815930769        135.734880230064     
  -17.0418816455543        135.076259081823     
  -15.5418816980316        134.445013617240     
  -14.0418802646382        134.653071190428     
  -12.5418818029864        135.408333375635     
  -11.0418811125283        135.750261964607     
  -9.54188116500572        135.683873257170     
  -8.04188047454770        134.422083659022     
  -6.54188052702507        134.656458975857     
  -5.04188057950245        134.215048364946     
  -3.54188063197982        134.136320986369     
  -2.04188068445719        133.288685185140     
 -0.541880736934568        134.473031197084     
  0.958119210588058        133.678755988098     
   2.45811915811068        133.526935653026     
   3.95811910563331        133.966159062117     
   5.45812053902674        134.234816390097     
   6.95811900067856        134.124243828490     
   8.45812043407199        134.527342746641     
   9.95811889572381        135.257891928668     
   11.4581203291172        135.357647350835     
   12.9581187907691        135.507066518691     
   14.4581202241625        135.397884732155     
   15.9581186858143        135.335585141166     
   17.4581201192077        135.417854835735     
   18.9581185808596        136.141652220837     
   20.4581200142530        135.967662693398     
   21.9581184759048        0.000000    

  -69.2647470738113        0.000000    
  -67.7647486121594        9.87636405538795     
  -66.2647501505076        12.1997459350381     
  -64.7647457453726        12.6614230807542     
  -63.2647472837208        13.6848998044419     
  -61.7647488220689        16.3052299921433     
  -60.2647503604171        17.5884324744197     
  -58.7647459552821        18.5712736034125     
  -57.2647474936303        20.2287119635097     
  -55.7647490319784        21.8552739283398     
  -54.2647505703266        22.7698259211405     
  -52.7647461651916        23.8153826849469     
  -51.2647477035398        23.9543442940977     
  -49.7647492418879        25.5915302351627     
  -48.2647478084945        27.2560948316265     
  -46.7647463751011        30.4779679265778     
  -45.2647479134493        31.0949193140452     
  -43.7647494517974        31.8712957233494     
  -42.2647480184040        32.7984166972647     
  -40.7647465850106        33.2887392032384     
  -39.2647481233587        34.2642579609186     
  -37.7647466899653        37.0870974802336     
  -36.2647482283135        39.3584798252947     
  -34.7647467949201        39.5990660820819     
  -33.2647483332682        45.6639419631322     
  -31.7647468998748        46.7331597335908     
  -30.2647484382230        52.0596529217457     
  -28.7647470048296        53.7009933575732     
  -27.2647485431777        58.2224863212930     
  -25.7647471097843        62.7894707054888     
  -24.2647486481325        67.4728641518016     
  -22.7647472147391        70.2561676208152     
  -21.2647487530872        71.1799334984595     
  -19.7647473196938        70.5575735412727     
  -18.2647458863004        70.2277280536637     
  -16.7647474246486        70.0755511095993     
  -15.2647489629967        69.3748144393451     
  -13.7647445578617        71.2708866219956     
  -12.2647460962099        70.6240276270242     
  -10.7647476345581        71.0682138445938     
  -9.26474917290623        71.4028378927022     
  -7.76474476777120        70.3067110020183     
  -6.26474630611938        70.5465186625053     
  -4.76474784446755        69.8545605169497     
  -3.26474938281573        69.8406468227591     
  -1.76474497768070        69.0248978089418     
 -0.264746516028873        70.3752690808256     
   1.23525194562295        69.6535519148462     
   2.73525040727477        68.9499861465849     
   4.23525481240981        69.8944234588275     
   5.73525327406163        70.0587548260528     
   7.23525173571345        70.1606023543096     
   8.73525614084849        70.6532755078921     
   10.2352546025003        70.8404476810867     
   11.7352530641521        71.4684658342879     
   13.2352515258040        71.1573720362010     
   14.7352559309390        71.2899414291613     
   16.2352543925908        70.7625642771257     
   17.7352528542426        70.5413716060469     
   19.2352513158945        71.3156826549363     
   20.7352557210295        70.3056887229065     
   22.2352541826813        71.1002432756031     
   23.7352526443331        68.4733841715974     
   25.2352511059850        60.4587575393012     
   26.7352555111200        53.7505144596645     
   28.2352539727718        50.6361233150514     
   29.7352524344236        45.8020031345770     
   31.2352568395587        45.2268225470973     
   32.7352493577273        43.2318656625694     
   34.2352537628623        40.5396312150144     
   35.7352581679974        37.6751219349263     
   37.2352506861660        34.8601991352448     
   38.7352550913010        33.1806034697473     
   40.2352594964360        31.6826109336782     
   41.7352520146047        30.9211407802604     
   43.2352564197397        29.3584415425030     
   44.7352489379083        28.0078622487069     
   46.2352533430433        28.3199515802312     
   47.7352577481784        27.8655187976106     
   49.2352502663470        26.1023934191041     
   50.7352546714820        23.7412629917275     
   52.2352590766170        22.9180043868765     
   53.7352515947857        21.1273651387282     
   55.2352559999207        19.0002727355142     
   56.7352604050557        18.1616145656706     
   58.2352529232243        17.2516375690695     
   59.7352573283594        16.0364493368868     
   61.2352498465280        14.2762095194780     
   62.7352542516630        14.2567609565497     
   64.2352586567981        11.8763840446739     
   65.7352511749667        11.0334502815974     
   67.2352555801017        8.45564571625115     
   68.7352599852367        0.000000    

  -166.501321057638        0.000000    
  -165.001316652503        6.57038695836270     
  -163.501312247368        7.82351690147611     
  -162.001319729199        8.01556050209530     
  -160.501315324064        7.40372051018707     
  -159.001310918929        8.46578455566904     
  -157.501318400760        8.03366880956008     
  -156.001313995625        8.28983962225483     
  -154.501321477457        8.78178172740277     
  -153.001317072322        9.18061693928706     
  -151.501312667187        10.2124650590736     
  -150.001320149018        10.2266997013574     
  -148.501315743883        10.1717967752211     
  -147.001311338748        11.0323329067543     
  -145.501318820579        11.3456451099487     
  -144.001314415444        11.3214269017458     
  -142.501310010309        11.5035352272470     
  -141.001317492141        11.7428904400748     
  -139.501313087006        12.3095161264115     
  -138.001308681871        13.0715174786411     
  -136.501316163702        13.2637876745576     
  -135.001311758567        12.8778535359123     
  -133.501319240398        13.0001317876975     
  -132.001314835263        14.1819815366942     
  -130.501322317095        14.4395958728731     
  -129.001317911960        14.5754193228900     
  -127.501313506825        14.9193939559558     
  -126.001320988656        14.7927115831133     
  -124.501316583521        15.1141737876570     
  -123.001312178386        15.7537772755018     
  -121.501319660217        15.8830777526976     
  -120.001315255082        15.4957706694311     
  -118.501310849947        15.0295118410969     
  -117.001318331779        14.3547600794292     
  -115.501313926644        14.8584197617222     
  -114.001309521509        15.4310758547092     
  -112.501317003340        16.4409925214572     
  -111.001312598205        15.2312217742189     
  -109.501308193070        15.7934960879118     
  -108.001315674901        16.3547733822966     
  -106.501323156733        16.1010609428438     
  -105.001306864631        17.7553358840034     
  -103.501314346463        17.4546714130761     
  -102.001321828294        16.9392986112504     
  -100.501317423159        17.3506619428023     
  -99.0013130180239        17.1816248227469     
  -97.5013145563721        18.1774049146842     
  -96.0013160947203        18.5027586148585     
  -94.5013176330685        18.3157781189973     
  -93.0013132279334        17.9697292102918     
  -91.5013147662816        17.4600859262789     
  -90.0013163046298        17.2769107455418     
  -88.5013118994948        16.9671408583395     
  -87.0013134378429        17.4683874864500     
  -85.5013149761911        18.3782218394541     
  -84.0013165145393        17.5311803865453     
  -82.5013121094043        18.1375122553903     
  -81.0013136477524        17.4519180944799     
  -79.5013151861006        19.2667369181902     
  -78.0013167244488        18.8004676887604     
  -76.5013123193138        18.1899308055456     
  -75.0013138576619        19.2963844983039     
  -73.5013153960101        18.9846889225421     
  -72.0013169343583        19.0070676226920     
  -70.5013125292232        20.0766583467219     
  -69.0013140675714        19.1333012625523     
  -67.5013156059196        20.0819168434904     
  -66.0013112007846        19.3373930465701     
  -64.5013186826159        20.6159358380112     
  -63.0013142774809        19.9433593911977     
  -61.5013098723459        20.8024973183062     
  -60.0013173541773        21.2746803135282     
  -58.5013129490422        20.9816249869784     
  -57.0013085439072        21.6099596306604     
  -55.5013160257386        21.0093453926618     
  -54.0013116206036        21.3031228524214     
  -52.5013191024349        21.4126077566008     
  -51.0013146972999        21.7237401873286     
  -49.5013102921649        21.1836499247105     
  -48.0013177739963        21.6050844885588     
  -46.5013133688612        21.6642132312562     
  -45.0013089637262        22.3337807896955     
  -43.5013164455576        22.7732404522437     
  -42.0013120404225        23.7863844303738     
  -40.5013076352875        23.3495770472073     
  -39.0013151171189        23.5378977985320     
  -37.5013107119839        24.8683539440557     
  -36.0013181938153        24.2653028779417     
  -34.5013137886802        24.0200688172855     
  -33.0013093835452        24.5493345111105     
  -31.5013168653766        24.9088602679908     
  -30.0013124602415        25.7755880231562     
  -28.5013080551065        26.0663937413117     
  -27.0013155369379        25.5074299477658     
  -25.5013111318029        27.3428161951183     
  -24.0013186136342        27.0186021578491     
  -22.5013142084992        27.4448271691633     
  -21.0013098033642        27.6110931401729     
  -19.5013172851956        27.5218844289584     
  -18.0013128800605        28.0565007435417     
  -16.5013084749255        28.1671743443628     
  -15.0013159567569        27.6526737486979     
  -13.5013115516219        27.7231991204471     
  -12.0013071464868        27.9513634973291     
  -10.5013146283182        28.5960590644126     
  -9.00131022318318        29.4573559617965     
  -7.50131770501456        29.2871286592286     
  -6.00131329987953        28.5819195178602     
  -4.50130889474450        29.1012521653734     
  -3.00131637657588        29.8272010913971     
  -1.50131197144085        30.3654637329286     
 -1.307566305817888E-003   29.3802333236861     
   1.49868495186280        28.9390901695192     
   2.99868935699783        29.0351814342887     
   4.49869376213286        28.2367130978995     
   5.99868628030148        28.7577485533518     
   7.49869068543651        28.3588546495709     
   8.99868320360513        27.7995936818645     
   10.4986876087402        28.9028408654320     
   11.9986920138752        29.0234073940532     
   13.4986845320438        28.0457400671931     
   14.9986889371788        27.6235506809774     
   16.4986933423139        28.4181676402477     
   17.9986858604825        26.0016276047912     
   19.4986902656175        26.7887022838703     
   20.9986827837861        26.0401978390713     
   22.4986871889212        26.3661741191117     
   23.9986915940562        25.8334389169638     
   25.4986841122248        25.2300802755938     
   26.9986885173598        24.2765850949417     
   28.4986929224949        24.5672496553711     
   29.9986854406635        24.7989489188912     
   31.4986898457985        24.8839645027022     
   32.9986942509336        24.4079583619064     
   34.4986867691022        23.1523143253959     
   35.9986792872708        24.0110228358425     
   37.4986955793722        23.4407099611104     
   38.9986880975408        23.1702205544316     
   40.4986806157095        23.4731480065903     
   41.9986969078109        22.6437468118436     
   43.4986894259795        22.1036610068380     
   44.9986819441481        22.8457925517669     
   46.4986982362496        22.3926420756485     
   47.9986907544182        22.1717718385339     
   49.4986832725868        21.4240430182935     
   50.9986995646883        21.7786862037182     
   52.4986920828569        21.5386883517685     
   53.9986846010255        20.8861310422713     
   55.4987008931270        20.4711213837711     
   56.9986934112956        20.9243669556208     
   58.4986859294642        20.4736889685170     
   59.9986784476328        19.7610980210039     
   61.4986947397342        21.0979255805269     
   62.9986872579029        19.8657597885598     
   64.4986797760715        19.4411142579083     
   65.9986960681729        19.4259613474688     
   67.4986885863415        18.9013449433834     
   68.9986811045102        18.1506220934769     
   70.4986973966116        18.5425710371290     
   71.9986899147802        18.9125588103266     
   73.4986824329488        18.5482440918513     
   74.9986987250503        18.8428818708054     
   76.4986912432189        18.8694224950719     
   77.9986837613875        18.5553985597633     
   79.4987000534890        18.2123199067911     
   80.9986925716576        18.0059651415418     
   82.4986850898262        17.8709767509157     
   83.9987013819276        18.3564047984674     
   85.4986939000963        17.2154046095611     
   86.9986864182649        18.5564475845495     
   88.4986789364335        18.5067095453212     
   89.9986952285349        17.7530907332214     
   91.4986877467036        17.3114379253694     
   92.9986802648722        17.2812167991262     
   94.4986965569736        17.0943492294460     
   95.9986890751422        16.8699396480808     
   97.4986815933108        16.6046448457260     
   98.9986978854123        17.0867816894511     
   100.498690403581        16.6958119346575     
   101.998682921750        16.7581947344115     
   103.498699213851        15.8699396830657     
   104.998691732020        17.0756792628180     
   106.498684250188        17.1447633398893     
   107.998700542290        16.6145377735261     
   109.498693060458        16.4672612313670     
   110.998685578627        16.1004769956186     
   112.498701870728        16.8050249244802     
   113.998694388897        17.1846470839583     
   115.498686907066        15.6517915612604     
   116.998679425234        15.7928675645626     
   118.498695717336        15.0650627859071     
   119.998688235504        14.7226408878295     
   121.498680753673        14.5640212079673     
   122.998697045774        13.7859553635612     
   124.498689563943        13.5136695390826     
   125.998682082112        14.0760612365689     
   127.498698374213        14.0045388455115     
   128.998690892382        14.5363899545321     
   130.498683410550        13.7144314866330     
   131.998699702652        14.9107729335622     
   133.498692220820        14.1716354182994     
   134.998684738989        13.9307742754137     
   136.498701031090        13.2059605546828     
   137.998693549259        12.8144618298837     
   139.498686067428        13.6408541362563     
   140.998702359529        11.6710262987328     
   142.498694877698        11.0371426705406     
   143.998687395866        11.5977074898757     
   145.498679914035        10.7662944260630     
   146.998696206136        10.1520495522616     
   148.498688724305        10.7918447174399     
   149.998681242474        10.4427624034920     
   151.498697534575        10.0487547858436     
   152.998690052744        8.42285254764956     
   154.498682570912        8.72666409293554     
   155.998698863014        7.93495126814784     
   157.498691381182        9.45240573998233     
   158.998683899351        9.43885162652588     
   160.498700191452        7.60405452694640     
   161.998692709621        6.89437737207614     
   163.498685227790        7.51434136259467     
   164.998701519891        0.000000    

  -218.447495054488        0.000000    
  -216.947502536319        6.50385635026481     
  -215.447510018151        6.02266266303131     
  -213.947493726049        7.18912584840493     
  -212.447501207881        5.57330561507058     
  -210.947508689712        6.96828755751250     
  -209.447492397611        7.53267032187355     
  -207.947499879442        6.39629044822626     
  -206.447507361273        5.59314830522906     
  -204.947491069172        6.48563734542528     
  -203.447498551003        5.89444204244095     
  -201.947506032835        6.68929451223342     
  -200.447489740733        5.49973903725720     
  -198.947497222565        5.26471105167274     
  -197.447504704396        5.23119612132905     
  -195.947500299261        5.40954556516870     
  -194.447495894126        7.10325886062435     
  -192.947503375957        7.64971905137088     
  -191.447498970822        7.12787082458976     
  -189.947494565687        6.45784338913724     
  -188.447502047519        7.57126507302181     
  -186.947497642384        6.93144836271688     
  -185.447505124215        8.29069102622442     
  -183.947500719080        7.69382564025940     
  -182.447508200911        7.86900535021055     
  -180.947503795776        8.48016035567903     
  -179.447499390641        8.51970532120521     
  -177.947506872473        7.42497737788143     
  -176.447502467338        7.61020528913155     
  -174.947498062203        8.23386909794722     
  -173.447505544034        7.31917000393713     
  -171.947501138899        7.27688806439354     
  -170.447496733764        6.72830159252925     
  -168.947504215595        7.79032700537037     
  -167.447499810460        8.76509242655397     
  -165.947495405325        9.08296625311070     
  -164.447502887157        8.51718082671250     
  -162.947498482022        9.51345051307900     
  -161.447494076887        9.81675611935688     
  -159.947501558718        9.42385027490823     
  -158.447509040549        9.96437144005891     
  -156.947492748448        9.50118093493094     
  -155.447500230279        9.62525411864504     
  -153.947507712111        10.4477475000329     
  -152.447503306976        9.21790338119410     
  -150.947498901841        9.75889408151823     
  -149.447506383672        10.8062361190933     
  -147.947501978537        9.74109112050328     
  -146.447497573402        10.5374799807051     
  -144.947505055233        9.88502816803480     
  -143.447500650098        11.4313917421943     
  -141.947496244963        12.0624031821262     
  -140.447503726795        9.88447839583803     
  -138.947499321660        9.98580586931411     
  -137.447494916525        10.6038850327202     
  -135.947502398356        10.7228743094850     
  -134.447497993221        10.9921371298168     
  -132.947493588086        10.5258448693895     
  -131.447501069917        10.9008340837069     
  -129.947508551749        10.8121379979191     
  -128.447492259647        11.0655183452476     
  -126.947499741479        11.0298463019670     
  -125.447507223310        11.6227518422445     
  -123.947502818175        11.2987279964380     
  -122.447498413040        11.8946699136996     
  -120.947505894871        11.3464185057011     
  -119.447501489736        11.9969223417499     
  -117.947497084601        11.2022080579420     
  -116.447504566433        11.6400711523134     
  -114.947500161298        11.6338602123608     
  -113.447495756163        11.7561600092726     
  -111.947503237994        12.6487337441045     
  -110.447498832859        12.5342221390017     
  -108.947494427724        12.4188814179914     
  -107.447501909555        12.8086758489805     
  -105.947497504420        13.0706437866095     
  -104.447504986252        11.8031982212536     
  -102.947500581117        12.5475905186079     
  -101.447496175982        12.1621088276218     
  -99.9475036578130        12.5426113655502     
  -98.4474992526780        13.3370054442002     
  -96.9474948475429        13.0881146555002     
  -95.4475023293743        12.8312937743295     
  -93.9474979242393        13.2354714346827     
  -92.4474935191043        13.3167069631732     
  -90.9475010009356        13.6550991796357     
  -89.4474965958006        13.9193241550130     
  -87.9475040776320        14.6676666398946     
  -86.4474996724970        14.6537514598333     
  -84.9474952673619        15.5104154120563     
  -83.4475027491933        14.6507440573299     
  -81.9474983440583        15.6620247534743     
  -80.4474939389233        14.4395973587439     
  -78.9475014207546        15.3104365184187     
  -77.4474970156196        15.8941534336562     
  -75.9475044974510        15.2546688154755     
  -74.4475000923160        15.3819975421169     
  -72.9474956871809        14.9552613912469     
  -71.4475031690123        16.0425503224001     
  -69.9474987638773        15.6021649623422     
  -68.4474943587422        16.2696641886251     
  -66.9475018405736        15.9339019634822     
  -65.4474974354386        17.0618562067464     
  -63.9474930303036        16.2206527402189     
  -62.4475005121350        17.2661560126765     
  -60.9474961069999        18.2548351280506     
  -59.4475035888313        18.3433172484428     
  -57.9474991836963        18.5795380168136     
  -56.4474947785612        18.3773214017481     
  -54.9475022603926        18.8767909283793     
  -53.4474978552576        18.0782943604448     
  -51.9474934501226        18.5150289359419     
  -50.4475009319540        18.1858936945764     
  -48.9474965268189        18.2025488203967     
  -47.4474921216839        18.6629964080241     
  -45.9474996035153        19.1619473657453     
  -44.4474951983802        19.6002064446855     
  -42.9475026802116        18.9507679780017     
  -41.4474982750766        18.9069229023744     
  -39.9474938699416        19.6207961563897     
  -38.4475013517729        18.9812223859609     
  -36.9474969466379        19.4101947723881     
  -35.4474925415029        20.1729323736001     
  -33.9475000233343        20.7245485360298     
  -32.4474956181992        19.8955277242084     
  -30.9475031000306        20.9548362222880     
  -29.4474986948956        20.4564974433371     
  -27.9474942897606        22.1034173240264     
  -26.4475017715919        21.1806826407188     
  -24.9474973664569        21.7378708186562     
  -23.4474929613219        22.4024220772677     
  -21.9475004431533        22.7909639191707     
  -20.4474960380182        23.3721295942411     
  -18.9474916328832        23.2803087221566     
  -17.4474991147146        23.4381498057185     
  -15.9475065965460        24.1327438860770     
  -14.4474903044445        24.5699836576469     
  -12.9474977862759        24.0507371906402     
  -11.4475052681073        25.4169225854703     
  -9.94748897600583        25.6830301591539     
  -8.44749645783722        25.8495546716830     
  -6.94750393966860        26.0920131256809     
  -5.44748764756715        25.9622995764022     
  -3.94749512939854        27.2684067570924     
  -2.44750261122992        26.5703089933827     
 -0.947486319128475        26.9365850613167     
  0.552506199040141        26.8677714127314     
   2.05249871720876        26.3662840735510     
   3.55251500931020        25.1624137192677     
   5.05250752747882        24.4398674373808     
   6.55250004564744        24.7675777286472     
   8.05249256381605        24.8620493942425     
   9.55250885591750        24.4563100836764     
   11.0525013740861        24.5030050595021     
   12.5524938922547        24.1673245572534     
   14.0525101843562        23.9506949954079     
   15.5525027025248        23.2747441360029     
   17.0524952206934        22.5836567107373     
   18.5525115127949        22.1220204264683     
   20.0525040309635        22.5754041843026     
   21.5524965491321        22.2544620345396     
   23.0525128412335        22.5853699197721     
   24.5525053594022        21.8144615150195     
   26.0524978775708        21.6991237657507     
   27.5525141696722        21.8062119603264     
   29.0525066878408        21.0830951040515     
   30.5524992060095        21.5233081030963     
   32.0525154981109        20.4048753199318     
   33.5525080162795        20.9198588236073     
   35.0525005344481        20.6049775408460     
   36.5524930526167        20.9575479365017     
   38.0525093447182        20.2538781572842     
   39.5525018628868        20.2282156826618     
   41.0524943810554        18.4443475477585     
   42.5525106731569        19.9333178763174     
   44.0525031913255        19.3797656242326     
   45.5524957094941        19.1609102279255     
   47.0525120015956        19.0820045448526     
   48.5525045197642        18.7921111513696     
   50.0524970379328        17.8167157209659     
   51.5525133300342        17.2420953067786     
   53.0525058482028        17.8439829360546     
   54.5524983663715        17.6158869092295     
   56.0525146584729        18.5970445466036     
   57.5525071766415        17.8049922003376     
   59.0524996948101        17.8281004630513     
   60.5525159869116        17.0769080779713     
   62.0525085050802        16.1497841323144     
   63.5525010232488        15.6098469143889     
   65.0524935414174        16.0397628287754     
   66.5525098335189        16.3528551230911     
   68.0525023516875        15.6351037462824     
   69.5524948698561        17.2189840723233     
   71.0525111619576        15.7488204105061     
   72.5525036801262        15.1949917864522     
   74.0524961982948        14.9957023368667     
   75.5525124903963        15.7652422546106     
   77.0525050085649        15.0859897902834     
   78.5524975267335        14.8339073511005     
   80.0525138188349        15.2506658795348     
   81.5525063370035        14.6905386491508     
   83.0524988551722        14.0467494632566     
   84.5525151472736        14.3098020865711     
   86.0525076654422        14.1622031104479     
   87.5525001836108        14.1042467198133     
   89.0525164757123        14.3774062363235     
   90.5525089938809        13.9149913557542     
   92.0525015120495        13.7866670956754     
   93.5524940302181        13.2856745514721     
   95.0525103223196        13.1157117339070     
   96.5525028404882        13.6251276796872     
   98.0524953586568        12.7544014461934     
   99.5525116507583        12.8193964068174     
   101.052504168927        12.7237390163220     
   102.552496687095        13.4260878563965     
   104.052512979197        12.6797795286429     
   105.552505497366        12.8544585001337     
   107.052498015534        13.3124989770618     
   108.552514307636        12.3165405806283     
   110.052506825804        11.9522548366336     
   111.552499343973        12.6715314598206     
   113.052515636074        11.7485835540529     
   114.552508154243        11.9063458864622     
   116.052500672412        11.7345792217434     
   117.552516964513        11.3342247069640     
   119.052509482682        12.4510044588612     
   120.552502000850        11.6980364581728     
   122.052518292952        11.7142733113624     
   123.552510811120        11.9011468245258     
   125.052503329289        11.2125868654945     
   126.552495847458        12.1019355177505     
   128.052512139559        11.1470777935730     
   129.552504657728        10.8917338679796     
   131.052497175896        10.3160042512386     
   132.552513467998        10.6605947777519     
   134.052505986166        10.5181138836064     
   135.552498504335        9.46514262449764     
   137.052514796436        9.92252560359573     
   138.552507314605        10.1557724015562     
   140.052499832774        9.23484825182086     
   141.552516124875        9.69048013217872     
   143.052508643044        9.50453751707281     
   144.552501161212        10.0732330214369     
   146.052517453314        9.98397230474436     
   147.552509971482        9.36093256166555     
   149.052502489651        9.85367777998201     
   150.552518781752        9.08857838713010     
   152.052511299921        9.19696969039920     
   153.552503818090        9.80303187369360     
   155.052496336258        9.05539517744297     
   156.552512628360        8.14882899726799     
   158.052505146528        8.74411490257040     
   159.552497664697        8.51103155039815     
   161.052513956798        7.99596483795766     
   162.552506474967        8.62398521996499     
   164.052498993136        8.58374783864505     
   165.552515285237        9.06412318253430     
   167.052507803406        8.43575436382389     
   168.552500321574        8.97758606702199     
   170.052516613676        8.34188150416178     
   171.552509131844        6.94894820608821     
   173.052501650013        7.18388369621524     
   174.552517942114        6.72008844167083     
   176.052510460283        8.00503310746267     
   177.552502978452        7.60274696064058     
   179.052519270553        7.08126128633516     
   180.552511788722        7.24415507355943     
   182.052504306890        8.16955912376301     
   183.552496825059        6.63710107150466     
   185.052489343228        7.21248150860720     
   186.552529409262        8.21257879815982     
   188.052521927430        7.62555507745229     
   189.552514445599        7.47305569942387     
   191.052506963768        7.41138017417172     
   192.552499481936        7.75264755063618     
   194.052492000105        7.26702039639702     
   195.552532066139        8.10144903500252     
   197.052524584308        7.51186293009682     
   198.552517102476        8.29493838791212     
   200.052509620645        6.24194413279087     
   201.552502138814        6.98404744617461     
   203.052494656982        5.57059947287232     
   204.552487175151        6.32888911983835     
   206.052527241185        6.31534615041292     
   207.552519759354        6.05463265920856     
   209.052512277522        6.83912155162432     
   210.552504795691        6.04858553651185     
   212.052497313860        6.74650202398375     
   213.552489832028        7.07012394173828     
   215.052529898062        5.11471610888121     
   216.552522416231        5.49198502047662     
   218.052514934400        4.97547404161652     
   219.552507452568        8.07755251782829     
   221.052499970737        9.22317673667063     
   222.552492488906        9.59613105092455     
   224.052532554940        5.11447985542368     
   225.552525073108        3.19264750214549     
   227.052517591277        5.70347235494395     
   228.552510109446        4.70849909085225     
   230.052502627614        4.32751141610697     
   231.552495145783        4.27779417906985     
   233.052487663952        3.35067654836379     
   234.552527729986        3.81318095264890     
   236.052520248154        5.59655280670430     
   237.552512766323        3.16594528942926     
   239.052505284492        4.42940166314933     
   240.552497802660        0.000000    

  -268.829688992950        0.000000    
  -267.329696474781       0.972109148524133     
  -265.829703956612        1.98656357183479     
  -264.329687664511        1.81072933579533     
  -262.829695146342        1.85251443728947     
  -261.329702628174        1.87605694574510     
  -259.829686336072        2.13781648999412     
  -258.329693817904        2.11801633288734     
  -256.829701299735        2.83204448893375     
  -255.329685007634        2.87277276481992     
  -253.829692489465        2.93995919914308     
  -252.329699971296        2.68802739011277     
  -250.829683679195        1.93344536226559     
  -249.329691161026        2.56190314749027     
  -247.829698642858        3.18113534663878     
  -246.329706124689        2.65051992492393     
  -244.829689832588        1.99723769620913     
  -243.329697314419        2.83695417753147     
  -241.829704796250        3.14690385510079     
  -240.329688504149        2.74793732938436     
  -238.829695985980        2.69566699484159     
  -237.329703467812        2.96604347533949     
  -235.829687175710        3.61717193432670     
  -234.329694657542        2.82546263848215     
  -232.829702139373        3.48933355400016     
  -231.329685847272        3.88228991805609     
  -229.829693329103        3.73584323473988     
  -228.329700810934        3.90869532807960     
  -226.829708292766        4.62204221236325     
  -225.329692000664        3.94725961887641     
  -223.829699482496        3.99308053120282     
  -222.329683190394        4.18435519368194     
  -220.829690672226        4.40956714528025     
  -219.329698154057        4.43245884232458     
  -217.829705635888        4.15795386980314     
  -216.329689343787        4.52446210504999     
  -214.829696825618        5.40199102654330     
  -213.329680533517        4.33096866599568     
  -211.829688015348        5.07083648675770     
  -210.329695497180        4.66314399902229     
  -208.829702979011        4.98788069134607     
  -207.329686686910        5.39589375570702     
  -205.829694168741        4.43468356238297     
  -204.329701650572        4.53717335829396     
  -202.829685358471        3.67077286617272     
  -201.329692840302        4.05051760999207     
  -199.829700322134        5.34814046840253     
  -198.329695916999        4.78464514037802     
  -196.829691511864        5.11371500342832     
  -195.329698993695        5.30568319610431     
  -193.829694588560        4.87166813564260     
  -192.329690183425        5.85332948321859     
  -190.829697665256        5.34324861025443     
  -189.329693260121        6.10141084379919     
  -187.829688854986        5.68988778113606     
  -186.329696336818        5.65733346626590     
  -184.829691931683        6.00754281321719     
  -183.329687526548        6.78868515311900     
  -181.829695008379        5.87366213927406     
  -180.329702490210        5.93255128530463     
  -178.829686198109        7.43016455285144     
  -177.329693679940        7.47302449613703     
  -175.829701161772        6.87549864060050     
  -174.329696756637        7.42608435162897     
  -172.829692351502        7.73590030082610     
  -171.329699833333        7.25161117324420     
  -169.829695428198        7.39791892764041     
  -168.329691023063        7.91396408600406     
  -166.829698504894        8.74580879528476     
  -165.329694099759        7.86505144800625     
  -163.829689694624        8.32787197130451     
  -162.329697176456        8.85268153859414     
  -160.829692771321        8.34499068881511     
  -159.329688366186        7.71335369727555     
  -157.829695848017        8.28824008233641     
  -156.329691442882        8.64558532381462     
  -154.829698924713        7.56092935572264     
  -153.329694519578        8.62402533847664     
  -151.829690114443        8.27405001617668     
  -150.329697596275        9.02527434747890     
  -148.829693191140        8.66078875386136     
  -147.329688786005        8.99226572761100     
  -145.829696267836        9.52874532418006     
  -144.329691862701        9.97145681497856     
  -142.829687457566        9.39571159659411     
  -141.329694939397        9.68486354054691     
  -139.829690534262        9.21543312098567     
  -138.329698016094        9.08585478594992     
  -136.829693610959        9.05476145354589     
  -135.329689205823        10.2118008748251     
  -133.829696687655        9.86956916821010     
  -132.329692282520        9.54791751513912     
  -130.829687877385        9.24772332232076     
  -129.329695359216        9.98036461043694     
  -127.829690954081        10.1964733745664     
  -126.329698435913        10.7572952495503     
  -124.829694030778        10.5011712417858     
  -123.329689625642        10.4095175301666     
  -121.829697107474        10.7544089455173     
  -120.329692702339        9.98969513613851     
  -118.829688297204        10.5539857765098     
  -117.329695779035        10.4274690782617     
  -115.829691373900        11.2905155885150     
  -114.329686968765        12.0933724443182     
  -112.829694450597        12.5113991634820     
  -111.329690045461        12.2063313144329     
  -109.829697527293        12.2861916694961     
  -108.329693122158        11.8696508211344     
  -106.829688717023        12.1095216311305     
  -105.329696198854        11.9846393907647     
  -103.829691793719        11.0991227993071     
  -102.329687388584        11.8767265378938     
  -100.829694870416        12.8934536934632     
  -99.3296904652805        11.9527808348976     
  -97.8296860601454        12.7890593826516     
  -96.3296935419768        12.9757040717115     
  -94.8296891368418        13.3402505860319     
  -93.3296966186732        12.8827405649803     
  -91.8296922135382        12.8132612462757     
  -90.3296878084031        13.3568551922450     
  -88.8296952902345        14.3926601859775     
  -87.3296908850995        14.5368624614472     
  -85.8296864799644        14.2427417655323     
  -84.3296939617958        13.9879208664612     
  -82.8296895566608        14.0526127094415     
  -81.3296970384922        14.6706012347287     
  -79.8296926333571        14.5529841596496     
  -78.3296882282221        14.4958063653153     
  -76.8296957100535        15.1673545895337     
  -75.3296913049185        14.4261026801196     
  -73.8296868997834        14.2275472507103     
  -72.3296943816148        15.6837496704713     
  -70.8296899764798        15.2646583248778     
  -69.3296855713448        16.6017087650211     
  -67.8296930531761        15.5422323635409     
  -66.3297005350075        15.3462326319112     
  -64.8296842429061        16.0604476362110     
  -63.3296917247375        17.3036846515242     
  -61.8296992065688        17.3514999739347     
  -60.3296829144674        17.2813193242115     
  -58.8296903962988        17.2228755679539     
  -57.3296978781302        17.7459540957591     
  -55.8296815860287        18.6099953965144     
  -54.3296890678601        17.8516262554604     
  -52.8296965496915        18.2082931969175     
  -51.3296802575900        17.3798295866469     
  -49.8296877394214        18.2889016879296     
  -48.3296952212528        18.5599185787432     
  -46.8296789291513        19.0162829934064     
  -45.3296864109827        19.3020204062561     
  -43.8296938928141        19.2549777366627     
  -42.3297013746455        18.6416370152444     
  -40.8296850825441        19.4283105092069     
  -39.3296925643754        18.7289601564110     
  -37.8297000462068        19.2595155860922     
  -36.3296837541054        19.8704432533280     
  -34.8296912359368        20.4275214768261     
  -33.3296987177681        20.6005763915303     
  -31.8296824256667        20.1473947121250     
  -30.3296899074981        19.9061947906965     
  -28.8296973893295        21.1713766318854     
  -27.3296810972280        20.8906243155767     
  -25.8296885790594        21.3866614806551     
  -24.3296960608908        22.0174894155430     
  -22.8296797687893        21.8143040127145     
  -21.3296872506207        23.1023920381881     
  -19.8296947324521        23.1020517737744     
  -18.3296784403507        23.1952738220252     
  -16.8296859221820        23.8675575522907     
  -15.3296934040134        24.1050323956184     
  -13.8297008858448        23.6523529405443     
  -12.3296845937434        24.8721057678309     
  -10.8296920755747        24.7076272993962     
  -9.32969955740613        25.7009081566444     
  -7.82968326530468        25.6709381425667     
  -6.32969074713607        26.0896713932969     
  -4.82969822896745        26.9521926482216     
  -3.32968193686600        27.2318691940696     
  -1.82968941869739        26.1835308801217     
 -0.329696900528772        26.8475308806657     
   1.17031939157268        26.6778058024289     
   2.67031190974129        25.1281762842465     
   4.17030442790991        24.7994704595427     
   5.67032072001136        24.5298146263838     
   7.17031323817997        24.0035919959614     
   8.67030575634859        24.0128385699627     
   10.1703220484500        24.0522394060210     
   11.6703145666187        24.2370386435448     
   13.1703070847873        23.7809015671142     
   14.6702996029559        23.2497562467246     
   16.1703158950573        23.3567017977032     
   17.6703084132259        22.4724065920450     
   19.1703009313946        22.5935288363462     
   20.6703172234960        22.2852106449176     
   22.1703097416646        22.5593538078987     
   23.6703022598332        21.5933981147006     
   25.1703185519347        21.7399005181718     
   26.6703110701033        21.6946646674737     
   28.1703035882719        21.7905330516230     
   29.6703198803734        21.5083097232203     
   31.1703123985420        20.8996717828905     
   32.6703049167106        20.8610792605484     
   34.1703212088120        20.8090455509309     
   35.6703137269807        20.5753299607324     
   37.1703062451493        20.9257711035288     
   38.6703225372507        19.9310608385690     
   40.1703150554193        18.8967981787291     
   41.6703075735880        19.4681511630227     
   43.1703000917566        19.7405885463230     
   44.6703163838580        19.0924784481364     
   46.1703089020266        19.1362284280324     
   47.6703014201953        18.5806553916568     
   49.1703177122967        18.1019345649056     
   50.6703102304653        17.1692490048365     
   52.1703027486339        16.9925165598972     
   53.6703190407354        17.1891165833310     
   55.1703115589040        17.3560125635606     
   56.6703040770726        17.5099562080086     
   58.1703203691741        17.4110729920019     
   59.6703128873427        17.2650594400245     
   61.1703054055113        17.5473214010682     
   62.6703216976127        17.2280984038232     
   64.1703142157814        15.4121176291456     
   65.6703067339500        16.2744070882252     
   67.1703230260514        15.7852613919268     
   68.6703155442200        15.7203555835510     
   70.1703080623887        15.0876613949357     
   71.6703243544901        15.1152346994097     
   73.1703168726587        14.5521134393596     
   74.6703093908273        14.6541660177871     
   76.1703019089960        14.4626238985636     
   77.6703182010974        13.6712832844118     
   79.1703107192660        14.4007522383655     
   80.6703032374346        14.0319160150395     
   82.1703195295361        14.3090918403277     
   83.6703120477047        13.6045587701742     
   85.1703045658733        13.2696479490010     
   86.6703208579748        13.3557066141150     
   88.1703133761434        14.1642030925475     
   89.6703058943120        13.4911645399145     
   91.1703221864134        13.7197553617168     
   92.6703147045821        13.6768181531495     
   94.1703072227507        13.3360589444993     
   95.6703235148521        13.4408915871975     
   97.1703160330207        13.4301888598102     
   98.6703085511894        12.3571033676539     
   100.170324843291        12.7892243143107     
   101.670317361459        11.9019789121749     
   103.170309879628        12.1208313367404     
   104.670302397797        12.6006375921125     
   106.170318689898        11.8634822284996     
   107.670311208067        12.2054234473728     
   109.170303726235        11.1854474352947     
   110.670320018337        10.9769344427055     
   112.170312536505        10.3208474471179     
   113.670305054674        11.2123179228793     
   115.170321346775        11.1219985232403     
   116.670313864944        10.3309506256366     
   118.170306383113        10.6611876402019     
   119.670322675214        10.8511532505044     
   121.170315193383        10.2540746420793     
   122.670307711551        9.82617654024198     
   124.170324003653        10.4645868738327     
   125.670316521821        10.3780430719018     
   127.170309039990        10.6233930304805     
   128.670325332091        10.3197984223317     
   130.170317850260        9.80374954929100     
   131.670310368429        8.56331860098745     
   133.170302886597        8.56277997282170     
   134.670295404766        8.97302741540126     
   136.170335470800        9.33569876076947     
   137.670327988969        9.22936093094883     
   139.170320507137        9.18946232817176     
   140.670313025306        9.27139844474548     
   142.170305543475        9.48347084084112     
   143.670298061643        9.61735894413826     
   145.170338127678        8.34693420782421     
   146.670330645846        9.46231204061970     
   148.170323164015        9.13390116127012     
   149.670315682183        9.04253719445729     
   151.170308200352        7.45114802031821     
   152.670300718521        7.74555994691033     
   154.170293236689        7.76992971393501     
   155.670333302724        8.27735905045288     
   157.170325820892        8.24310898552986     
   158.670318339061        8.02450693019454     
   160.170310857229        7.70086346731339     
   161.670303375398        8.12970509711000     
   163.170295893567        7.94060872122670     
   164.670335959601        7.63246214787569     
   166.170328477770        7.24386458581763     
   167.670320995938        6.68091345797437     
   169.170313514107        6.41207559669201     
   170.670306032275        6.36707599945144     
   172.170298550444        6.88558918921732     
   173.670338616478        6.70121862542000     
   175.170331134647        6.68791265238750     
   176.670323652816        7.05961363461987     
   178.170316170984        6.26229907690837     
   179.670308689153        5.57477514129382     
   181.170301207321        6.18125151107429     
   182.670293725490        5.82245865996717     
   184.170333791524        6.11670008288475     
   185.670326309693        6.00409113534399     
   187.170318827861        5.25538981266368     
   188.670311346030        6.04322785786730     
   190.170303864199        6.04317696679233     
   191.670296382367        6.73770418296472     
   193.170336448402        6.05522106404618     
   194.670328966570        5.98218828531844     
   196.170321484739        5.57058535709970     
   197.670314002907        5.42076537559510     
   199.170306521076        5.90782082314275     
   200.670299039245        5.72196587441416     
   202.170339105279        5.09919655982133     
   203.670331623448        5.34464310000217     
   205.170324141616        5.07641741749026     
   206.670316659785        5.43862962878064     
   208.170309177953        4.66512540773685     
   209.670301696122        4.77416046453094     
   211.170294214291        5.27348214701734     
   212.670334280325        4.31784694094263     
   214.170326798494        5.21816837760424     
   215.670319316662        4.06175933701280     
   217.170311834831        4.63927385605481     
   218.670304352999        4.03420646326239     
   220.170296871168        5.16031971260281     
   221.670336937202        4.36967002837398     
   223.170329455371        3.79208790221048     
   224.670321973540        3.89022223933291     
   226.170314491708        4.21692288138932     
   227.670307009877        3.64525749275964     
   229.170299528045        4.32850917835056     
   230.670339594080        3.58480372477450     
   232.170332112248        3.69987847491128     
   233.670324630417        3.03975362541912     
   235.170317148586        3.76875341566714     
   236.670309666754        3.24086772434953     
   238.170302184923        2.81196888852704     
   239.670294703091        2.79668763599704     
   241.170334769126        2.05142053220801     
   242.670327287294        2.93757976278742     
   244.170319805463        2.80416639521154     
   245.670312323631        2.69686757844966     
   247.170304841800        2.58094866796345     
   248.670297359969        2.23732321453611     
   250.170337426003        2.06392822115210     
   251.670329944172        2.98538486983613     
   253.170322462340        1.84168373927936     
   254.670314980509        2.71801672051087     
   256.170307498677        3.71933483866123     
   257.670300016846        3.49238627556301     
   259.170340082880        2.89385671429968     
   260.670332601049        1.76196212740228     
   262.170325119218        2.58660444943766     
   263.670317637386        2.46199412342862     
   265.170310155555        1.83088331588685     
   266.670302673723        1.94650523794650     
   268.170295191892        2.52935737637723     
   269.670335257926        2.53025242780162     
   271.170327776095        1.95586938147496     
   272.670320294264        2.10250421318148     
   274.170312812432       0.976112827400299     
   275.670305330601        1.83012719338245     
   277.170297848769        1.00220211841067     
   278.670337914804        2.01231501297154     
   280.170330432972       0.948169448229725     
   281.670322951141        1.93798228302585     
   283.170315469310        1.86724108854260     
   284.670307987478        1.77462063223278     
   286.170300505647        0.000000    

  -301.648176833009        0.000000    
  -300.148184314840       0.875755906158749     
  -298.648191796671       0.881172090966129     
  -297.148175504570        0.00000000000000     
  -295.648182986401       0.929120584547241     
  -294.148190468233       0.910202941829966     
  -292.648174176131        1.62774768973023     
  -291.148181657963        0.00000000000000     
  -289.648189139794       0.932785206279761     
  -288.148172847693        0.00000000000000     
  -286.648180329524       0.826631810172428     
  -285.148187811355       0.948704268851543     
  -283.648171519254       0.992049070353230     
  -282.148179001085       0.817071996032712     
  -280.648186482917       0.894661011841133     
  -279.148193964748       0.986858830774689     
  -277.648177672647        1.98627754170539     
  -276.148185154478       0.955779799877130     
  -274.648192636309       0.994327467494348     
  -273.148176344208        1.95017793910150     
  -271.648183826039        1.03689878037663     
  -270.148191307871       0.815475334988967     
  -268.648175015769       0.991714563688915     
  -267.148182497601       0.907136383095277     
  -265.648189979432        1.86965971474066     
  -264.148173687331        1.81307441138869     
  -262.648181169162        1.88779699668607     
  -261.148188650993        1.77729037059639     
  -259.648196132825        1.08867534147849     
  -258.148179840723        1.94029504092926     
  -256.648187322555        1.73625934853429     
  -255.148171030453        2.35415184942089     
  -253.648178512285        2.92247272860897     
  -252.148185994116        2.71678994842991     
  -250.648193475947        1.72741916019740     
  -249.148177183846        2.76939311803234     
  -247.648184665677        2.66190596714631     
  -246.148168373576        2.59671672891497     
  -244.648175855407        1.97150538565895     
  -243.148183337239        2.85549561633505     
  -241.648190819070        2.47926885737344     
  -240.148174526969        2.71072759555748     
  -238.648182008800        2.36755811873253     
  -237.148189490631        2.73429016326894     
  -235.648173198530        3.42616658593044     
  -234.148180680361        2.85719006625096     
  -232.648188162193        3.51906508581410     
  -231.148195644024        3.88808667152264     
  -229.648179351923        3.74181829270269     
  -228.148186833754        3.84377911860814     
  -226.648170541653        4.56584732156452     
  -225.148178023484        3.89948812965460     
  -223.648185505315        3.87278108785827     
  -222.148192987147        3.86764257515702     
  -220.648176695045        4.42884409013085     
  -219.148184176877        4.48667715348886     
  -217.648167884775        4.29451282586699     
  -216.148175366607        4.53862579700298     
  -214.648182848438        5.39970798605593     
  -213.148190330269        4.60677526133973     
  -211.648174038168        5.04241177831418     
  -210.148181519999        4.61926734864039     
  -208.648189001831        4.92161865439565     
  -207.148172709729        5.24668446710208     
  -205.648180191561        4.42254176912389     
  -204.148187673392        4.53120275794356     
  -202.648195155223        3.67963348523314     
  -201.148178863122        4.05619995140687     
  -199.648186344953        5.34431657989342     
  -198.148181939818        4.82241189002182     
  -196.648177534683        5.08209864450196     
  -195.148185016515        5.26302830298940     
  -193.648180611380        4.86307831653586     
  -192.148176206245        5.84835627364408     
  -190.648183688076        5.35404606190534     
  -189.148179282941        6.07055153604649     
  -187.648186764772        5.68284438206657     
  -186.148182359637        5.65133537730566     
  -184.648177954502        6.01015831729653     
  -183.148185436334        6.78336053509980     
  -181.648181031199        5.87181148719009     
  -180.148176626064        6.54918135321102     
  -178.648184107895        7.27932266370273     
  -177.148179702760        7.46611593984282     
  -175.648175297625        6.87769847232295     
  -174.148182779456        7.43157315837180     
  -172.648178374321        7.73576657245391     
  -171.148185856153        7.24986230331017     
  -169.648181451018        7.39594940589227     
  -168.148177045883        8.67879156449919     
  -166.648184527714        8.58280059600873     
  -165.148180122579        7.88937218129447     
  -163.648175717444        8.38137595008069     
  -162.148183199275        8.84718976010971     
  -160.648178794140        8.30211885856310     
  -159.148186275972        7.66442100002192     
  -157.648181870837        8.17214379602320     
  -156.148177465702        8.55470946556028     
  -154.648184947533        8.33026125155423     
  -153.148180542398        8.61476984925058     
  -151.648176137263        8.27150694829894     
  -150.148183619094        9.04151491534547     
  -148.648179213959        8.66101832090028     
  -147.148174808824        8.98862683001674     
  -145.648182290656        9.52118818528075     
  -144.148177885521        9.97176736197619     
  -142.648185367352        9.39538916263006     
  -141.148180962217        9.68559384604613     
  -139.648176557082        9.21552375910460     
  -138.148184038913        9.08548703292641     
  -136.648179633778        9.60323128455222     
  -135.148175228643        10.2115245028559     
  -133.648182710475        9.86939234958466     
  -132.148178305339        9.54790859991430     
  -130.648173900204        9.24733922471843     
  -129.148181382036        9.98044559039565     
  -127.648176976901        10.1961383107005     
  -126.148184458732        10.7573457691576     
  -124.648180053597        10.5013941224061     
  -123.148175648462        10.4093236240269     
  -121.648183130294        10.7540515935894     
  -120.148178725158        9.98963495837103     
  -118.648174320023        10.5523877224622     
  -117.148181801855        10.4234594559024     
  -115.648177396720        11.2374165095324     
  -114.148184878551        12.0698778551960     
  -112.648180473416        12.4969520416735     
  -111.148176068281        12.2149085036378     
  -109.648183550113        12.2917993459031     
  -108.148179144977        11.8703566097654     
  -106.648174739842        12.1062066533711     
  -105.148182221674        11.9849358219897     
  -103.648177816539        11.0996175942842     
  -102.148173411404        11.8769843364780     
  -100.648180893235        12.8936780599543     
  -99.1481883750665        11.9526827674246     
  -97.6481720829651        12.7889598293079     
  -96.1481795647965        12.9755614281145     
  -94.6481870466279        13.3401852077166     
  -93.1481707545264        12.8827331356263     
  -91.6481782363578        12.8132597604049     
  -90.1481857181892        13.3568566781158     
  -88.6481694260877        14.3926260109490     
  -87.1481769079191        14.5368669190596     
  -85.6481843897505        14.2427402796615     
  -84.1481680976490        13.9879208664612     
  -82.6481755794804        14.0526067659583     
  -81.1481830613118        14.6706027205995     
  -79.6481667692104        14.5529841596496     
  -78.1481742510418        14.6566221622229     
  -76.6481817328731        15.1673456743089     
  -75.1481892147045        14.4260982225072     
  -73.6481729226031        14.9330357357896     
  -72.1481804044345        15.6837348117632     
  -70.6481878862658        15.2646716977150     
  -69.1481715941644        16.6017072791503     
  -67.6481790759958        15.4241398098051     
  -66.1481865578272        15.5285608662911     
  -64.6481702657257        16.8085360371854     
  -63.1481777475571        17.3036831656534     
  -61.6481852293885        17.3515014598055     
  -60.1481689372870        17.2802168080764     
  -58.6481764191184        17.2228503081503     
  -57.1481839009498        17.7459466664051     
  -55.6481676088484        18.6099939106436     
  -54.1481750906797        17.8516217978480     
  -52.6481825725111        18.2082813099511     
  -51.1481662804097        18.0954933149787     
  -49.6481737622411        18.2888675129011     
  -48.1481812440724        18.8316902919242     
  -46.6481887259038        19.0161002312978     
  -45.1481724338024        19.3019223387832     
  -43.6481799156338        18.5027571289877     
  -42.1481873974652        18.8575563308466     
  -40.6481711053637        19.4283060515945     
  -39.1481785871951        18.7289244955117     
  -37.6481860690265        19.2594442642937     
  -36.1481697769250        19.8474850635652     
  -34.6481772587564        20.4276329171362     
  -33.1481847405878        20.5989166738443     
  -31.6481684484863        20.1477186319599     
  -30.1481759303177        19.9061992483089     
  -28.6481834121491        21.1711626664899     
  -27.1481671200477        20.8905797394526     
  -25.6481746018790        21.6914254691252     
  -24.1481820837104        22.0137999983414     
  -22.6481657916090        22.3604937749750     
  -21.1481732734404        23.1023846088341     
  -19.6481807552717        23.1254364084573     
  -18.1481882371031        23.1952871948624     
  -16.6481719450017        23.8675545805491     
  -15.1481794268331        24.1050175369104     
  -13.6481869086645        24.4540708763777     
  -12.1481706165630        24.8720879373813     
  -10.6481780983944        25.5850042906000     
  -9.14818558022578        25.7008932979363     
  -7.64816928812433        25.6709292273419     
  -6.14817676995571        26.0896624780720     
  -4.64818425178710        26.9521867047384     
  -3.14816795968565        27.2318632505864     
  -1.64817544151703        26.8475249371825     
 -0.148182923348416        26.6777998589457     
   1.35183336875303        26.0313123316749     
   2.85182588692165        24.4466073473389     
   4.35181840509026        24.7994660019303     
   5.85183469719171        24.5298116546422     
   7.35182721536033        24.0035890242198     
   8.85181973352894        24.0128385699627     
   10.3518122516976        24.0522394060210     
   11.8518285437990        24.2370386435448     
   13.3518210619676        23.7809015671142     
   14.8518135801362        23.2497562467246     
   16.3518298722377        23.3567047694449     
   17.8518223904063        22.4724110496574     
   19.3518149085749        22.5935347798294     
   20.8518312006764        22.2852180742716     
   22.3518237188450        22.5593627231235     
   23.8518162370136        21.5934085157962     
   25.3518325291150        21.7399109192674     
   26.8518250472837        21.6946750685694     
   28.3518175654523        21.7905449385894     
   29.8518338575537        21.5083230960575     
   31.3518263757223        20.8996836698569     
   32.8518188938910        20.8610881757732     
   34.3518351859924        20.8090544661557     
   35.8518277041610        20.5753373900864     
   37.3518202223296        20.9257755611412     
   38.8518365144311        19.9310623244398     
   40.3518290325997        19.4681496771519     
   41.8518215507683        19.3425713063153     
   43.3518140689369        19.7405855745814     
   44.8518303610384        19.0924739905240     
   46.3518228792070        19.1362343715156     
   47.8518153973756        18.5806583633984     
   49.3518316894771        18.1019390225180     
   50.8518242076457        17.1692519765781     
   52.3518167258143        16.9925210175096     
   53.8518330179157        17.3562815061758     
   55.3518255360844        16.8191466405830     
   56.8518180542530        17.5087615678837     
   58.3518343463544        17.4110819072267     
   59.8518268645230        17.2650713269910     
   61.3518193826917        17.5473347739054     
   62.8518356747931        17.2281132625312     
   64.3518281929617        15.4121324878536     
   65.8518207111303        16.2744204610625     
   67.3518370032318        15.7852703071516     
   68.8518295214004        15.7203585552926     
   70.3518220395690        15.0876613949357     
   71.8518145577376        15.1152317276681     
   73.3518308498391        14.5521060100056     
   74.8518233680077        14.6541541308206     
   76.3518158861763        14.4626090398555     
   77.8518321782778        13.6712669398329     
   79.3518246964464        14.4007581818487     
   80.8518172146150        14.0319204726520     
   82.3518335067164        14.3090829251029     
   83.8518260248850        13.6045468832078     
   85.3518185430537        13.0148909423744     
   86.8518348351551        13.8289118884489     
   88.3518273533237        14.1642417251883     
   89.8518198714923        13.4912061442970     
   91.3518361635938        13.7197865650036     
   92.8518286817624        13.6768047803122     
   94.3518211999310        13.3360500292745     
   95.8518374920325        13.4409123893887     
   97.3518300102011        13.4282884310543     
   98.8518225283697        12.7690328159814     
   100.351815046538        11.8523337398717     
   101.851807564707        12.1210698190041     
   103.351847630741        12.6008931618904     
   104.851840148910        11.9675139868354     
   106.351832667078        11.8641724154872     
   107.851825185247        12.2059873353422     
   109.351817703416        11.1867579733422     
   110.851810221584        10.9778311657345     
   112.351850287619        10.3171543152394     
   113.851842805787        11.2111819746511     
   115.351835323956        11.1219569188579     
   116.851827842124        10.3309194223497     
   118.351820360293        10.6611720385585     
   119.851812878462        10.8511227901529     
   121.351805396630        10.2540924725289     
   122.851845462665        9.82662973083661     
   124.351837980833        10.4656403562314     
   125.851830499002        10.3695394333016     
   127.351823017170        10.6211582807942     
   128.851815535339        10.3170659059267     
   130.351808053508        9.27808337748397     
   131.851848119542        8.56012620756921     
   133.351840637711        8.56404147713265     
   134.851833155879        8.97356455769620     
   136.351825674048        8.79577120100422     
   137.851818192216        9.22902140947056     
   139.351810710385        9.18922384590803     
   140.851850776419        9.27659082026330     
   142.351843294588        9.45438566282608     
   143.851835812756        9.53642950503295     
   145.351828330925        8.46639153389169     
   146.851820849094        9.46235290206676     
   148.351813367262        9.13258467973949     
   149.851805885431        9.04298146982711     
   151.351845951465        7.74578282753064     
   152.851838469634        7.26792529171548     
   154.351830987802        7.72273399964899     
   155.851823505971        8.27637020343411     
   157.351816024140        8.19353662089594     
   158.851808542308        8.02777584595909     
   160.351848608343        7.70066733236751     
   161.851841126511        8.13328084519517     
   163.351833644680        7.81375918791894     
   164.851826162848        7.39402074559119     
   166.351818681017        7.29105287074963     
   167.851811199186        6.65139663449133     
   169.351851265220        6.37807144338673     
   170.851843783389        6.41901461333765     
   172.351836301557        6.87216063184365     
   173.851828819726        6.69963543008040     
   175.351821337894        7.06105344342707     
   176.851813856063        6.66667510101357     
   178.351806374232        6.26108660633389     
   179.851846440266        6.17457140741591     
   181.351838958435        5.68131504954354     
   182.851831476603        5.82158905408026     
   184.351823994772        6.11527141810856     
   185.851816512940        5.99804215530878     
   187.351809031109        5.26251493462729     
   188.851849097143        6.02056238465259     
   190.351841615312        6.06332388899754     
   191.851834133481        6.67903011673275     
   193.351826651649        6.03972008837133     
   194.851819169818        5.98003934467095     
   196.351811687986        5.54367252219728     
   197.851851754021        5.41373757816903     
   199.351844272189        5.48855674506855     
   200.851836790358        5.73349400303198     
   202.351829308527        5.03909085707157     
   203.851821826695        5.27575590081220     
   205.351814344864        4.85536218946073     
   206.851806863032        5.43741270059375     
   208.351846929067        4.66180040034953     
   209.851839447235        5.20016630990181     
   211.351831965404        4.76504093248326     
   212.851824483572        4.39558324369431     
   214.351817001741        5.25615280732054     
   215.851809519910        4.21166364168541     
   217.351849585944        4.52178865200937     
   218.851842104113        4.60836142842093     
   220.351834622281        5.01708882516998     
   221.851827140450        4.24634460914102     
   223.351819658618        3.86383614562983     
   224.851812176787        3.68035561844294     
   226.351852242821        4.24602849012789     
   227.851844760990        3.99928849941385     
   229.351837279159        4.26703201685049     
   230.851829797327        3.67197382124849     
   232.351822315496        3.02278033751327     
   233.851814833664        2.76276594852128     
   235.351807351833        2.48192949477839     
   236.851847417867        3.53508834507588     
   238.351839936036        2.82390823188933     
   239.851832454205        2.79946621439690     
   241.351824972373        1.97582852675756     
   242.851817490542        2.54303667444874     
   244.351810008710        2.57321916805111     
   245.851850074745        2.72473062773000     
   247.351842592913        1.80338690522692     
   248.851835111082        2.05370691590469     
   250.351827629251        1.91520926991183     
   251.851820147419        2.76442919515034     
   253.351812665588        2.54957060556698     
   254.851852731622        2.58554093741109     
   256.351845249791        2.66827162339621     
   257.851837767959        3.32368087616416     
   259.351830286128        1.76191847994747     
   260.851822804296        1.74598121545836     
   262.351815322465        1.42619061556696     
   263.851807840634        2.34491456211215     
   265.351847906668        2.14225571474914     
   266.851840424837        1.74166476077836     
   268.351832943005        2.53619628247758     
   269.851825461174       0.889384406022222     
   271.351817979342        1.89282815522187     
   272.851810497511        1.65746826324700     
   274.351850563545        1.86021199097957     
   275.851843081714        1.51392738601809     
   277.351835599883       0.883682005351594     
   278.851828118051        1.79422911200609     
   280.351820636220        1.90948439544533     
   281.851813154388       0.971688739954073     
   283.351853220423        1.69840437531161     
   284.851845738591       0.868003468115896     
   286.351838256760       0.873777376318874     
   287.851830774929       0.941197185224881     
   289.351823293097        0.000000    

  -301.648176833009        0.000000    
  -300.148184314840       0.875755906158749     
  -298.648191796671       0.881172090966129     
  -297.148175504570        0.00000000000000     
  -295.648182986401       0.929120584547241     
  -294.148190468233       0.910202941829966     
  -292.648174176131        1.62774768973023     
  -291.148181657963        0.00000000000000     
  -289.648189139794       0.932785206279761     
  -288.148172847693        0.00000000000000     
  -286.648180329524       0.826631810172428     
  -285.148187811355       0.948704268851543     
  -283.648171519254       0.992049070353230     
  -282.148179001085       0.817071996032712     
  -280.648186482917       0.894661011841133     
  -279.148193964748       0.986858830774689     
  -277.648177672647        1.98627754170539     
  -276.148185154478       0.955779799877130     
  -274.648192636309       0.994327467494348     
  -273.148176344208        1.95017793910150     
  -271.648183826039        1.03689878037663     
  -270.148191307871       0.815475242122042     
  -268.648175015769       0.991714563688915     
  -267.148182497601       0.907136290228352     
  -265.648189979432        1.86965934327296     
  -264.148173687331        1.81307459712254     
  -262.648181169162        1.88779625375067     
  -261.148188650993        1.77729092779794     
  -259.648196132825        1.08866911939451     
  -258.148179840723        1.94032308674065     
  -256.648187322555        1.73624356115702     
  -255.148171030453        2.35408628537175     
  -253.648178512285        2.92383954401302     
  -252.148185994116        2.71287635047112     
  -250.648193475947        1.72430923260868     
  -249.148177183846        2.75935438915974     
  -247.648184665677        2.66202855148748     
  -246.148168373576        2.59679715167214     
  -244.648175855407        1.97151522955302     
  -243.148183337239        2.85549784514125     
  -241.648190819070        2.47925214132691     
  -240.148174526969        2.71071199391406     
  -238.648182008800        2.36755626139403     
  -237.148189490631        2.73428997753509     
  -235.648173198530        3.42616658593044     
  -234.148180680361        2.85718969478325     
  -232.648188162193        3.51906508581410     
  -231.148195644024        3.88808704299035     
  -229.648179351923        3.74181829270269     
  -228.148186833754        3.84377911860814     
  -226.648170541653        4.56584732156452     
  -225.148178023484        3.89948812965460     
  -223.648185505315        3.87278108785827     
  -222.148192987147        3.86764257515702     
  -220.648176695045        4.42884409013085     
  -219.148184176877        4.48667715348886     
  -217.648167884775        4.29451282586699     
  -216.148175366607        4.53862579700298     
  -214.648182848438        5.39970798605593     
  -213.148190330269        4.60677526133973     
  -211.648174038168        5.04241177831418     
  -210.148181519999        4.61926734864039     
  -208.648189001831        4.92161865439565     
  -207.148172709729        5.24668446710208     
  -205.648180191561        4.42254176912389     
  -204.148187673392        4.53120275794356     
  -202.648195155223        3.67963348523314     
  -201.148178863122        4.05619995140687     
  -199.648186344953        5.34431657989342     
  -198.148181939818        4.82241189002182     
  -196.648177534683        5.08209864450196     
  -195.148185016515        5.26302830298940     
  -193.648180611380        4.86307831653586     
  -192.148176206245        5.84835627364408     
  -190.648183688076        5.35404606190534     
  -189.148179282941        6.07055116457879     
  -187.648186764772        5.68284475353427     
  -186.148182359637        5.65133537730566     
  -184.648177954502        6.01015868876423     
  -183.148185436334        6.78336127803520     
  -181.648181031199        5.87181148719009     
  -180.148176626064        6.54918135321102     
  -178.648184107895        7.27932266370273     
  -177.148179702760        7.46611668277822     
  -175.648175297625        6.87769921525835     
  -174.148182779456        7.43157390130720     
  -172.648178374321        7.73577028713092     
  -171.148185856153        7.24986750385797     
  -169.648181451018        7.39595386350468     
  -168.148177045883        8.67879379330539     
  -166.648184527714        8.58280133894413     
  -165.148180122579        7.88937441010067     
  -163.648175717444        8.38138486530550     
  -162.148183199275        8.84719421772211     
  -160.648178794140        8.30212405911091     
  -159.148186275972        7.66442397176353     
  -157.648181870837        8.17213190905678     
  -156.148177465702        8.55468049107964     
  -154.648184947533        8.32930732249930     
  -153.148180542398        8.61474756118855     
  -151.648176137263        8.27149283252632     
  -150.148183619094        9.04150154250826     
  -148.648179213959        8.66101609209407     
  -147.148174808824        8.98862460121054     
  -145.648182290656        9.52118669940995     
  -144.148177885521        9.97176587610539     
  -142.648185367352        9.39538767675926     
  -141.148180962217        9.68559013136912     
  -139.648176557082        9.21552153029839     
  -138.148184038913        9.08548628999101     
  -136.648179633778        9.60322979868142     
  -135.148175228643        10.2115230169851     
  -133.648182710475        9.86939160664926     
  -132.148178305339        9.54790711404350     
  -130.648173900204        9.24733848178303     
  -129.148181382036        9.98044484746025     
  -127.648176976901        10.1961375677651     
  -126.148184458732        10.7573450262222     
  -124.648180053597        10.5013941224061     
  -123.148175648462        10.4093236240269     
  -121.648183130294        10.7540515935894     
  -120.148178725158        9.98963495837103     
  -118.648174320023        10.5523877224622     
  -117.148181801855        10.4234594559024     
  -115.648177396720        11.2374165095324     
  -114.148184878551        12.0698778551960     
  -112.648180473416        12.4969520416735     
  -111.148176068281        12.2149085036378     
  -109.648183550113        12.2917993459031     
  -108.148179144977        11.8703566097654     
  -106.648174739842        12.1062066533711     
  -105.148182221674        11.9849358219897     
  -103.648177816539        11.0996175942842     
  -102.148173411404        11.8769835935426     
  -100.648180893235        12.8936780599543     
  -99.1481883750665        11.9526827674246     
  -97.6481720829651        12.7889598293079     
  -96.1481795647965        12.9755614281145     
  -94.6481870466279        13.3401852077166     
  -93.1481707545264        12.8827331356263     
  -91.6481782363578        12.8132597604049     
  -90.1481857181892        13.3568566781158     
  -88.6481694260877        14.3926260109490     
  -87.1481769079191        14.5368669190596     
  -85.6481843897505        14.2427387937907     
  -84.1481680976490        13.9879193805904     
  -82.6481755794804        14.0526067659583     
  -81.1481830613118        14.6706027205995     
  -79.6481667692104        14.5529841596496     
  -78.1481742510418        14.6566221622229     
  -76.6481817328731        15.1673456743089     
  -75.1481892147045        14.4260982225072     
  -73.6481729226031        14.9330357357896     
  -72.1481804044345        15.6837362976340     
  -70.6481878862658        15.2646716977150     
  -69.1481715941644        16.6017072791503     
  -67.6481790759958        15.4241412956759     
  -66.1481865578272        15.5285623521619     
  -64.6481702657257        16.8085360371854     
  -63.1481777475571        17.3036846515242     
  -61.6481852293885        17.3515014598055     
  -60.1481689372870        17.2802168080764     
  -58.6481764191184        17.2228503081503     
  -57.1481839009498        17.7459466664051     
  -55.6481676088484        18.6099939106436     
  -54.1481750906797        17.8516217978480     
  -52.6481825725111        18.2082813099511     
  -51.1481662804097        18.0954933149787     
  -49.6481737622411        18.2888675129011     
  -48.1481812440724        18.8316902919242     
  -46.6481887259038        19.0161002312978     
  -45.1481724338024        19.3019208529123     
  -43.6481799156338        18.5027571289877     
  -42.1481873974652        18.8575563308466     
  -40.6481711053637        19.4283060515945     
  -39.1481785871951        18.7289244955117     
  -37.6481860690265        19.2594442642937     
  -36.1481697769250        19.8474850635652     
  -34.6481772587564        20.4276329171362     
  -33.1481847405878        20.5989166738443     
  -31.6481684484863        20.1477186319599     
  -30.1481759303177        19.9061992483089     
  -28.6481834121491        21.1711626664899     
  -27.1481671200477        20.8905797394526     
  -25.6481746018790        21.6914254691252     
  -24.1481820837104        22.0137999983414     
  -22.6481657916090        22.3604937749750     
  -21.1481732734404        23.1023846088341     
  -19.6481807552717        23.1254364084573     
  -18.1481882371031        23.1952871948624     
  -16.6481719450017        23.8675545805491     
  -15.1481794268331        24.1050175369104     
  -13.6481869086645        24.4540708763777     
  -12.1481706165630        24.8720879373813     
  -10.6481780983944        25.5850042906000     
  -9.14818558022578        25.7008932979363     
  -7.64816928812433        25.6709292273419     
  -6.14817676995571        26.0896654498136     
  -4.64818425178710        26.9521867047384     
  -3.14816795968565        27.2318632505864     
  -1.64817544151703        26.8475249371825     
 -0.148182923348416        26.6777998589457     
   1.35183336875303        26.0313123316749     
   2.85182588692165        24.4466073473389     
   4.35181840509026        24.7994660019303     
   5.85183469719171        24.5298116546422     
   7.35182721536033        24.0035890242198     
   8.85181973352894        24.0128385699627     
   10.3518122516976        24.0522394060210     
   11.8518285437990        24.2370386435448     
   13.3518210619676        23.7809015671142     
   14.8518135801362        23.2497562467246     
   16.3518298722377        23.3567047694449     
   17.8518223904063        22.4724110496574     
   19.3518149085749        22.5935347798294     
   20.8518312006764        22.2852180742716     
   22.3518237188450        22.5593627231235     
   23.8518162370136        21.5934070299254     
   25.3518325291150        21.7399109192674     
   26.8518250472837        21.6946750685694     
   28.3518175654523        21.7905434527186     
   29.8518338575537        21.5083216101867     
   31.3518263757223        20.8996836698569     
   32.8518188938910        20.8610881757732     
   34.3518351859924        20.8090544661557     
   35.8518277041610        20.5753373900864     
   37.3518202223296        20.9257755611412     
   38.8518365144311        19.9310623244398     
   40.3518290325997        19.4681496771519     
   41.8518215507683        19.3425713063153     
   43.3518140689369        19.7405855745814     
   44.8518303610384        19.0924739905240     
   46.3518228792070        19.1362343715156     
   47.8518153973756        18.5806583633984     
   49.3518316894771        18.1019390225180     
   50.8518242076457        17.1692519765781     
   52.3518167258143        16.9925210175096     
   53.8518330179157        17.3562815061758     
   55.3518255360844        16.8191466405830     
   56.8518180542530        17.5087615678837     
   58.3518343463544        17.4110819072267     
   59.8518268645230        17.2650713269910     
   61.3518193826917        17.5473347739054     
   62.8518356747931        17.2281132625312     
   64.3518281929617        15.4121324878536     
   65.8518207111303        16.2744204610625     
   67.3518370032318        15.7852703071516     
   68.8518295214004        15.7203585552926     
   70.3518220395690        15.0876628808065     
   71.8518145577376        15.1152317276681     
   73.3518308498391        14.5521060100056     
   74.8518233680077        14.6541541308206     
   76.3518158861763        14.4626090398555     
   77.8518321782778        13.6712669398329     
   79.3518246964464        14.4007581818487     
   80.8518172146150        14.0319219585228     
   82.3518335067164        14.3090829251029     
   83.8518260248850        13.6045468832078     
   85.3518185430537        13.0148909423744     
   86.8518348351551        13.8289118884489     
   88.3518273533237        14.1642417251883     
   89.8518198714923        13.4912061442970     
   91.3518361635938        13.7197865650036     
   92.8518286817624        13.6768047803122     
   94.3518211999310        13.3360500292745     
   95.8518374920325        13.4409123893887     
   97.3518300102011        13.4282884310543     
   98.8518225283697        12.7690328159814     
   100.351815046538        11.8523337398717     
   101.851807564707        12.1210698190041     
   103.351847630741        12.6008931618904     
   104.851840148910        11.9675139868354     
   106.351832667078        11.8641724154872     
   107.851825185247        12.2059873353422     
   109.351817703416        11.1867579733422     
   110.851810221584        10.9778311657345     
   112.351850287619        10.3171543152394     
   113.851842805787        11.2111819746511     
   115.351835323956        11.1219569188579     
   116.851827842124        10.3309194223497     
   118.351820360293        10.6611720385585     
   119.851812878462        10.8511227901529     
   121.351805396630        10.2540924725289     
   122.851845462665        9.82663047377201     
   124.351837980833        10.4656403562314     
   125.851830499002        10.3695394333016     
   127.351823017170        10.6211582807942     
   128.851815535339        10.3170659059267     
   130.351808053508        9.27808337748397     
   131.851848119542        8.56012620756921     
   133.351840637711        8.56404147713265     
   134.851833155879        8.97356455769620     
   136.351825674048        8.79577120100422     
   137.851818192216        9.22902140947056     
   139.351810710385        9.18922384590803     
   140.851850776419        9.27659082026330     
   142.351843294588        9.45438566282608     
   143.851835812756        9.53642950503295     
   145.351828330925        8.46639153389169     
   146.851820849094        9.46235290206676     
   148.351813367262        9.13258467973949     
   149.851805885431        9.04298146982711     
   151.351845951465        7.74578282753064     
   152.851838469634        7.26792529171548     
   154.351830987802        7.72273399964899     
   155.851823505971        8.27637020343411     
   157.351816024140        8.19353662089594     
   158.851808542308        8.02777584595909     
   160.351848608343        7.70066733236751     
   161.851841126511        8.13328084519517     
   163.351833644680        7.81375918791894     
   164.851826162848        7.39402074559119     
   166.351818681017        7.29105287074963     
   167.851811199186        6.65139663449133     
   169.351851265220        6.37807144338673     
   170.851843783389        6.41901535627305     
   172.351836301557        6.87216137477906     
   173.851828819726        6.69963543008040     
   175.351821337894        7.06105344342707     
   176.851813856063        6.66667510101357     
   178.351806374232        6.26108660633389     
   179.851846440266        6.17457177888361     
   181.351838958435        5.68131542101124     
   182.851831476603        5.82158868261256     
   184.351823994772        6.11527178957626     
   185.851816512940        5.99804289824418     
   187.351809031109        5.26251530609499     
   188.851849097143        6.02056275612029     
   190.351841615312        6.06332388899754     
   191.851834133481        6.67903011673275     
   193.351826651649        6.03971971690363     
   194.851819169818        5.98003897320325     
   196.351811687986        5.54367215072958     
   197.851851754021        5.41373720670133     
   199.351844272189        5.48855711653625     
   200.851836790358        5.73349400303198     
   202.351829308527        5.03909085707157     
   203.851821826695        5.27575590081220     
   205.351814344864        4.85536218946073     
   206.851806863032        5.43741270059375     
   208.351846929067        4.66180077181723     
   209.851839447235        5.20016668136951     
   211.351831965404        4.76504093248326     
   212.851824483572        4.39558324369431     
   214.351817001741        5.25615280732054     
   215.851809519910        4.21166364168541     
   217.351849585944        4.52178865200937     
   218.851842104113        4.60836142842093     
   220.351834622281        5.01708882516998     
   221.851827140450        4.24634460914102     
   223.351819658618        3.86383614562983     
   224.851812176787        3.68035561844294     
   226.351852242821        4.24602849012789     
   227.851844760990        3.99928849941385     
   229.351837279159        4.26703201685049     
   230.851829797327        3.67197382124849     
   232.351822315496        3.02278033751327     
   233.851814833664        2.76276594852128     
   235.351807351833        2.48192949477839     
   236.851847417867        3.53508797360818     
   238.351839936036        2.82390823188933     
   239.851832454205        2.79946621439690     
   241.351824972373        1.97582852675756     
   242.851817490542        2.54303667444874     
   244.351810008710        2.57321916805111     
   245.851850074745        2.72473062773000     
   247.351842592913        1.80338690522692     
   248.851835111082        2.05370691590469     
   250.351827629251        1.91520926991183     
   251.851820147419        2.76442919515034     
   253.351812665588        2.54957060556698     
   254.851852731622        2.58554093741109     
   256.351845249791        2.66827162339621     
   257.851837767959        3.32368087616416     
   259.351830286128        1.76191847994747     
   260.851822804296        1.74598121545836     
   262.351815322465        1.42619061556696     
   263.851807840634        2.34491456211215     
   265.351847906668        2.14225571474914     
   266.851840424837        1.74166476077836     
   268.351832943005        2.53619628247758     
   269.851825461174       0.889384406022222     
   271.351817979342        1.89282815522187     
   272.851810497511        1.65746826324700     
   274.351850563545        1.86021199097957     
   275.851843081714        1.51392738601809     
   277.351835599883       0.883682005351594     
   278.851828118051        1.79422911200609     
   280.351820636220        1.90948439544533     
   281.851813154388       0.971688739954073     
   283.351853220423        1.69840437531161     
   284.851845738591       0.868003468115896     
   286.351838256760       0.873777376318874     
   287.851830774929       0.941197185224881     
   289.351823293097        0.000000    

