  -46.9622349690067        0.000000    
  -45.4622354659053        65.5306224371054     
  -43.9622359628038        65.3276436747187     
  -42.4622364597024        65.5916610846139     
  -40.9622339849044        65.1126176544449     
  -39.4622344818030        64.5948292444212     
  -37.9622349787016        64.5381708776540     
  -36.4622354756002        64.1536392851365     
  -34.9622359724988        63.8228656835358     
  -33.4622364693973        64.5745622738269     
  -31.9622369662959        64.8519404314922     
  -30.4622374631945        64.7586885931856     
  -28.9622379600931        64.3702700215570     
  -27.4622354852951        64.5783125548958     
  -25.9622359821937        64.8675358950815     
  -24.4622364790923        65.0595253235595     
  -22.9622354901426        64.8245295023482     
  -21.4622359870411        65.0548954203064     
  -19.9622349980914        64.8653071226555     
  -18.4622354949900        64.5020112738135     
  -16.9622359918886        64.8842011694354     
  -15.4622364887872        64.4233801826219     
  -13.9622369856858        64.5003174067697     
  -12.4622374825844        65.0808680483115     
  -10.9622350077864        65.3308590504053     
  -9.46223550468495        64.8021823441562     
  -7.96223600158353        65.2711576663525     
  -6.46223649848211        64.9207530372229     
  -4.96223699538069        64.8850867350127     
  -3.46223749227928        64.2636752656597     
  -1.96223501748129        64.5561615286773     
 -0.462235514379872        64.4421197011803     
   1.03776398872155        64.3142416544623     
   2.53776349182296        65.4061024075093     
   4.03776299492438        64.9752658390679     
   5.53776546972237        64.6497699705720     
   7.03776497282379        64.1317616550023     
   8.53776447592520        64.3400181504939     
   10.0377639790266        64.6335207337377     
   11.5377634821280        64.2933506275887     
   13.0377629852295        64.7587004799719     
   14.5377624883309        65.1328370778942     
   16.0377619914323        64.9192731323320     
   17.5377614945337        64.2354144312972     
   19.0377609976351        64.7055071114031     
   20.5377605007365        64.5196453212486     
   22.0377659472311        64.2961975129009     
   23.5377654503325        64.9905879065730     
   25.0377649534339        64.5245248470134     
   26.5377644565354        64.9700059361424     
   28.0377639596368        64.5836021747870     
   29.5377634627382        64.6139194231746     
   31.0377629658396        64.3496999379127     
   32.5377624689410        64.0948294100541     
   34.0377619720424        64.0771240419014     
   35.5377614751439        64.2719365821190     
   37.0377609782453        64.2531911201675     
   38.5377604813467        65.1388101879961     
   40.0377599844481        65.0764521072113     
   41.5377654309427        65.3111983059109     
   43.0377649340441        65.0180047791101     
   44.5377644371455        64.9671887677958     
   46.0377639402469        0.000000    

  -74.0330207521738        0.000000    
  -72.5330212490723        7.46981547931330     
  -71.0330217459709        9.26152117508312     
  -69.5330222428695        12.9689028323537     
  -68.0330227397681        17.0458015852315     
  -66.5330232366667        18.3472026066876     
  -65.0330237335653        20.8026813063885     
  -63.5330182870707        21.5777042288908     
  -62.0330247273624        25.4756414710452     
  -60.5330192808679        28.0081777486049     
  -59.0330197777664        29.6721524966369     
  -57.5330202746650        35.6787298452443     
  -56.0330207715636        37.3311565804126     
  -54.5330212684622        39.3153821524978     
  -53.0330217653608        38.6577635321592     
  -51.5330222622594        40.7120884545890     
  -50.0330227591579        40.9317384347227     
  -48.5330232560565        43.0329091818518     
  -47.0330207812585        44.7652448377361     
  -45.5330212781571        45.0613387403873     
  -44.0330217750557        44.5096551593080     
  -42.5330222719543        44.9676054872366     
  -41.0330227688529        45.8363215449859     
  -39.5330232657514        46.1671456654284     
  -38.0330207909535        47.1075360727033     
  -36.5330212878520        48.2259192176206     
  -35.0330217847506        48.2178659199210     
  -33.5330222816492        49.3021250731469     
  -32.0330227785478        49.3450452866798     
  -30.5330232754464        49.3692230099578     
  -29.0330208006484        50.0424905844239     
  -27.5330212975470        49.1618907120988     
  -26.0330217944455        49.6662084215794     
  -24.5330222913441        50.0824242429058     
  -23.0330227882427        50.1450676065611     
  -21.5330203134447        50.2411782169663     
  -20.0330208103433        51.0450518555998     
  -18.5330213072419        50.9757162312732     
  -17.0330218041405        50.8841582600104     
  -15.5330223010391        51.1021916372110     
  -14.0330227979376        50.8901016531466     
  -12.5330232948362        51.8697927475345     
  -11.0330237917348        51.4637460718641     
  -9.53302428863338        50.8110010338972     
  -8.03302478553196        51.1486273677840     
  -6.53302528243055        50.3648007941987     
  -5.03301983593599        51.1004561664153     
  -3.53302033283457        52.4183203868586     
  -2.03302082973316        52.4502245212136     
 -0.533021326631737        51.9214348904948     
  0.966978176469681        51.9201570609705     
   2.46697767957110        52.3412821250274     
   3.96697718267252        51.7125662255101     
   5.46697668577393        52.0411407716505     
   6.96697618887535        52.5151560912263     
   8.46697569197677        52.4491606538422     
   9.96697519507819        52.7701454869477     
   11.4669746981796        52.8810610896550     
   12.9669742012810        52.7725703913472     
   14.4669796477756        52.1308503476480     
   15.9669791508770        51.7252791434284     
   17.4669786539784        51.8249914500740     
   18.9669781570798        51.1430286914497     
   20.4669776601813        51.7557330898582     
   21.9669771632827        52.1116650746044     
   23.4669766663841        50.8710471347520     
   24.9669761694855        51.1273262467839     
   26.4669756725869        51.3023235142855     
   27.9669751756883        50.1279268607564     
   29.4669806221829        49.4062503491961     
   30.9669741818912        49.8901079278054     
   32.4669796283857        48.6331575436148     
   33.9669731880940        47.6505125828382     
   35.4669786345886        47.7896325576732     
   36.9669721942968        46.6444357946222     
   38.4669776407914        46.4010627607854     
   39.9669712004997        45.4135977081753     
   41.4669766469942        45.4367264225648     
   42.9669820934888        44.7424519250589     
   44.4669756531971        44.2078110237975     
   45.9669810996916        43.7434685765509     
   47.4669746593999        44.7563208329421     
   48.9669801058945        43.1328324789538     
   50.4669736656027        41.6255998664057     
   51.9669791120973        39.7231642989640     
   53.4669726718056        38.7013731792959     
   54.9669781183001        37.0175801868514     
   56.4669716780084        34.0931662828579     
   57.9669771245030        32.4746495772280     
   59.4669706842113        28.9932386986914     
   60.9669761307058        25.6261697890051     
   62.4669815772004        24.3633012710992     
   63.9669751369086        20.9753012166356     
   65.4669805834032        18.3366337678432     
   66.9669741431115        14.2466521208244     
   68.4669795896060        11.2110202439977     
   69.9669731493143        8.70428572189046     
   71.4669785958089        6.55278632168419     
   72.9669721555172        0.000000    

  -127.389380934322        0.000000    
  -125.889375487827        4.20785361992998     
  -124.389370041333        5.11615936228347     
  -122.889376481625        5.94331141452110     
  -121.389371035130        6.62027652244205     
  -119.889377475422        6.79394321280527     
  -118.389372028927        7.85864785968896     
  -116.889378469219        7.52386989696269     
  -115.389373022724        7.71876341591177     
  -113.889379463016        8.62662563255247     
  -112.389374016522        7.87429829966480     
  -110.889380456813        9.64031516445178     
  -109.389375010319        8.84751109553433     
  -107.889369563824        9.74742848140025     
  -106.389376004116        10.3489749021197     
  -104.889382444408        11.4314800114462     
  -103.389376997913        11.1366097048569     
  -101.889371551418        12.2242684789567     
  -100.389377991710        12.3549131751796     
  -98.8893725452156        13.2261150571080     
  -97.3893789855073        13.4492419222264     
  -95.8893735390128        13.6954558979822     
  -94.3893799793045        13.8941301578900     
  -92.8893745328099        13.4035714035197     
  -91.3893750297085        15.0141908255199     
  -89.8893755266071        14.7775902881619     
  -88.3893760235057        15.6160143569443     
  -86.8893765204043        16.4042553857815     
  -85.3893770173028        16.3981411200927     
  -83.8893775142014        17.1463355659782     
  -82.3893720677069        18.1084059855657     
  -80.8893785079986        17.9354770188755     
  -79.3893730615040        17.7955205114566     
  -77.8893795017958        18.9073213484755     
  -76.3893740553012        18.6868690102684     
  -74.8893745521998        19.7348972389361     
  -73.3893750490984        19.3460165684912     
  -71.8893755459969        21.0596231067551     
  -70.3893760428955        21.4512778559463     
  -68.8893765397941        21.7630430004493     
  -67.3893770366927        22.8704160095818     
  -65.8893775335913        22.3677936529933     
  -64.3893780304899        23.8501219624526     
  -62.8893785273884        25.3945082113432     
  -61.3893790242870        24.9606375407058     
  -59.8893795211856        27.3142836282597     
  -58.3893740746910        27.3627876596440     
  -56.8893745715896        28.1895017580999     
  -55.3893750684882        28.4929743833297     
  -53.8893755653868        28.5832158930128     
  -52.3893760622854        29.0110332177411     
  -50.8893765591840        29.3544513882391     
  -49.3893770560825        29.2971451916201     
  -47.8893775529811        28.7464987326430     
  -46.3893780498797        30.1920210942582     
  -44.8893785467783        29.1877124655002     
  -43.3893790436769        29.9616670630863     
  -41.8893795405755        30.2748898247559     
  -40.3893800374740        30.3735055753680     
  -38.8893745909795        32.7718667811819     
  -37.3893750878781        32.6338879378290     
  -35.8893755847766        33.3233542302877     
  -34.3893760816752        33.9375831090356     
  -32.8893765785738        35.1850686396569     
  -31.3893770754724        35.7363005228578     
  -29.8893775723710        36.1675887891776     
  -28.3893780692696        36.5802742349812     
  -26.8893785661681        37.3686564194053     
  -25.3893790630667        37.7928987931622     
  -23.8893736165722        37.9801275637381     
  -22.3893800568639        37.6549348082921     
  -20.8893746103693        38.8243479266766     
  -19.3893810506610        38.8386269286862     
  -17.8893756041665        39.6568152296883     
  -16.3893820444582        40.2834509416080     
  -14.8893765979637        40.9044077413860     
  -13.3893830382554        40.4684687699371     
  -11.8893775917608        40.7545896589058     
  -10.3893721452663        41.0365650311620     
  -8.88937858555799        40.9613513910237     
  -7.38937313906343        41.7600869662911     
  -5.88937957935515        41.1935865061232     
  -4.38937413286060        41.7439476822298     
  -2.88938057315231        41.5015463931708     
  -1.38937512665776        41.8972842534466     
  0.110618433050521        42.0776870370055     
   1.61062387954508        41.7489668777333     
   3.11061743925336        41.3702508953995     
   4.61062288574791        42.2029975378887     
   6.11061644545619        41.5262619935276     
   7.61062189195075        41.2374695493442     
   9.11062733844530        40.2189948430461     
   10.6106208981536        40.2808863674697     
   12.1106263446481        39.9693277558782     
   13.6106199043564        40.3592500059702     
   15.1106253508510        40.1087211267975     
   16.6106189105593        38.4355994967290     
   18.1106243570538        39.3025563101099     
   19.6106179167621        38.4020460707787     
   21.1106233632566        37.9884334556459     
   22.6106169229649        37.4927960718407     
   24.1106223694595        36.9162453338796     
   25.6106159291678        36.4576858081544     
   27.1106213756623        36.0432084293203     
   28.6106268221569        36.4317072367562     
   30.1106203818652        36.1240177740963     
   31.6106258283597        35.3951824455036     
   33.1106193880680        35.9312527328141     
   34.6106248345625        33.8206141604191     
   36.1106183942708        34.6016384241406     
   37.6106238407654        33.6640235814602     
   39.1106174004737        32.0087291591037     
   40.6106228469682        32.4224338968301     
   42.1106164066765        32.9981703899315     
   43.6106218531710        31.8059881324424     
   45.1106154128793        32.0366928238094     
   46.6106208593739        30.4783797189524     
   48.1106263058684        30.3199556032110     
   49.6106198655767        29.0020468073192     
   51.1106253120713        28.7557882561149     
   52.6106188717796        28.5143676269234     
   54.1106243182741        27.5283230452728     
   55.6106178779824        27.8528679708669     
   57.1106233244769        26.9828621968071     
   58.6106168841852        25.3223910790289     
   60.1106223306798        25.4288521085806     
   61.6106158903881        24.1523969939654     
   63.1106213368826        23.2591629536811     
   64.6106148965909        23.7005832194498     
   66.1106203430855        21.8121918899889     
   67.6106257895800        21.5984541001775     
   69.1106193492883        21.7034545408660     
   70.6106247957828        20.9432945587490     
   72.1106183554911        21.5834752636260     
   73.6106238019857        20.6483492168214     
   75.1106173616940        20.4044591077818     
   76.6106109214022        18.9450024609588     
   78.1106282546831        17.7977255103101     
   79.6106218143914        17.5277751082166     
   81.1106153740996        17.7304804745191     
   82.6106089338079        16.9021512589784     
   84.1106262670887        16.1215370893833     
   85.6106198267970        15.7982848517963     
   87.1106133865053        14.1530748817436     
   88.6106307197861        14.3908343807632     
   90.1106242794944        13.3346637034989     
   91.6106178392027        14.3782492457973     
   93.1106113989110        13.9422196376031     
   94.6106287321918        13.1031670549965     
   96.1106222919001        13.0068454541351     
   97.6106158516084        12.4850838857998     
   99.1106094113166        12.0495037467116     
   100.610626744597        11.1542972428302     
   102.110620304306        10.4574069094202     
   103.610613864014        11.1168687245551     
   105.110631197295        10.5424449784126     
   106.610624757003        9.18901697929076     
   108.110618316711        9.75250042451783     
   109.610611876420        8.75026901166092     
   111.110629209701        9.11219490838497     
   112.610622769409        8.18693489418640     
   114.110616329117        8.20245457951324     
   115.610609888825        7.41848313572028     
   117.110627222106        7.29261321295819     
   118.610620781814        7.34538237184188     
   120.110614341523        5.77802119385918     
   121.610607901231        6.80423716971713     
   123.110625234512        4.51701407239106     
   124.610618794220        3.87272462554660     
   126.110612353928        5.08468018053771     
   127.610629687209        6.08183333542183     
   129.110623246918        5.05045998016996     
   130.610616806626        3.40254873793680     
   132.110610366334        0.000000    

  -159.700138474123        0.000000    
  -158.200133027629        6.00317661334731     
  -156.700127581134        5.98364996666048     
  -155.200134021426        5.98317969567858     
  -153.700128574931        6.77998069648011     
  -152.200135015223        5.16234807057920     
  -150.700129568728        6.00418921895289     
  -149.200136009020        5.15681179987285     
  -147.700130562526        6.00391879456519     
  -146.200137002817        5.72896182667868     
  -144.700131556323        7.07906041125808     
  -143.200137996615        7.13234218779977     
  -141.700132550120        6.77691167684941     
  -140.200127103625        6.91714975251822     
  -138.700133543917        6.67253232074360     
  -137.200139984209        7.67028241517583     
  -135.700134537714        9.74651022716071     
  -134.200129091220        9.06627625301487     
  -132.700135531511        8.60530073797986     
  -131.200130085017        8.46281680262973     
  -129.700136525309        8.25956464415876     
  -128.200131078814        7.79294513441681     
  -126.700137519106        9.32467047007914     
  -125.200132072611        8.50686700378265     
  -123.700126626117        10.3809243548473     
  -122.200133066408        9.65742322159427     
  -120.700139506700        10.4493105221205     
  -119.200134060206        10.4639617291253     
  -117.700128613711        10.9529989748527     
  -116.200135054003        10.1923479198779     
  -114.700129607508        10.1109345777744     
  -113.200136047800        10.8228252925359     
  -111.700130601305        11.0811801346207     
  -110.200137041597        11.7672215467847     
  -108.700131595103        12.1091627840884     
  -107.200126148608        12.6543130902627     
  -105.700132588900        11.5477929580453     
  -104.200139029191        13.0308597341018     
  -102.700133582697        13.1075265338619     
  -101.200128136202        13.7436285851992     
  -99.7001345764940        14.8354343618597     
  -98.2001350733926        14.5669698080503     
  -96.7001355702912        14.9066035229689     
  -95.2001360671898        14.7265157392461     
  -93.7001365640883        14.6742109079512     
  -92.2001370609869        15.1084396680251     
  -90.7001316144924        14.3549214277378     
  -89.2001321113910        15.3352544085845     
  -87.7001326082895        15.5245455365786     
  -86.2001331051881        16.1202845192798     
  -84.7001336020867        16.7037697111826     
  -83.2001340989853        17.1809855479622     
  -81.7001345958839        16.5708011482434     
  -80.2001350927824        17.4162978548580     
  -78.7001355896810        17.6505358934444     
  -77.2001360865796        17.7449169764469     
  -75.7001365834782        18.7381976392407     
  -74.2001370803768        19.1056182029191     
  -72.7001375772754        19.4525712064849     
  -71.2001321307808        19.8895621585188     
  -69.7001326276794        18.8906471590319     
  -68.2001331245780        19.1424702120600     
  -66.7001336214766        19.3504711416468     
  -65.2001341183751        19.6928180155320     
  -63.7001346152737        20.8375066184699     
  -62.2001351121723        21.2966010495773     
  -60.7001356090709        21.7843768101116     
  -59.2001361059695        22.4582550682225     
  -57.7001366028680        23.1177309989161     
  -56.2001311563735        23.2568732614754     
  -54.7001375966652        24.2148679992197     
  -53.2001321501707        24.4333590176919     
  -51.7001385904624        24.9669405091267     
  -50.2001331439678        24.7343785074047     
  -48.7001395842595        25.1953718526191     
  -47.2001341377650        25.9434162278280     
  -45.7001405780567        25.6884090019272     
  -44.2001351315621        26.0070105343851     
  -42.7001296850676        26.2623862506603     
  -41.2001361253593        28.3281403180910     
  -39.7001306788648        28.3202088599507     
  -38.2001371191565        28.1621175742250     
  -36.7001316726619        29.5827192884202     
  -35.2001381129536        30.2050400969230     
  -33.7001326664591        29.5118383818782     
  -32.2001391067508        29.7526349547904     
  -30.7001336602562        30.3439877133571     
  -29.2001401005480        31.2412825770017     
  -27.7001346540534        31.8452680176794     
  -26.2001410943451        32.3583403452496     
  -24.7001356478506        31.9442730605418     
  -23.2001302013560        32.9746761568642     
  -21.7001366416477        33.5100213502122     
  -20.2001311951532        33.3684705275844     
  -18.7001376354449        33.3663487362348     
  -17.2001321889504        34.2403276686062     
  -15.7001386292421        34.8423339593695     
  -14.2001331827475        35.6416668456471     
  -12.7001396230392        34.9060709073619     
  -11.2001341765447        35.9014614747191     
  -9.70014061683640        36.4124684731744     
  -8.20013517034184        35.2193947067149     
  -6.70014161063356        35.5307512429397     
  -5.20013616413901        36.8208449589542     
  -3.70013071764445        37.3348295973708     
  -2.20013715793617        36.8160100086380     
 -0.700131711441618        37.2048327309998     
  0.799861848266664        37.2239704568983     
   2.29986729476122        36.8581100339181     
   3.79986085446950        36.5551485404980     
   5.29986630096405        37.1764262835054     
   6.79985986067233        36.2340507829229     
   8.29986530716689        36.8440836261167     
   9.79985886687517        35.9200108046971     
   11.2998643133697        35.6489445305423     
   12.7998578730780        34.4285816744980     
   14.2998633195726        33.8487917872777     
   15.7998687660671        34.1817674160354     
   17.2998623257754        34.3064924926947     
   18.7998677722700        33.1923440153870     
   20.2998613319782        32.7673557457915     
   21.7998667784728        32.7140999715948     
   23.2998603381811        32.3130992366970     
   24.7998657846756        32.8818017240217     
   26.2998593443839        32.1105959457612     
   27.7998647908785        31.8021278986005     
   29.2998583505867        30.6328663367410     
   30.7998637970813        29.7804232893986     
   32.2998573567896        30.2233100874236     
   33.7998628032841        29.5002339067798     
   35.2998682497787        28.7007286621013     
   36.7998618094870        28.3311952221630     
   38.2998672559815        27.4388660634837     
   39.7998608156898        26.9992540750766     
   41.2998662621844        26.0344898125502     
   42.7998598218926        25.7752627775227     
   44.2998533816009        25.1243839650006     
   45.7998707148817        24.7872732204683     
   47.2998642745900        24.4367898413797     
   48.7998578342983        24.2713391491031     
   50.2998513940066        24.0543547807910     
   51.7998687272874        24.3554782798837     
   53.2998622869957        22.8318062419209     
   54.7998558467040        23.3707873060199     
   56.2998731799848        22.6581239501507     
   57.7998667396931        21.0877427855306     
   59.2998602994014        21.0682826305545     
   60.7998538591097        20.9867660219953     
   62.2998711923905        20.8202484906507     
   63.7998647520988        20.6239664464802     
   65.2998583118070        20.7254558276736     
   66.7998518715153        20.1485886040280     
   68.2998692047962        20.2902330350976     
   69.7998627645044        20.1935756325240     
   71.2998563242127        19.7615890175107     
   72.7998736574935        19.0733218046172     
   74.2998672172018        19.3239264620523     
   75.7998607769101        19.0476002849721     
   77.2998543366184        19.2395941709948     
   78.7998716698992        18.6322863735540     
   80.2998652296075        18.0774007894226     
   81.7998587893158        17.8603495579377     
   83.2998523490241        17.6073214819512     
   84.7998696823049        17.1211132913566     
   86.2998632420132        17.7349959674543     
   87.7998568017214        17.2721170807674     
   89.2998503614297        15.5744715247707     
   90.7998676947106        16.0184845957951     
   92.2998612544188        15.3469361477936     
   93.7998548141271        15.0888264706758     
   95.2998721474079        14.8916469741417     
   96.7998657071162        14.5322410761074     
   98.2998592668245        14.1843341579433     
   99.7998528265328        12.2530263295702     
   101.299870159814        12.5114829522624     
   102.799863719522        12.5469546083474     
   104.299857279230        10.6744313956360     
   105.799850838938        11.8919213640231     
   107.299868172219        11.0639754973397     
   108.799861731928        11.9773606120522     
   110.299855291636        11.9737975478671     
   111.799872624917        10.6639992548337     
   113.299866184625        11.1273216672334     
   114.799859744333        11.1587206131718     
   116.299853304042        10.9198118105045     
   117.799870637322        11.1514458999731     
   119.299864197031        10.2803398552590     
   120.799857756739        9.52669531786749     
   122.299851316447        9.12196807547327     
   123.799868649728        8.89648985544542     
   125.299862209436        9.91897040871729     
   126.799855769145        8.02286381204153     
   128.299849328853        8.43470158139905     
   129.799866662134        8.35373770840148     
   131.299860221842        7.95700507269955     
   132.799853781550        6.88115730660967     
   134.299871114831        8.19405210746697     
   135.799864674539        8.69657045467556     
   137.299858234248        7.76405727207843     
   138.799851793956        7.86810008354791     
   140.299869127237        7.25776189853179     
   141.799862686945        5.89644924549063     
   143.299856246653        6.94900485387984     
   144.799849806362        7.09006088902900     
   146.299867139642        5.97743466328832     
   147.799860699351        5.69420820677695     
   149.299854259059        6.14582733516733     
   150.799871592340        5.65832608510350     
   152.299865152048        5.31051871877444     
   153.799858711756        5.43597929033428     
   155.299852271465        4.22338927812588     
   156.799869604745        4.61020053337317     
   158.299863164454        5.34828972507898     
   159.799856724162        4.59777066955300     
   161.299850283870        4.05045548242876     
   162.799867617151        3.38750526698499     
   164.299861176859        0.000000    

  -176.261284580217        0.000000    
  -174.761279133722        2.87207917000187     
  -173.261273687228        3.79381605218794     
  -171.761280127520        4.61271533159392     
  -170.261274681025        5.11268953507816     
  -168.761281121317        4.60771062311118     
  -167.261275674822        4.23475118849189     
  -165.761282115114        5.08978406939340     
  -164.261276668619        5.46710929773329     
  -162.761283108911        4.29347599876010     
  -161.261277662417        5.08349224483462     
  -159.761284102708        4.99655563319726     
  -158.261278656214        4.69923070524274     
  -156.761273209719        4.70801875491872     
  -155.261279650011        5.23115250414429     
  -153.761286090303        7.32282719489009     
  -152.261280643808        5.89272682407703     
  -150.761275197313        6.77340878951978     
  -149.261281637605        5.66004929765092     
  -147.761276191111        6.57084903634917     
  -146.261282631402        6.86498979143099     
  -144.761277184908        7.70004172753281     
  -143.261283625200        7.92523912223497     
  -141.761278178705        8.13345475689879     
  -140.261272732210        7.61252972114746     
  -138.761279172502        8.62409374707645     
  -137.261285612794        8.26599019506311     
  -135.761280166299        7.95204011065842     
  -134.261274719805        8.38936092101144     
  -132.761281160096        9.12978363744734     
  -131.261275713602        8.31302620834281     
  -129.761282153894        8.93920502191512     
  -128.261276707399        9.12133584702841     
  -126.761283147691        9.49746496749963     
  -125.261277701196        10.0575733083495     
  -123.761272254702        9.79838787707397     
  -122.261278694993        9.36192068656013     
  -120.761285135285        10.5444947061205     
  -119.261279688791        10.3366869368106     
  -117.761274242296        9.52985943178837     
  -116.261280682588        10.4312359206692     
  -114.761287122879        10.7372976365339     
  -113.261281676385        10.7775559528659     
  -111.761276229890        11.4930193898265     
  -110.261282670182        11.5493464124263     
  -108.761289110474        11.6816998341758     
  -107.261271777193        11.5987672122019     
  -105.761278217485        12.4760306122051     
  -104.261284657776        13.1031833993276     
  -102.761279211282        13.4982526278756     
  -101.261273764787        13.4910507212428     
  -99.7612802050790        13.7459361075843     
  -98.2612807019776        13.9280847628770     
  -96.7612811988762        13.0773861014201     
  -95.2612816957748        13.4885782696982     
  -93.7612821926733        14.2513117410431     
  -92.2612826895719        14.2458467910544     
  -90.7612831864705        14.3684040150672     
  -89.2612836833691        14.8954076561486     
  -87.7612782368745        15.5048313015459     
  -86.2612787337731        15.1743504120571     
  -84.7612792306717        14.4813656308617     
  -83.2612797275703        16.1082120019720     
  -81.7612802244688        16.5747029858373     
  -80.2612807213674        17.2723355004652     
  -78.7612812182660        18.6578459357362     
  -77.2612817151646        18.3986605044606     
  -75.7612822120632        18.2334252601852     
  -74.2612827089618        19.3071512349255     
  -72.7612772624672        19.5891979278993     
  -71.2612837027589        19.7071415929902     
  -69.7612782562644        19.8216975239934     
  -68.2612846965561        19.1597966889002     
  -66.7612792500615        19.3743546669645     
  -65.2612856903533        20.0306553398751     
  -63.7612802438587        19.4871766130203     
  -62.2612866841504        20.0819275066126     
  -60.7612812376559        20.5835766325750     
  -59.2612757911613        21.8766910781510     
  -57.7612822314530        22.4240211237581     
  -56.2612767849585        22.2300718613935     
  -54.7612832252502        23.0890481836409     
  -53.2612777787556        23.0482111294022     
  -51.7612842190474        22.3845168754302     
  -50.2612787725528        23.5323019861921     
  -48.7612852128445        22.6936535543187     
  -47.2612797663500        24.0953389340098     
  -45.7612862066417        24.8994785394862     
  -44.2612807601471        25.5629647746985     
  -42.7612872004389        25.2001146803417     
  -41.2612817539443        25.3778726539551     
  -39.7612763074497        25.9772816819179     
  -38.2612827477415        26.1718624298032     
  -36.7612773012469        26.2981357603744     
  -35.2612837415386        26.7036505023592     
  -33.7612782950441        27.3324406942907     
  -32.2612847353358        27.6144071514572     
  -30.7612792888412        27.5873260806322     
  -29.2612857291330        28.2616456356834     
  -27.7612802826384        28.2278841909734     
  -26.2612867229301        29.2653361515553     
  -24.7612812764356        30.4507488842623     
  -23.2612877167273        30.1546014910729     
  -21.7612822702327        30.7450478821863     
  -20.2612768237382        31.0440540474743     
  -18.7612832640299        31.2036341531806     
  -17.2612778175353        31.7477725966736     
  -15.7612842578271        32.7749900342749     
  -14.2612788113325        32.5072163999176     
  -12.7612852516242        32.6351657673533     
  -11.2612798051297        33.1879399610731     
  -9.76128624542138        33.5521184037957     
  -8.26128079892683        34.7608262659000     
  -6.76128723921855        34.1640234158274     
  -5.26128179272399        34.5200653533466     
  -3.76128823301571        34.1375664012817     
  -2.26128278652116        34.5294321409292     
 -0.761277340026604        34.5775647102426     
  0.738716219681677        34.2390854994407     
   2.23872166617623        33.5041908815456     
   3.73871522588451        34.1167496668222     
   5.23872067237907        33.6389810944810     
   6.73871423208735        33.3589759570494     
   8.23871967858190        33.6786651304512     
   9.73871323829018        33.1233293342897     
   11.2387186847847        32.8547652286453     
   12.7387122444930        32.3977866454944     
   14.2387176909876        32.6916428606298     
   15.7387112506959        32.4136673919542     
   17.2387166971904        31.7888236130651     
   18.7387221436850        30.8445254248031     
   20.2387157033932        30.6797597085854     
   21.7387211498878        30.5948880546008     
   23.2387147095961        29.8791757380527     
   24.7387201560906        29.1922205291940     
   26.2387137157989        28.1372652758261     
   27.7387072755072        27.2376257435893     
   29.2387246087880        27.4445568624115     
   30.7387181684963        27.7586116991203     
   32.2387117282046        27.1411674446857     
   33.7387052879129        27.3630640274249     
   35.2387226211937        27.3335253635381     
   36.7387161809020        26.4809010427050     
   38.2387097406103        25.9294076502060     
   39.7387270738911        25.3452077652787     
   41.2387206335994        25.5925925894823     
   42.7387141933077        25.2383841887456     
   44.2387077530159        24.1345489843774     
   45.7387250862968        24.7494643250326     
   47.2387186460050        24.0197627468902     
   48.7387122057133        23.7847981284929     
   50.2387057654216        23.1011756773352     
   51.7387230987024        22.9175069992480     
   53.2387166584107        21.5454984673341     
   54.7387102181190        22.2131822239488     
   56.2387275513998        20.4962577864666     
   57.7387211111081        21.2151349598597     
   59.2387146708164        20.1850840095807     
   60.7387082305247        19.9766819009572     
   62.2387255638055        20.8352719026507     
   63.7387191235138        20.5111712456936     
   65.2387126832221        19.6715822718564     
   66.7387062429303        20.1412395984151     
   68.2387235762112        19.6494654201484     
   69.7387171359194        18.5526865092812     
   71.2387106956277        17.6945972384594     
   72.7387042553360        18.3595500059280     
   74.2387215886168        17.4725372124090     
   75.7387151483251        18.1759080731099     
   77.2387087080334        17.9281636736215     
   78.7387260413142        16.9039431920090     
   80.2387196010225        17.3721859910012     
   81.7387131607308        17.2356989393255     
   83.2387067204391        16.4451399871653     
   84.7387240537199        15.5957889901019     
   86.2387176134282        14.5742564080353     
   87.7387111731365        14.4255645985544     
   89.2387047328447        15.6645287892667     
   90.7387220661256        15.7503944757533     
   92.2387156258338        15.1098601389847     
   93.7387091855421        14.6639942151501     
   95.2387265188230        14.3554563331201     
   96.7387200785312        12.9962483841733     
   98.2387136382395        12.2814981543891     
   99.7387071979478        13.0094100282733     
   101.238724531229        11.8795955095828     
   102.738718090937        12.7158480110981     
   104.238711650645        12.4844182257686     
   105.738705210353        12.2314532983342     
   107.238722543634        12.5263414351029     
   108.738716103343        12.0223491263965     
   110.238709663051        12.3212728271047     
   111.738703222759        12.5878154361586     
   113.238720556040        11.7531906814385     
   114.738714115748        12.4668228103889     
   116.238707675457        11.9125820844127     
   117.738725008737        12.1423848658713     
   119.238718568446        11.6992997071003     
   120.738712128154        12.2125198765748     
   122.238705687862        10.7682188822490     
   123.738723021143        10.5327862216422     
   125.238716580851        10.1283316324081     
   126.738710140560        9.05483224953116     
   128.238703700268        8.93549262997744     
   129.738721033549        9.56679910597799     
   131.238714593257        8.97605777398013     
   132.738708152965        8.84888327642465     
   134.238725486246        9.18515154497982     
   135.738719045954        8.17772337774946     
   137.238712605663        7.42942492248399     
   138.738706165371        7.54534783390854     
   140.238723498652        7.49568335501437     
   141.738717058360        8.02569732471920     
   143.238710618068        7.39254616807401     
   144.738704177777        6.42518984321604     
   146.238721511057        7.23079375217639     
   147.738715070766        7.32156793846936     
   149.238708630474        7.30075491863061     
   150.738702190182        6.02910243713146     
   152.238719523463        5.76054353195603     
   153.738713083171        5.54406695229500     
   155.238706642880        4.19204753734639     
   156.738723976161        4.76209025982337     
   158.238717535869        4.99081134373115     
   159.738711095577        5.23460041508741     
   161.238704655285        4.08544460928350     
   162.738721988566        4.25181875626864     
   164.238715548274        5.03700859565451     
   165.738709107983        4.61704583641776     
   167.238702667691        3.17936206742502     
   168.738720000972        2.77238952254256     
   170.238713560680        3.57919083948882     
   171.738707120388        4.63202281565886     
   173.238724453669        2.95889468500407     
   174.738718013378        3.09865970372544     
   176.238711573086        2.52872117635938     
   177.738705132794        3.02595993315269     
   179.238722466075        1.90810779326599     
   180.738716025783        2.86187900726294     
   182.238709585491        1.98295610045746     
   183.738703145200        1.39897834984857     
   185.238720478481        2.66064518795481     
   186.738714038189        2.94506775233483     
   188.238707597897        1.64942996491049     
   189.738701157605        0.000000    

  -202.998114074759        0.000000    
  -201.498120515051       0.947516907107341     
  -199.998126955342        1.68187346219260     
  -198.498121508848        2.11256961797121     
  -196.998116062353        1.03949602349315     
  -195.498122502645        1.93636528446987     
  -193.998117056150        1.83363726300073     
  -192.498123496442        1.42203537205830     
  -190.998118049948        1.82668460741761     
  -189.498124490239        1.89688852433524     
  -187.998119043745       0.775363042461066     
  -186.498125484036        1.79171293928021     
  -184.998120037542        1.91754218694553     
  -183.498126477834        1.79822931266092     
  -181.998121031339        1.76867467590507     
  -180.498115584844        2.52233240020006     
  -178.998122025136        2.56350674199921     
  -177.498116578642        2.23797354156522     
  -175.998123018933        3.59006910623838     
  -174.498117572439        2.86409143535788     
  -172.998124012731        3.39508680785433     
  -171.498118566236        4.02363629236383     
  -169.998125006528        3.71359881795310     
  -168.498119560033        4.43671103041782     
  -166.998126000325        4.27091896449796     
  -165.498120553830        4.60404837855309     
  -163.998115107336        4.47133983906368     
  -162.498121547627        5.13032543982355     
  -160.998127987919        4.78229519625188     
  -159.498122541425        5.60237423919539     
  -157.998117094930        5.32885817268232     
  -156.498123535222        5.98482490119108     
  -154.998118088727        4.96718375578035     
  -153.498124529019        6.20198162790414     
  -151.998119082524        6.16592640490560     
  -150.498125522816        6.43193262272903     
  -148.998120076322        6.10629336987377     
  -147.498114629827        7.63516290513416     
  -145.998121070119        7.29127892119912     
  -144.498127510410        7.45312643138692     
  -142.998122063916        7.96584958461033     
  -141.498116617421        6.99321626957157     
  -139.998123057713        7.63690803394377     
  -138.498129498005        8.21457167226962     
  -136.998124051510        8.25634332507895     
  -135.498118605016        8.05646849975761     
  -133.998125045307        8.50978669566079     
  -132.498119598813        8.99004703557441     
  -130.998114152318        8.62326315788567     
  -129.498120592610        9.39231148443783     
  -127.998127032902        9.32184290079461     
  -126.498121586407        9.35168616357963     
  -124.998116139913        9.37119163692842     
  -123.498122580204        9.83584536939058     
  -121.998129020496        9.56128958054075     
  -120.498123574001        10.4016690256650     
  -118.998118127507        10.4235377407096     
  -117.498124567799        10.1864223569211     
  -115.998131008090        10.5670461684516     
  -114.498113674810        10.5835361127079     
  -112.998120115101        10.6894369774566     
  -111.498126555393        10.9178527195420     
  -109.998121108898        11.2751063663368     
  -108.498115662404        12.0352254876260     
  -106.998122102696        12.1240234957012     
  -105.498128542987        12.4650605943240     
  -103.998123096493        12.9257181378263     
  -102.498117649998        13.2602241903166     
  -100.998124090290        12.6063231623847     
  -99.4981186437954        13.4066708830402     
  -97.9981250840871        13.6980680192656     
  -96.4981196375925        13.6335391141378     
  -94.9981260778843        14.3804423578646     
  -93.4981206313897        14.3218092987279     
  -91.9981270716814        14.7125532229210     
  -90.4981216251869        15.0187167193931     
  -88.9981280654786        14.7972644052909     
  -87.4981226189840        14.3590714019952     
  -85.9981171724895        16.3292245049821     
  -84.4981236127812        17.1292289946840     
  -82.9981181662866        17.4103158296664     
  -81.4981246065784        17.5376619426987     
  -79.9981191600838        17.7927791213725     
  -78.4981256003755        17.1341501242008     
  -76.9981201538810        17.6439327836701     
  -75.4981265941727        18.4212944313715     
  -73.9981211476781        19.2786853534998     
  -72.4981275879698        18.8360734374073     
  -70.9981221414753        18.6201395638320     
  -69.4981285817670        17.9165844579439     
  -67.9981231352725        18.5734363805679     
  -66.4981176887779        19.8202547653096     
  -64.9981241290696        20.0537766250231     
  -63.4981186825751        20.4500493906811     
  -61.9981251228668        21.4830274620798     
  -60.4981196763722        21.0207488580997     
  -58.9981261166640        20.7108514248897     
  -57.4981206701694        21.2791913652332     
  -55.9981271104611        21.4415217761133     
  -54.4981216639666        21.4715656284167     
  -52.9981281042583        22.5479988187305     
  -51.4981226577637        21.8491211632406     
  -49.9981290980554        23.4673971614485     
  -48.4981236515609        24.0720497480057     
  -46.9981182050663        24.1295595058396     
  -45.4981246453581        24.3468900768019     
  -43.9981191988635        23.9372818227946     
  -42.4981256391552        24.0994547337566     
  -40.9981201926607        25.3179275907836     
  -39.4981266329524        26.1529505528439     
  -37.9981211864578        26.4296541353883     
  -36.4981276267495        25.7629183499789     
  -34.9981221802550        26.2750129893781     
  -33.4981286205467        26.0568250839559     
  -31.9981231740522        27.2062267976509     
  -30.4981296143439        27.4136601331931     
  -28.9981241678493        27.9312375527605     
  -27.4981187213548        27.8913752149962     
  -25.9981251616465        28.6035898446836     
  -24.4981197151519        29.1665391274526     
  -22.9981261554437        28.6044159763296     
  -21.4981207089491        30.4048450873750     
  -19.9981271492408        31.2291134795554     
  -18.4981217027463        30.7893885666788     
  -16.9981281430380        31.4947861244391     
  -15.4981226965434        31.2765120398164     
  -13.9981291368351        31.4083662165425     
  -12.4981236903406        32.1008309508384     
  -10.9981301306323        32.6914913041048     
  -9.49812468413775        32.6701604661391     
  -7.99811923764320        32.6235969526137     
  -6.49812567793492        33.6945339901248     
  -4.99812023144036        33.3008644306604     
  -3.49812667173208        33.7820385672687     
  -1.99812122523753        33.6356082188762     
 -0.498127665529244        34.1294625847405     
   1.00186589417904        33.7521522148835     
   2.50188322745986        32.9675559718871     
   4.00187678716815        32.7499118869369     
   5.50187034687643        32.5040723449486     
   7.00186390658471        32.4151651270245     
   8.50188123986554        31.9376164602293     
   10.0018747995738        31.9159735941239     
   11.5018683592821        30.6311902998766     
   13.0018856925629        31.5550134987845     
   14.5018792522712        31.0948611436989     
   16.0018728119795        30.7586374505922     
   17.5018663716878        30.5384198764140     
   19.0018837049686        29.5318705884437     
   20.5018772646769        29.6043799847050     
   22.0018708243852        29.1093696288757     
   23.5018643840934        29.3100453264221     
   25.0018817173743        29.5260430914736     
   26.5018752770826        27.9635814982076     
   28.0018688367908        28.3340837112271     
   29.5018861700717        27.6774903262046     
   31.0018797297799        27.1922003898495     
   32.5018732894882        26.2706713406921     
   34.0018668491965        26.7474592531659     
   35.5018841824773        25.8174668121827     
   37.0018777421856        25.9983302087097     
   38.5018713018939        25.2726300199962     
   40.0018648616022        24.5145858858357     
   41.5018821948830        24.2506754570169     
   43.0018757545913        24.4410155938995     
   44.5018693142996        24.0145786222271     
   46.0018628740078        23.8020087091669     
   47.5018802072887        23.7303165294618     
   49.0018737669970        23.5564514783527     
   50.5018673267052        24.1630579554034     
   52.0018846599861        22.7917878900867     
   53.5018782196943        22.0625053211604     
   55.0018717794026        20.9693073046578     
   56.5018653391109        20.7704577146524     
   58.0018826723917        21.1653917310065     
   59.5018762321000        20.3050677443655     
   61.0018697918083        20.0260224649255     
   62.5018633515166        19.6207588313007     
   64.0018806847974        19.8645196715396     
   65.5018742445057        19.4410172502281     
   67.0018678042140        19.8577709486334     
   68.5018851374948        18.2257330236187     
   70.0018786972031        18.8212818177396     
   71.5018722569114        18.9175707299388     
   73.0018658166196        18.1459281122827     
   74.5018831499005        18.2102029373539     
   76.0018767096088        18.8398712656213     
   77.5018702693170        17.7502645444211     
   79.0018638290253        17.4613220295611     
   80.5018811623061        16.5872509745961     
   82.0018747220144        16.3237298380277     
   83.5018682817227        15.8352453278619     
   85.0018618414310        15.5349256726909     
   86.5018791747118        15.1103578981598     
   88.0018727344201        15.3779294571505     
   89.5018662941284        15.8458736006377     
   91.0018836274092        14.4126689212972     
   92.5018771871175        14.4350309379721     
   94.0018707468258        13.4348128495400     
   95.5018643065340        13.3676539929495     
   97.0018816398149        13.6165870710651     
   98.5018751995232        13.3543630800487     
   100.001868759231        13.5388623473268     
   101.501862318940        12.8946505360552     
   103.001879652221        12.5559751932798     
   104.501873211929        12.3554651678171     
   106.001866771637        11.4638061267139     
   107.501884104918        11.5450760844580     
   109.001877664626        11.4195560789668     
   110.501871224334        11.0088066934773     
   112.001864784043        10.7908550379323     
   113.501882117324        10.7247251312785     
   115.001875677032        10.4558839149291     
   116.501869236740        11.1085747194336     
   118.001862796448        10.6118496946845     
   119.501880129729        10.6008194999479     
   121.001873689438        10.8506455728822     
   122.501867249146        10.5097518586188     
   124.001860808854        10.5581585669406     
   125.501878142135        9.88681368015400     
   127.001871701843        9.73005817203563     
   128.501865261552        9.16024501311853     
   130.001882594832        9.83570941427259     
   131.501876154541        9.36509074387414     
   133.001869714249        8.31192370891605     
   134.501863273957        9.00903543372035     
   136.001880607238        8.96576233121999     
   137.501874166946        8.49887685463520     
   139.001867726655        8.21151008188034     
   140.501861286363        7.93252423637164     
   142.001878619644        6.76740967707295     
   143.501872179352        6.51975888602646     
   145.001865739060        7.40044642340027     
   146.501883072341        6.27852398787046     
   148.001876632049        6.67419647082172     
   149.501870191758        6.43556775055595     
   151.001863751466        6.23296490778510     
   152.501881084747        6.65303056201552     
   154.001874644455        6.36153461687930     
   155.501868204163        5.79546170955522     
   157.001861763872        5.14803340821071     
   158.501879097152        5.00210676238645     
   160.001872656861        4.77422183960052     
   161.501866216569        4.91216799429119     
   163.001859776277        4.35162615720445     
   164.501877109558        3.65338778793878     
   166.001870669266        3.92650118956687     
   167.501864228975        3.71385549824417     
   169.001881562255        3.62440854593092     
   170.501875121964        3.19364218382089     
   172.001868681672        2.57933455511395     
   173.501862241380        2.86984426845163     
   175.001879574661        2.04606862070845     
   176.501873134369        1.94215470657761     
   178.001866694078        2.53450818396366     
   179.501860253786        3.46945537178109     
   181.001877587067        2.87139066505325     
   182.501871146775        1.78478702896621     
   184.001864706483        1.37670539120523     
   185.501882039764        1.78218976616570     
   187.001875599472        1.72421289477747     
   188.501869159181        1.63942444829677     
   190.001862718889        1.61494751232061     
   191.501880052170        1.91222507886107     
   193.001873611878        1.91681542140359     
   194.501867171586        1.59836414535343     
   196.001860731295        1.78204768192354     
   197.501878064576        1.52947864019134     
   199.001847850711        1.11689776096076     
   200.501865183992        1.00668450016419     
   202.001882517273        0.000000    

  -202.995546528924        0.000000    
  -201.495552969216       0.946241770683078     
  -199.995559409508        1.68161436739807     
  -198.495553963013        2.10636657284739     
  -196.995548516518        1.03907023509426     
  -195.495554956810        1.90845492457135     
  -193.995549510316        1.83186873208064     
  -192.495555950607        1.42160029710763     
  -190.995550504113        1.82543686632109     
  -189.495556944404        1.89661809994754     
  -187.995551497910       0.776697659249450     
  -186.495557938202        1.76631013409205     
  -184.995552491707        1.91754218694553     
  -183.495558931999        1.79837641164104     
  -181.995553485504        1.76865238818081     
  -180.495548039010        2.48386805993997     
  -178.995554479301        2.54752867247674     
  -177.495549032807        2.21853363127196     
  -175.995555473099        3.59025149411524     
  -174.495550026604        2.86163551387539     
  -172.995556466896        3.39249883160559     
  -171.495551020401        4.02356534310827     
  -169.995557460693        3.71352861162168     
  -168.495552014198        4.43652195622367     
  -166.995558454490        4.27055641751665     
  -165.495553007995        4.60327276574882     
  -163.995547561501        4.47137289918800     
  -162.495554001793        5.12846552923399     
  -160.995560442084        4.78468109713398     
  -159.495554995590        5.60437790560642     
  -157.995549549095        5.29103701899819     
  -156.495555989387        5.81151890049881     
  -154.995550542892        5.79411775978230     
  -153.495556983184        5.27487433282643     
  -151.995551536690        6.16688960605573     
  -150.495557976981        6.42939776555645     
  -148.995552530487        6.10307910857331     
  -147.495547083992        7.63024028976912     
  -145.995553524284        7.28336529323830     
  -144.495559964576        7.44804928780034     
  -142.995554518081        7.96875070338492     
  -141.495549071587        6.98651880843124     
  -139.995555511878        7.60773488873485     
  -138.495561952170        8.19897769452857     
  -136.995556505675        8.24993114680916     
  -135.495551059181        8.01687287176026     
  -133.995557499473        8.48257561311095     
  -132.495552052978        8.92955295146197     
  -130.995546606483        8.54599161787396     
  -129.495553046775        9.30010196870247     
  -127.995559487067        9.34295680491087     
  -126.495554040572        9.34730959745898     
  -124.995548594078        9.11623864448999     
  -123.495555034370        9.81047748163709     
  -121.995561474661        9.45077738564254     
  -120.495556028167        10.1149693987897     
  -118.995550581672        10.2864756657479     
  -117.495557021964        10.1888034287963     
  -115.995563462256        10.5649444360538     
  -114.495546128975        10.5841980581184     
  -112.995552569266        10.6925275418874     
  -111.495559009558        10.9219544037301     
  -109.995553563064        11.2859300281620     
  -108.495548116569        12.0273326615412     
  -106.995554556861        12.1292930566406     
  -105.495560997152        12.3877786533743     
  -103.995555550658        12.9187628820086     
  -102.495550104163        13.2577933425239     
  -100.995556544455        12.6043989888568     
  -99.4955510979605        13.4084226981671     
  -97.9955575382523        13.6901870799670     
  -96.4955520917577        13.6241277511067     
  -94.9955585320494        14.3909993099227     
  -93.4955530855549        14.3331819814940     
  -91.9955595258466        14.7346284708770     
  -90.4955540793520        15.0161907773103     
  -88.9955605196437        14.7864147411208     
  -87.4955550731492        15.5282155818402     
  -85.9955496266547        15.4119850998208     
  -84.4955560669464        17.1172471141215     
  -82.9955506204518        17.3840787206667     
  -81.4955570607435        17.5076270054850     
  -79.9955516142490        17.7824569333432     
  -78.4955580545407        17.0961421250949     
  -76.9955526080461        17.6475597393314     
  -75.4955590483379        18.4022399129769     
  -73.9955536018433        19.3263038193068     
  -72.4955600421350        18.8635646023586     
  -70.9955545956405        18.5943303791381     
  -69.4955610359322        17.8328182750826     
  -67.9955555894376        19.3958578633312     
  -66.4955501429431        19.6079849936028     
  -64.9955565832348        19.8203899775034     
  -63.4955511367402        21.1262931192602     
  -61.9955575770320        20.7589542772374     
  -60.4955521305374        20.0016872417294     
  -58.9955585708291        20.7141693241080     
  -57.4955531243346        21.2829149010330     
  -55.9955595646263        21.4281550849500     
  -54.4955541181317        22.4323597043281     
  -52.9955605584234        21.9334579118429     
  -51.4955551119289        22.4921101213744     
  -49.9955615522206        23.4631610079907     
  -48.4955561057261        23.5658672989286     
  -46.9955506592315        23.7838026101425     
  -45.4955570995232        23.9809003850210     
  -43.9955516530287        23.8549034222306     
  -42.4955580933204        24.0414412733544     
  -40.9955526468258        25.2769865271651     
  -39.4955590871176        25.9201805323621     
  -37.9955536406230        26.3990516041301     
  -36.4955600809147        25.7879281482959     
  -34.9955546344202        26.3337456003498     
  -33.4955610747119        26.0507568795639     
  -31.9955556282173        27.2345500376413     
  -30.4955620685090        27.4683928405842     
  -28.9955566220145        27.7619816030285     
  -27.4955511755199        27.7981828106209     
  -25.9955576158117        28.4492874720822     
  -24.4955521693171        28.9677058817784     
  -22.9955586096088        28.4929595248468     
  -21.4955531631143        30.1804255342495     
  -19.9955596034060        30.7834511169357     
  -18.4955541569114        30.7283439757771     
  -16.9955605972031        31.4153705053535     
  -15.4955551507086        31.2684795439929     
  -13.9955615910003        31.3875197651173     
  -12.4955561445058        32.0765046427321     
  -10.9955625847975        32.6872536647987     
  -9.49555713830292        32.6460718937581     
  -7.99555169180837        33.4897187192590     
  -6.49555813210009        33.5708816959267     
  -4.99555268560553        33.2588446411877     
  -3.49555912589725        33.7790282386453     
  -1.99555367940270        33.6310347778579     
 -0.495560119694415        34.1264641429033     
   1.00443344001387        33.7518282999576     
   2.50445077329469        32.9632054081114     
   4.00444433300297        32.7464082566831     
   5.50443789271126        32.5025122042504     
   7.00443145241954        32.4118249400820     
   8.50444878570037        31.9340979714927     
   10.0044423454086        31.9181637344946     
   11.5044359051169        30.6304978945762     
   13.0044532383978        31.5573314221076     
   14.5044467981060        31.0207856633461     
   16.0044403578143        30.7234941669780     
   17.5044339175226        30.5141767758116     
   19.0044512508034        29.9316945315006     
   20.5044448105117        29.5089112607586     
   22.0044383702200        28.9971137910162     
   23.5044319299283        29.2303028207141     
   25.0044492632091        29.0287593877697     
   26.5044428229174        27.9085783664288     
   28.0044363826257        28.3607695464086     
   29.5044537159065        27.6705603298078     
   31.0044472756148        26.9418230672018     
   32.5044408353231        26.7752089557187     
   34.0044343950313        26.8135022376951     
   35.5044517283122        25.8648624007471     
   37.0044452880204        25.9558943817174     
   38.5044388477287        25.2819760057029     
   40.0044324074370        24.5273938980442     
   41.5044497407178        24.2417247069538     
   43.0044433004261        24.4023196470382     
   44.5044368601344        23.9860711370495     
   46.0044304198427        23.8050026934593     
   47.5044477531235        23.3361224655532     
   49.0044413128318        23.5419778302178     
   50.5044348725401        23.9526202346308     
   52.0044522058209        22.7841357714239     
   53.5044457655292        22.1320192472812     
   55.0044393252375        20.9704008889948     
   56.5044328849457        20.7719747657504     
   58.0044502182266        21.0735351042386     
   59.5044437779348        20.1411103296144     
   61.0044373376431        19.9887172720580     
   62.5044308973514        19.5992808943548     
   64.0044482306322        19.7334619094937     
   65.5044417903405        19.7086006960051     
   67.0044353500488        19.5496609909092     
   68.5044526833296        18.2263154761461     
   70.0044462430379        18.8131854304398     
   71.5044398027462        18.6943710582545     
   73.0044333624545        18.2126679596571     
   74.5044506957353        18.2351473583464     
   76.0044442554436        18.7490621618936     
   77.5044378151519        17.7900050426262     
   79.0044313748601        17.3334974733813     
   80.5044487081410        16.5464644391991     
   82.0044422678493        16.3042652255067     
   83.5044358275575        15.8136916126536     
   85.0044293872658        15.5180553512739     
   86.5044467205466        15.0871014008180     
   88.0044402802549        15.3311074060237     
   89.5044338399632        15.6866367258850     
   91.0044511732440        15.5271234833514     
   92.5044447329523        14.1036347659403     
   94.0044382926606        13.4421425391252     
   95.5044318523689        13.3326622658603     
   97.0044491856497        13.5473628853598     
   98.5044427453580        13.3241721287652     
   100.004436305066        13.4813823064585     
   101.504429864775        12.9937313571801     
   103.004447198055        12.5367275146083     
   104.504440757764        12.2017504482120     
   106.004434317472        11.4634970702708     
   107.504451650753        11.5436660144364     
   109.004445210461        11.4205969156897     
   110.504438770169        11.0088899009812     
   112.004432329878        10.7901188001075     
   113.504449663158        10.7241434216753     
   115.004443222867        10.4547234674192     
   116.504436782575        11.1071817366673     
   118.004430342283        10.6083468073549     
   119.504447675564        10.6067198034838     
   121.004441235272        10.8533238144142     
   122.504434794981        10.5112897115928     
   124.004428354689        9.71982884952413     
   125.504445687970        10.4388991831942     
   127.004439247678        9.70143107607109     
   128.504432807386        9.16076060247309     
   130.004450140667        9.53057486773713     
   131.504443700375        9.34316630951893     
   133.004437260084        8.26606894502216     
   134.504430819792        8.97230823583534     
   136.004448153073        8.83774832938402     
   137.504441712781        8.49461692760484     
   139.004435272489        8.19888854363153     
   140.504428832198        7.92584609125900     
   142.004446165478        6.75470270254781     
   143.504439725187        6.50925765327897     
   145.004433284895        7.30642863030323     
   146.504450618176        6.22704380237318     
   148.004444177884        6.43527355259570     
   149.504437737592        6.42676781409369     
   151.004431297301        6.07372951888065     
   152.504448630582        6.31495253025038     
   154.004442190290        6.33017876054112     
   155.504435749998        5.77317881430147     
   157.004429309706        5.14136306380157     
   158.504446642987        5.00352760480807     
   160.004440202696        4.77585924440954     
   161.504433762404        4.90810717093089     
   163.004427322112        4.88164458445414     
   164.504444655393        3.65387291740352     
   166.004438215101        3.93411541909845     
   167.504431774809        3.71833904544127     
   169.004449108090        3.58176915772371     
   170.504442667799        3.15922139393480     
   172.004436227507        2.58119242266211     
   173.504429787215        2.87006640277010     
   175.004447120496        2.08475528101804     
   176.504440680204        2.47096922525515     
   178.004434239913        2.51771754116085     
   179.504427799621        3.46807650457350     
   181.004445132902        2.81042408118649     
   182.504438692610        1.78383032840232     
   184.004432252318        1.36745830727500     
   185.504449585599        1.77131985731274     
   187.004443145307        1.72445880266848     
   188.504436705016        1.63904760002573     
   190.004430264724        1.61502254765895     
   191.504447598005        1.85999119682171     
   193.004441157713        1.91761016450452     
   194.504434717421        1.60002829543156     
   196.004428277130        1.77448341404050     
   197.504445610410        1.53546215123118     
   199.004415396546        1.11594876823484     
   200.504432729827        1.00609452552991     
   202.004450063108        1.04128990669958     
   203.504419849244        0.00000000000000     
   205.004437182524        0.00000000000000     
   206.504454515805        0.00000000000000     
   208.004424301941        0.00000000000000     
   209.504441635222        0.00000000000000     
   211.004458968503        1.14587319548239     
   212.504428754638       0.873864336322449     
   214.004446087919        0.000000    

